-121244	88316.3	0
-8512.31	4083.96	0
-8483.78	4047.12	0
-8435.13	4027.17	0
-8447.49	3990.87	0
-8430.43	3963.32	0
-8408.65	3935.5	0
-8352.92	3906.11	0
-8348.52	3871.09	0
-8337.73	3847.7	0
-8331.39	3814.91	0
-8280.63	3790.53	0
-8251.28	3762.08	0
-8246.76	3728.78	0
-8231.33	3707.78	0
-8220.35	3669.58	0
-8161.49	3658.78	0
-8148.54	3616.3	0
-8142.88	3601.53	0
-8136.36	3571.11	0
-8088.49	3536.89	0
-8055.39	3524.89	0
-8055.92	3488.55	0
-8034.97	3466.86	0
-8011.43	3436.59	0
-7979.93	3416.34	0
-7967.9	3398.89	0
-7952.47	3375.27	0
-7932.1	3332.29	0
-7869.1	3310.88	0
-7821.22	3259.6	0
-7788.92	3251.82	0
-7786.94	3211.1	0
-7768.59	3192.22	0
-7722.42	3170.29	0
-7696.01	3142.88	0
-7688.87	3121.12	0
-7676.52	3102.58	0
-7653.46	3074.73	0
-7610.79	3051.11	0
-7589.02	3036.16	0
-7587.68	3006.5	0
-7569.51	2985.77	0
-7533.68	2965.72	0
-7506.33	2940.2	0
-7481.56	2923.56	0
-7490.56	2896.71	0
-7452.5	2876.64	0
-7419.88	2857.47	0
-7404.33	2829.32	0
-7374.19	2821.11	0
-7391.95	2779.13	0
-7327.5	2782.02	0
-7325.08	2743.66	0
-7288.21	2730.86	0
-7282.08	2712.57	0
-7276.69	2688.92	0
-7217.72	2671.26	0
-7221.24	2652.53	0
-7179.81	2626.61	0
-7186.76	2618.59	0
-7150.78	2588.16	0
-7119.9	2579.44	0
-7104.54	2554.77	0
-7087.19	2533.5	0
-7071.73	2525.96	0
-7040.43	2491.52	0
-7016.48	2487.83	0
-6997.82	2461.13	0
-6982.58	2440.23	0
-6961.48	2433.19	0
-6931.7	2399.55	0
-6911.13	2390.96	0
-6898.02	2372.38	0
-6871.51	2350.45	0
-6856.23	2339.06	0
-6821.77	2316.12	0
-6816.82	2300.33	0
-6778.67	2288.64	0
-6774	2262.25	0
-6738.8	2256.34	0
-6728.41	2232.21	0
-6698.99	2216.38	0
-6679.89	2203.55	0
-6661.28	2180.46	0
-6633.2	2176.94	0
-6631.14	2144.36	0
-6585.14	2143.69	0
-6580.13	2120.61	0
-6550.17	2101.57	0
-6542.55	2096.48	0
-6516.07	2070.12	0
-6480.09	2064.02	0
-6475.95	2043.15	0
-6449.63	2030.38	0
-6443.62	2013.72	0
-6407.44	2008.42	0
-6369.75	1977.53	0
-6376.69	1981.06	0
-6350.61	1949.08	0
-6337.12	1948.09	0
-6289.91	1928.58	0
-6279.9	1910.91	0
-6265.12	1905.98	0
-6259.81	1880.07	0
-6212.46	1883.3	0
-6196.77	1851.64	0
-6165.05	1853.76	0
-6180.99	1827.81	0
-6142.85	1824.71	0
-6110.35	1802.85	0
-6081.92	1800.3	0
-6079.56	1773.98	0
-6075.45	1775.58	0
-6037.18	1749.76	0
-6001.43	1749.15	0
-5978.77	1731	0
-5994.36	1714.74	0
-5962.83	1715.29	0
-5928.06	1685.79	0
-5891.86	1690.35	0
-5893.42	1666.99	0
-5891.84	1656.18	0
-5859.03	1650.67	0
-5808.11	1632.04	0
-5801.34	1624.58	0
-5794.81	1608.1	0
-5796.19	1602.44	0
-5738.23	1587.46	0
-5708.37	1576.61	0
-5705.55	1570.26	0
-5703.9	1550.22	0
-5685.28	1552.85	0
-5625.92	1527.18	0
-5617.56	1530.16	0
-5607.94	1509.55	0
-5616.28	1501.99	0
-5566.9	1496.69	0
-5523.41	1478.8	0
-5526.26	1478.88	0
-5519.73	1455.41	0
-5506.53	1458.75	0
-5456.63	1439.05	0
-5425.02	1436.38	0
-5440.65	1418.29	0
-5416.08	1421.87	0
-5401.62	1400.13	0
-5347.66	1403.43	0
-5340.71	1383.04	0
-5340.57	1385.05	0
-5328.04	1372.81	0
-5284.7	1364.55	0
-5259.09	1356.39	0
-5253.62	1357.04	0
-5244.48	1333.25	0
-5225.79	1347.01	0
-5181.14	1317.81	0
-5175.33	1332.07	0
-5159.54	1308.3	0
-5149.8	1309.32	0
-5120.97	1301.9	0
-5086.84	1292.36	0
-5089.52	1290.79	0
-5058.98	1279.36	0
-5051.39	1275.23	0
-5018.28	1271.01	0
-5005.69	1261.95	0
-4987.13	1255.06	0
-4964.67	1252.66	0
-4947.3	1236.72	0
-4932.71	1248.58	0
-4908.71	1217.27	0
-4891.29	1234.1	0
-4865.72	1214.37	0
-4852.16	1215.28	0
-4845.79	1202.75	0
-4810.84	1204.44	0
-4793.61	1192.29	0
-4769.33	1190.82	0
-4769.11	1186.95	0
-4751.03	1175.28	0
-4719.72	1173.16	0
-4684.54	1173.38	0
-4695.82	1160.19	0
-4674.91	1162.88	0
-4656.24	1148.35	0
-4615.89	1154.33	0
-4594.14	1140.44	0
-4607.96	1141.96	0
-4587.32	1133.26	0
-4553.32	1132.5	0
-4516.78	1124.48	0
-4512.28	1122.7	0
-4524.74	1121	0
-4490.96	1112.44	0
-4449.36	1114.19	0
-4426.19	1105.89	0
-4435.66	1102.51	0
-4430.35	1101.07	0
-4387.41	1097.8	0
-4348.98	1089.9	0
-4346.95	1097.61	0
-4351.04	1078.35	0
-4330.45	1092.94	0
-4285	1075.9	0
-4261.89	1077.54	0
-4259.34	1079.3	0
-4266.56	1066.05	0
-4220.18	1075.35	0
-4196.03	1061.03	0
-4171.41	1067.69	0
-4181.07	1060.09	0
-4164.56	1055.69	0
-4121.66	1065.1	0
-4107.66	1044.19	0
-4089.71	1058	0
-4093.01	1044.47	0
-4062.93	1045.8	0
-4035.87	1045.81	0
-4023.05	1037.68	0
-4007.86	1042.79	0
-3994.56	1033.79	0
-3973.63	1032.63	0
-3948.95	1034.7	0
-3942.59	1025.04	0
-3915.65	1031.85	0
-3897.76	1019.15	0
-3890.02	1028.72	0
-3867.34	1017.09	0
-3854.45	1023.34	0
-3817.47	1011.73	0
-3818.26	1024.93	0
-3804.84	1006.45	0
-3789.74	1021.12	0
-3758.41	1003.56	0
-3726.89	1016.19	0
-3743.76	1006.68	0
-3723.86	1004.84	0
-3700.16	1012	0
-3661.96	995.326	0
-3646.59	1011.28	0
-3669.92	996.505	0
-3636.75	1002.46	0
-3612.96	1006.81	0
-3568.74	987.365	0
-3585.1	1015.72	0
-3587.64	984.521	0
-3553.18	1009.86	0
-3517.7	988.017	0
-3499.49	1001.86	0
-3512.33	999.156	0
-3510.13	992.121	0
-3456.3	999.53	0
-3441.96	998.202	0
-3432.41	993.666	0
-3443.22	1001.39	0
-3417.47	990.519	0
-3380.06	1001.79	0
-3368.36	994.598	0
-3366.97	999.339	0
-3362.39	996.802	0
-3333.29	1002.78	0
-3306.56	996.404	0
-3304.42	1003.19	0
-3296.62	1001.74	0
-3274.24	1005.44	0
-3261.22	1004.81	0
-3235.48	1006.71	0
-3242.84	1012.24	0
-3204.69	1008.21	0
-3206.58	1016.22	0
-3189.73	1010.87	0
-3176.58	1020.3	0
-3157.48	1015.21	0
-3135.06	1023.34	0
-3129.21	1020.15	0
-3138.35	1026.94	0
-3095.23	1028.64	0
-3084.84	1030.22	0
-3058.32	1031.79	0
-3076.67	1032.68	0
-3065.77	1039.79	0
-3022.45	1038.48	0
-3002.96	1046.67	0
-3007.01	1038.68	0
-3009.54	1051.53	0
-2997.41	1051.58	0
-2937.21	1050	0
-2944.35	1061.59	0
-2951.62	1051.38	0
-2942.62	1068.69	0
-2915.46	1061.15	0
-2874.96	1067.37	0
-2882.94	1076.62	0
-2894.45	1068.97	0
-2870.55	1082.73	0
-2836.13	1078.26	0
-2826.14	1084.21	0
-2825.94	1092.99	0
-2829.41	1083.34	0
-2796.04	1102.91	0
-2778.16	1093.24	0
-2773.41	1102.72	0
-2759.84	1109.26	0
-2762.26	1104.88	0
-2722.82	1115.17	0
-2738.36	1116.45	0
-2703.24	1114.55	0
-2702.65	1131.82	0
-2681.82	1119.85	0
-2684.32	1137.87	0
-2673.17	1132.93	0
-2651.43	1139.67	0
-2625.05	1145.69	0
-2642.68	1146.26	0
-2628.77	1159.13	0
-2619.85	1151.22	0
-2578.53	1166.92	0
-2576.07	1163.87	0
-2591.34	1174.91	0
-2576.72	1172.87	0
-2557.73	1187.3	0
-2513.33	1180.27	0
-2531.5	1198.09	0
-2546.38	1187.01	0
-2513.88	1210.95	0
-2490.85	1194.45	0
-2468.62	1219.02	0
-2485.3	1207.98	0
-2491.15	1224.9	0
-2446.47	1222.06	0
-2434.26	1234.12	0
-2430.71	1231.15	0
-2430.33	1244.2	0
-2435.85	1244.2	0
-2385.45	1254.58	0
-2399.37	1254.44	0
-2381.51	1273.2	0
-2380.35	1256.95	0
-2370.67	1288.98	0
-2353.43	1276.76	0
-2350.25	1287.45	0
-2338.5	1295.98	0
-2318.65	1295.98	0
-2320.92	1307	0
-2321.48	1312.17	0
-2300.1	1316.02	0
-2282.54	1324	0
-2264.82	1328.67	0
-2294.79	1336.76	0
-2265.16	1340.55	0
-2261.46	1349.57	0
-2216.15	1352.94	0
-2241.23	1361.02	0
-2246.91	1369.1	0
-2227.99	1368.74	0
-2192.45	1387.25	0
-2187.4	1379.73	0
-2202.92	1401.31	0
-2207.75	1396.66	0
-2170.74	1408.14	0
-2154.83	1417.56	0
-2150.08	1420.01	0
-2178.98	1430.6	0
-2142.82	1439.16	0
-2138.27	1437.21	0
-2115.24	1454.89	0
-2132.24	1459.5	0
-2115.4	1460.49	0
-2109.91	1481.42	0
-2098.17	1471.37	0
-2093.44	1494.28	0
-2089.33	1492.91	0
-2068.88	1501.95	0
-2073.3	1512.61	0
-2078.98	1513.27	0
-2050.87	1530.8	0
-2045.08	1526.96	0
-2025.5	1547.44	0
-2057.13	1545.43	0
-2040.13	1558.33	0
-2016.55	1565.69	0
-1993.66	1573.45	0
-2018.35	1580.51	0
-2020.28	1589.35	0
-2014.88	1604.97	0
-1964.75	1592.72	0
-1984	1628.5	0
-1991.56	1612.74	0
-1988.9	1636.84	0
-1983.49	1641.35	0
-1930.09	1644.33	0
-1977	1660.03	0
-1956.63	1664.79	0
-1957.2	1674.1	0
-1946.11	1682.8	0
-1922.62	1690.18	0
-1948.89	1701.52	0
-1924.9	1710.67	0
-1926.13	1714.98	0
-1922.09	1731.43	0
-1917.92	1729.98	0
-1904.01	1748.41	0
-1895.35	1748.24	0
-1909.16	1769.29	0
-1904.05	1764.97	0
-1896.15	1782.84	0
-1864.91	1783.71	0
-1874.51	1804.42	0
-1894.89	1799.95	0
-1889.68	1820.93	0
-1852.6	1820.29	0
-1845.51	1833.43	0
-1860.79	1841.46	0
-1883.12	1852.16	0
-1846.22	1858.13	0
-1838.16	1867.17	0
-1818.88	1882.27	0
-1862.26	1880.78	0
-1836.38	1900.4	0
-1829.04	1903.04	0
-1813.47	1913.33	0
-1822.07	1924.72	0
-1819.75	1930.8	0
-1818.65	1944.29	0
-1803.01	1951.09	0
-1813.6	1957.4	0
-1794.01	1975.14	0
-1798.41	1971.07	0
-1786.48	1996.08	0
-1806.25	1989.72	0
-1789.55	2011.12	0
-1771.38	2011.53	0
-1766.53	2029.34	0
-1783.4	2032.38	0
-1791.87	2041.18	0
-1767.87	2059.34	0
-1736.18	2056.64	0
-1763.75	2075.71	0
-1770.94	2076.44	0
-1773.39	2095.84	0
-1733.86	2095.78	0
-1734.17	2111.05	0
-1751.88	2120.76	0
-1755.3	2126.03	0
-1739.73	2137.71	0
-1728.13	2150.33	0
-1721.23	2154.58	0
-1745.72	2171.89	0
-1720.08	2172.86	0
-1726.54	2190.27	0
-1727.19	2194.59	0
-1715.18	2208.13	0
-1712.95	2217.94	0
-1701.16	2223.57	0
-1726.37	2236.04	0
-1720.22	2246.54	0
-1695.9	2256.4	0
-1686.23	2259.73	0
-1702.8	2279.67	0
-1715.75	2276.06	0
-1711.09	2303.3	0
-1668.45	2288.92	0
-1680.06	2323.47	0
-1701.5	2311.14	0
-1706.51	2336.37	0
-1681.45	2337.74	0
-1670.8	2347.94	0
-1675.71	2358.35	0
-1700.62	2369.3	0
-1676.77	2376.4	0
-1681.41	2386.54	0
-1670.76	2396.84	0
-1678.8	2405.33	0
-1675.85	2415.38	0
-1667.79	2423.61	0
-1682.5	2437.77	0
-1679.19	2440.15	0
-1655.74	2458.31	0
-1665.69	2458.62	0
-1662.68	2477.16	0
-1694.94	2474.94	0
-1658.89	2501	0
-1649.22	2493.45	0
-1651.13	2518.24	0
-1680.28	2518.77	0
-1682.97	2528.7	0
-1645.58	2545.77	0
-1642.48	2551.14	0
-1667.33	2557.66	0
-1671.07	2576.11	0
-1670.11	2574.68	0
-1638.95	2596.8	0
-1661.57	2596.14	0
-1658.61	2611.8	0
-1661.73	2625.86	0
-1655.47	2623.95	0
-1666.22	2645.09	0
-1651.82	2655.86	0
-1656.94	2650.65	0
-1642.53	2683.83	0
-1664.07	2668.14	0
-1676.44	2704.29	0
-1644.48	2690.03	0
-1642.11	2714.5	0
-1648.17	2722.98	0
-1677.27	2725.32	0
-1671.5	2739.85	0
-1634.04	2754.47	0
-1644.76	2754.65	0
-1665.78	2775.08	0
-1668.66	2773.02	0
-1667.51	2794.79	0
-1633.28	2800.59	0
-1668.25	2801.59	0
-1659.35	2826.38	0
-1664.14	2825.15	0
-1658.35	2838.61	0
-1666.4	2848.77	0
-1659.29	2855.22	0
-1660.65	2871.7	0
-1653.64	2876.65	0
-1679.91	2885.9	0
-1676.05	2898.44	0
-1656.97	2905.09	0
-1647.95	2918.29	0
-1675.98	2922	0
-1678.36	2941.27	0
-1694.3	2944.53	0
-1631.14	2954.91	0
-1679.34	2963.81	0
-1669.75	2978.35	0
-1700.5	2984.17	0
-1662.45	2994.79	0
-1668.97	3001.64	0
-1674.26	3022.26	0
-1685.94	3018.73	0
-1682.24	3037.56	0
-1677.09	3040.66	0
-1691.31	3058.49	0
-1683.33	3063.48	0
-1673.56	3074.57	0
-1685.15	3081.06	0
-1705.82	3094.71	0
-1692.31	3108.89	0
-1685.57	3104.38	0
-1667.4	3132.71	0
-1709.55	3120.14	0
-1710.93	3156.19	0
-1701.39	3144.32	0
-1677.2	3159.42	0
-1698.17	3179.58	0
-1709.04	3174.45	0
-1725.21	3198.59	0
-1686.81	3196.98	0
-1710.34	3208.73	0
-1702.69	3231.8	0
-1722.16	3219.33	0
-1708.39	3247.77	0
-1724.25	3242.93	0
-1713.75	3266.16	0
-1732.2	3266.67	0
-1690.24	3276.93	0
-1746.22	3291.24	0
-1730.32	3291.44	0
-1742.6	3314.14	0
-1711.29	3308.59	0
-1720.04	3326.6	0
-1752.84	3337.14	0
-1756.75	3343.22	0
-1732.4	3355.87	0
-1737.63	3355.32	0
-1731.86	3376.16	0
-1778.12	3380.05	0
-1740.88	3391.35	0
-1759.51	3398.43	0
-1753.09	3406.46	0
-1761.25	3418.92	0
-1758.9	3429.84	0
-1760.37	3435.52	0
-1784.36	3440.84	0
-1773.83	3460.22	0
-1765.44	3457.12	0
-1758.81	3484.16	0
-1782.92	3470.72	0
-1811.99	3492.65	0
-1776.84	3502.41	0
-1765.47	3511.1	0
-1786.21	3515.7	0
-1800.91	3530.48	0
-1816.44	3527.79	0
-1779.18	3555.36	0
-1795.09	3549.37	0
-1804.48	3567.3	0
-1808.28	3566.59	0
-1814.87	3584.04	0
-1804.37	3592	0
-1825.44	3598.45	0
-1811.45	3611.68	0
-1809.63	3609.13	0
-1829.46	3631.66	0
-1837.2	3633.78	0
-1844.73	3647.68	0
-1804.57	3651.74	0
-1834.49	3657.71	0
-1842.62	3674.67	0
-1867.87	3681.05	0
-1832.02	3688.16	0
-1841.1	3703.19	0
-1838.7	3692.51	0
-1882.68	3729.36	0
-1844.29	3713.51	0
-1868.16	3742.16	0
-1859.01	3740.25	0
-1870.46	3743.83	0
-1872.7	3763	0
-1859.97	3768.1	0
-1899.07	3778	0
-1887.91	3792.61	0
-1872.13	3783.35	0
-1876.51	3811.88	0
-1892.18	3803.46	0
-1923.88	3829.12	0
-1896.44	3828.24	0
-1880.54	3838.9	0
-1902.65	3846.04	0
-1926.32	3853.81	0
-1917.9	3867.3	0
-1910.86	3875.86	0
-1917.7	3885.93	0
-1923.38	3887.45	0
-1936.74	3897.33	0
-1924.23	3908.98	0
-1947.8	3919.25	0
-1946.87	3929.54	0
-1945.43	3936.39	0
-1930.73	3935.92	0
-1960.14	3953.57	0
-1977.95	3959.86	0
-1976.02	3968.98	0
-1939.82	3988.24	0
-1967.59	3974.56	0
-1983.56	4008.48	0
-2001.94	3986.3	0
-1979.99	4022.63	0
-1981.79	4018.39	0
-1991.49	4038.11	0
-2005.46	4039.1	0
-1998.27	4045.73	0
-2017.64	4052.51	0
-2025.1	4064.59	0
-2015.24	4069.27	0
-2013.64	4090.83	0
-2012.16	4088.32	0
-2059.18	4102.03	0
-2051.51	4101.38	0
-2031.41	4109.54	0
-2030.92	4123.4	0
-2057.9	4131.3	0
-2074.19	4143.19	0
-2060.58	4150.64	0
-2054.48	4155.16	0
-2081.31	4158.57	0
-2071.05	4171.11	0
-2094.84	4168.87	0
-2073.34	4196.51	0
-2111.66	4194.21	0
-2086.48	4211.52	0
-2094.24	4211.24	0
-2093.93	4221.86	0
-2129.64	4220.79	0
-2140.56	4230.29	0
-2112.79	4243.79	0
-2109.29	4253.12	0
-2127.25	4265.62	0
-2150.84	4273.53	0
-2153.51	4280.99	0
-2129.38	4285.93	0
-2161.1	4287.75	0
-2157.57	4293.66	0
-2176.99	4303.07	0
-2158.39	4318.29	0
-2191.33	4324.97	0
-2179.75	4340.2	0
-2177.55	4346.98	0
-2170.11	4355.48	0
-2209.24	4355.8	0
-2227.44	4358.39	0
-2210.31	4371.33	0
-2202.3	4367.35	0
-2214.96	4385.03	0
-2248.85	4386.24	0
-2235.36	4413.16	0
-2233	4412.43	0
-2232.8	4432.99	0
-2249	4434.43	0
-2248.3	4444.23	0
-2257.41	4449.85	0
-2271.74	4444.67	0
-2297.82	4458.46	0
-2269.98	4449.92	0
-2287.06	4461.84	0
-2287.3	4461.12	0
-2344.79	4477.64	0
-2305.65	4483.23	0
-2303.37	4501.13	0
-2300.8	4505.05	0
-2333.42	4534.21	0
-2328.47	4532.4	0
-2322.64	4563.15	0
-2318.64	4564.17	0
-2342.46	4586.53	0
-2320.86	4594.19	0
-2339.11	4605.98	0
-2339.55	4618.79	0
-2372.32	4627.04	0
-2345.57	4638.89	0
-2339.94	4640.86	0
-2359.35	4660.14	0
-2391.29	4654.72	0
-2388.62	4673.95	0
-2369.04	4674.25	0
-2377.21	4686.53	0
-2401.14	4688.59	0
-2410.88	4700.71	0
-2401.92	4704.59	0
-2421.16	4716.95	0
-2415.98	4715.6	0
-2431.66	4732.98	0
-2411.34	4728.9	0
-2450.09	4744.6	0
-2458.08	4750.55	0
-2464.02	4750.75	0
-2429.75	4769.48	0
-2465.72	4762.56	0
-2471.11	4782.69	0
-2510.51	4781.26	0
-2460.93	4788.97	0
-2496.19	4805.5	0
-2487.13	4795.23	0
-2517.67	4821.65	0
-2500.25	4810.87	0
-2527.33	4834.06	0
-2531.1	4824.57	0
-2530.93	4845.48	0
-2516.68	4843.89	0
-2543.9	4857.78	0
-2565.32	4854.64	0
-2574.93	4876.7	0
-2541.15	4865.97	0
-2561.15	4888.44	0
-2577.23	4883.96	0
-2600.8	4897.68	0
-2584.25	4902.81	0
-2591.46	4905.79	0
-2602.8	4919.53	0
-2607.11	4918.21	0
-2607.72	4935.13	0
-2616.78	4928.79	0
-2650.47	4949.3	0
-2630.71	4948.68	0
-2625.16	4953.96	0
-2628	4970.54	0
-2675.41	4963.84	0
-2664.85	4980.34	0
-2667.16	4987.81	0
-2642.81	4985.52	0
-2695.17	5001.5	0
-2674.41	5003.94	0
-2700.52	5006.87	0
-2686.35	5027.92	0
-2718.75	5010.89	0
-2700.2	5041.23	0
-2703.77	5036.21	0
-2712.26	5040.44	0
-2756.24	5057.53	0
-2739.91	5050.01	0
-2731.82	5070.76	0
-2730.65	5067.12	0
-2763.28	5076.55	0
-2780.14	5085.15	0
-2769.03	5085.37	0
-2770.94	5095.54	0
-2792.42	5102.55	0
-2785.83	5103.35	0
-2792.09	5113.38	0
-2817.58	5122.88	0
-2819.74	5116.11	0
-2844.9	5140.21	0
-2789.3	5129.99	0
-2845.79	5141.77	0
-2849.27	5154.44	0
-2876.95	5143.62	0
-2843.38	5172.44	0
-2866.5	5157.49	0
-2871.21	5174.19	0
-2889.72	5174.98	0
-2883.26	5185.44	0
-2911.99	5183.38	0
-2906.91	5204.21	0
-2918.17	5188.63	0
-2893.65	5213.21	0
-2937.11	5210.11	0
-2952.63	5212.31	0
-2953.92	5226.34	0
-2937.07	5225.46	0
-2947.55	5231.46	0
-2976.43	5246.04	0
-2985.42	5232.44	0
-2974.25	5261.32	0
-2997.45	5247.99	0
-3001.96	5265.08	0
-2999.96	5265.34	0
-3006.08	5269.38	0
-3020.14	5277.67	0
-3060.27	5283.74	0
-3032.95	5283.97	0
-3028.6	5296.12	0
-3042.9	5294.51	0
-3084.49	5301.14	0
-3071.7	5305.55	0
-3082.92	5317.09	0
-3067.67	5302.34	0
-3109.7	5332.68	0
-3090.56	5315.88	0
-3107.48	5334.86	0
-3124.08	5336.46	0
-3143.29	5328.31	0
-3118.84	5352.84	0
-3130.46	5338.6	0
-3141.69	5354.25	0
-3176.35	5358.33	0
-3172.55	5352.9	0
-3155.12	5373.32	0
-3181.72	5359.98	0
-3185.28	5380.45	0
-3192.46	5369.74	0
-3204.39	5388.59	0
-3216.97	5380.47	0
-3231.83	5392.65	0
-3209.7	5394.36	0
-3217.78	5394.04	0
-3250.04	5408.34	0
-3267.7	5402.43	0
-3268.87	5413.59	0
-3231.33	5414.46	0
-3286.61	5417.91	0
-3271.2	5426.58	0
-3309.3	5424.14	0
-3278.37	5435.44	0
-3322.93	5432.4	0
-3308.49	5438.9	0
-3309.96	5444.19	0
-3318	5447.89	0
-3351.22	5448.52	0
-3361.43	5457.06	0
-3341.05	5453	0
-3343.06	5468.42	0
-3371.3	5459.4	0
-3384.11	5475.59	0
-3387.14	5469.11	0
-3375.77	5476.78	0
-3417.82	5481.37	0
-3395.84	5483.5	0
-3405.86	5486.53	0
-3415.64	5494.13	0
-3445.48	5485.2	0
-3456.09	5507.91	0
-3421.56	5494.08	0
-3447.52	5510.24	0
-3456.82	5502.22	0
-3487.73	5516.2	0
-3464.4	5513.88	0
-3491.04	5520.74	0
-3488	5519.19	0
-3501.32	5528.25	0
-3485.17	5529.86	0
-3527.29	5531.88	0
-3533.16	5537.54	0
-3544.35	5539.22	0
-3508.94	5543.06	0
-3540.76	5547.79	0
-3561.75	5546.71	0
-3577.13	5556.19	0
-3561.03	5556.44	0
-3580.2	5557.73	0
-3586.2	5564.09	0
-3587.72	5561.88	0
-3591.71	5571.56	0
-3621.36	5568.51	0
-3639.76	5574.17	0
-3618.12	5578.12	0
-3619.15	5575.32	0
-3630.52	5586.27	0
-3681.57	5578.74	0
-3652.45	5593.24	0
-3679.59	5590.13	0
-3659.39	5586.36	0
-3700.29	5601.97	0
-3675.56	5587.34	0
-3703.54	5608.43	0
-3718.35	5597.12	0
-3746.47	5603.53	0
-3700.23	5611.29	0
-3727.76	5600.82	0
-3735.62	5613.97	0
-3781.83	5617.86	0
-3754.97	5604.29	0
-3769.56	5632.02	0
-3774.51	5606.36	0
-3791.34	5633.78	0
-3775.75	5615.91	0
-3809.86	5632.42	0
-3831.96	5626.64	0
-3827.26	5636.78	0
-3814.55	5629.92	0
-3822.13	5639.24	0
-3853.74	5635.96	0
-3873.06	5637.91	0
-3857.67	5651.7	0
-3872.38	5637.99	0
-3885.63	5652.62	0
-3878.54	5650.31	0
-3893.26	5646.53	0
-3902.1	5656.67	0
-3942.05	5659.07	0
-3916.99	5657.61	0
-3919.84	5662.88	0
-3922.73	5658.52	0
-3970.82	5667.24	0
-3951.62	5666.51	0
-3967.78	5661.89	0
-3960.17	5683.15	0
-3995.97	5660.54	0
-3974.09	5683.15	0
-3995.28	5670.69	0
-4008.19	5680.56	0
-4032.99	5678.13	0
-4012.8	5679.43	0
-4001.93	5685.67	0
-4052.2	5685.11	0
-4051.85	5685.53	0
-4069.37	5690.73	0
-4043.29	5687.18	0
-4079.64	5688.12	0
-4070.27	5694.15	0
-4083	5691.09	0
-4085.73	5698.19	0
-4130.67	5700.38	0
-4118.55	5694.02	0
-4112.52	5706.36	0
-4100.2	5694.24	0
-4150.26	5708.12	0
-4141.43	5696.34	0
-4165.63	5714.41	0
-4147.37	5699.96	0
-4188.3	5717.39	0
-4169.58	5705.25	0
-4169.12	5714.11	0
-4193.77	5708.81	0
-4218.21	5715.11	0
-4211.05	5710.72	0
-4198.89	5713.28	0
-4216.33	5725.44	0
-4245.74	5708.72	0
-4248.44	5727.81	0
-4248.15	5717.06	0
-4261.42	5720.01	0
-4271.53	5721.6	0
-4255.2	5716.55	0
-4263.96	5726.53	0
-4301.02	5717.81	0
-4310.85	5727.99	0
-4319.24	5726.71	0
-4288.06	5722.97	0
-4335.58	5734.08	0
-4330.79	5722.97	0
-4342.29	5731.33	0
-4334.7	5724.81	0
-4369.6	5728.6	0
-4353.45	5726.12	0
-4355.63	5729.26	0
-4360.89	5728.08	0
-4403.94	5735.22	0
-4418.25	5732.97	0
-4393.46	5734.95	0
-4410.87	5734.98	0
-4420.95	5735.97	0
-4430.51	5729.97	0
-4423.78	5736.92	0
-4447.36	5728.51	0
-4452.23	5734.63	0
-4459.93	5727.93	0
-4423.11	5736.38	0
-4482.49	5725.9	0
-4480.31	5742.05	0
-4515.43	5727.83	0
-4474.73	5743.82	0
-4526.07	5734.91	0
-4510.63	5737.34	0
-4530.49	5740.74	0
-4519.28	5740.49	0
-4560.76	5735.98	0
-4558.69	5739.11	0
-4535.34	5732.73	0
-4536.8	5733.28	0
-4557.81	5732.8	0
-4570.92	5725.33	0
-4565.48	5731.23	0
-4555.82	5720.52	0
-4582	5723.57	0
-4575.7	5720.73	0
-4552.54	5716.28	0
-4597.48	5723.62	0
-4600.12	5708.51	0
-4618.15	5719.99	0
-4580.03	5712.17	0
-4602.66	5712.27	0
-4626.43	5714.3	0
-4625.98	5709.4	0
-4623.93	5709.62	0
-4654.03	5713.02	0
-4645.63	5703.55	0
-4657.63	5713.83	0
-4627.03	5700.9	0
-4689.19	5708.83	0
-4688.15	5708.61	0
-4691.78	5703.09	0
-4673.04	5704.03	0
-4704.03	5704.89	0
-4711.94	5703.62	0
-4701.98	5702.85	0
-4728.88	5703.66	0
-4740.87	5696.6	0
-4752.61	5707.94	0
-4721.55	5692.82	0
-4745.65	5701.02	0
-4766.26	5698.89	0
-4791.03	5693.52	0
-4757.21	5697.2	0
-4800.94	5696.31	0
-4779.19	5688.26	0
-4804.44	5695.58	0
-4784.6	5693.34	0
-4825.18	5681.16	0
-4837.15	5699.38	0
-4840.47	5677.52	0
-4804.68	5690.42	0
-4853.21	5689.54	0
-4848.46	5669.93	0
-4868.56	5697.75	0
-4855.75	5665.22	0
-4891.58	5689.86	0
-4881.13	5672.08	0
-4875.09	5676.3	0
-4880.9	5670.64	0
-4917.68	5682.46	0
-4929.38	5661.52	0
-4905.24	5676.73	0
-4929.81	5665.52	0
-4920.92	5666.37	0
-4957.08	5669.64	0
-4921.16	5656.21	0
-4973.92	5669.61	0
-4975.3	5661.35	0
-4973.71	5654.63	0
-4952.36	5661.9	0
-4987.93	5654.27	0
-4995.52	5653.88	0
-5020.38	5656.12	0
-4987.43	5650.28	0
-5035.87	5647.44	0
-5017.9	5650.97	0
-5025.44	5646.38	0
-5020.94	5642.27	0
-5063.55	5641.58	0
-5073.93	5645.23	0
-5048.02	5634.83	0
-5061.7	5641.78	0
-5073.27	5632.79	0
-5091.98	5632.03	0
-5079.59	5638.84	0
-5113.61	5618.74	0
-5112.41	5637.25	0
-5127.88	5617.75	0
-5087.61	5627.35	0
-5133.28	5614.89	0
-5144.13	5624.83	0
-5162.19	5609.77	0
-5132.98	5615.8	0
-5173.71	5610.95	0
-5163.55	5605.68	0
-5164.38	5613.79	0
-5173.23	5598.19	0
-5196.08	5603.18	0
-5223.96	5599.63	0
-5188.31	5597.83	0
-5198.43	5591.26	0
-5224.46	5600.49	0
-5227.73	5575.49	0
-5225.07	5603.39	0
-5252.28	5566.44	0
-5256.33	5596.78	0
-5263.99	5570.17	0
-5233.46	5579.92	0
-5272.01	5572.19	0
-5292.55	5571.55	0
-5296.65	5573.5	0
-5279.02	5558.58	0
-5312.12	5571.99	0
-5304.25	5552.15	0
-5308.9	5564.04	0
-5310.24	5554.03	0
-5346.1	5548.45	0
-5355.96	5556	0
-5336.07	5544.78	0
-5333.47	5542.49	0
-5367.18	5545.12	0
-5369.62	5536.63	0
-5361.2	5535.3	0
-5395.55	5537.68	0
-5387.68	5524.9	0
-5409.32	5532.04	0
-5362.19	5524.35	0
-5419.62	5516.78	0
-5417.1	5521.58	0
-5438.35	5519.85	0
-5414.5	5504.67	0
-5445.98	5520.09	0
-5436.24	5495.5	0
-5446.14	5510.96	0
-5436.35	5499.23	0
-5484.54	5495.73	0
-5483.91	5500.14	0
-5464.38	5483.51	0
-5477.65	5498.48	0
-5482.3	5476.28	0
-5511.96	5488.93	0
-5483.1	5476.95	0
-5528	5475.39	0
-5523.89	5475.46	0
-5528.32	5459.25	0
-5502.03	5473.01	0
-5537.2	5458.4	0
-5555.27	5454.01	0
-5554.59	5458.28	0
-5547.21	5444.82	0
-5576	5452.16	0
-5564.53	5434.82	0
-5566.81	5447.42	0
-5564.57	5425.88	0
-5610.28	5439.36	0
-5604.72	5419.77	0
-5595.83	5422.58	0
-5594.97	5422.18	0
-5618.55	5407.65	0
-5614.26	5416.29	0
-5615.61	5399.29	0
-5644.01	5402.64	0
-5650.5	5393.59	0
-5652.81	5394.36	0
-5614.65	5383.48	0
-5673.92	5381.54	0
-5657.67	5384.68	0
-5685.12	5361.51	0
-5659.18	5384.69	0
-5705.96	5347.71	0
-5682.77	5369.52	0
-5684.32	5352.21	0
-5681.97	5347.48	0
-5731.16	5349.31	0
-5721.57	5340.07	0
-5716.05	5332.59	0
-5722.03	5334.79	0
-5738.97	5325.92	0
-5732.69	5318.26	0
-5729.7	5324.38	0
-5767.69	5304.86	0
-5771.42	5314.91	0
-5766.13	5294.98	0
-5746.17	5305.61	0
-5789.17	5288.55	0
-5773.63	5293	0
-5797.79	5277.68	0
-5779.62	5280.03	0
-5837.12	5277.05	0
-5796.55	5265.35	0
-5803.07	5261.55	0
-5806.2	5266.37	0
-5842.28	5241.61	0
-5837.77	5258.24	0
-5833.68	5239.4	0
-5855.06	5237.77	0
-5856.34	5239.56	0
-5849.02	5222.92	0
-5840.48	5225.7	0
-5889.56	5221.15	0
-5888.34	5214.7	0
-5886.85	5207.8	0
-5874.93	5204.42	0
-5911.11	5206.43	0
-5884.71	5184.9	0
-5910.17	5203.82	0
-5897.56	5171.47	0
-5962.15	5189	0
-5913.35	5174.59	0
-5924.97	5169.21	0
-5928.66	5168.84	0
-5954.41	5159.16	0
-5941.01	5158.59	0
-5960.52	5150.38	0
-5971.35	5148.14	0
-5984.86	5139.18	0
-5955.32	5141.05	0
-5964.4	5128.71	0
-5996.96	5127.79	0
-5997.97	5123.26	0
-5998.26	5117.74	0
-6000.58	5109.96	0
-6030.06	5109.7	0
-5996.3	5103.89	0
-6012.66	5092.86	0
-6017.05	5098.43	0
-6064.37	5083.29	0
-6029.23	5082.73	0
-6044.23	5078.74	0
-6047.9	5069.74	0
-6064.49	5067.37	0
-6032.45	5062.1	0
-6073.21	5053.88	0
-6087.69	5053.32	0
-6085.04	5043.23	0
-6074.9	5042.56	0
-6074.58	5029.6	0
-6104.62	5036.7	0
-6086.68	5015.34	0
-6104.64	5023.24	0
-6110.26	5014.84	0
-6144.81	5001.62	0
-6092.3	5008.39	0
-6125.91	4993.46	0
-6112.36	4993.06	0
-6158.68	4988.32	0
-6123.99	4977.31	0
-6152.43	4977.95	0
-6161.85	4968.55	0
-6153.99	4966.39	0
-6136.12	4955.26	0
-6161.96	4957.25	0
-6182.88	4941.05	0
-6176.18	4946.57	0
-6178.18	4931.84	0
-6186.87	4926.03	0
-6198.96	4931.04	0
-6170.7	4908.8	0
-6192.85	4918.3	0
-6211.09	4901.78	0
-6232.35	4901.47	0
-6191.62	4894.12	0
-6235.17	4882.38	0
-6209.64	4890.09	0
-6237.04	4861.46	0
-6201.32	4881.03	0
-6259.16	4853.96	0
-6255.75	4857.69	0
-6245.87	4853.63	0
-6238.44	4836.5	0
-6259.24	4842.67	0
-6262.58	4829.49	0
-6251.08	4819.87	0
-6277.98	4826.12	0
-6285.53	4804.05	0
-6301.16	4809.9	0
-6249.7	4799.73	0
-6302	4789.13	0
-6286.65	4790.99	0
-6307.18	4775.55	0
-6291.68	4782.26	0
-6328.79	4756.31	0
-6325.78	4772.87	0
-6300.25	4745.08	0
-6310.74	4752.64	0
-6336.35	4742.34	0
-6335.99	4729.64	0
-6333.67	4735.8	0
-6351.2	4714.05	0
-6351.76	4717.62	0
-6355.62	4710.69	0
-6320.53	4695.81	0
-6377.27	4700.37	0
-6360.68	4684.33	0
-6390.57	4683.79	0
-6349.77	4675.38	0
-6407.92	4666.04	0
-6365.26	4670.19	0
-6381.32	4645.19	0
-6376.98	4657.3	0
-6417.24	4638.72	0
-6410.34	4632.79	0
-6391.61	4638.27	0
-6416.14	4609.16	0
-6415.91	4626.87	0
-6408.62	4600.94	0
-6404.32	4609.03	0
-6448.75	4587.04	0
-6434.53	4594.83	0
-6444.07	4575.57	0
-6413.76	4577.58	0
-6465.61	4565.22	0
-6419.63	4560.59	0
-6462.62	4550.68	0
-6431.52	4552.56	0
-6505.33	4527.71	0
-6446.66	4545.61	0
-6456.85	4512.38	0
-6469.44	4524.54	0
-6475.06	4507.74	0
-6465.77	4505.34	0
-6481.84	4498.04	0
-6501.37	4485.17	0
-6495.16	4484.95	0
-6481.99	4472.67	0
-6477.83	4472.71	0
-6511.41	4454.67	0
-6493.88	4459.13	0
-6505.58	4441.06	0
-6516.94	4445.79	0
-6538.52	4427.38	0
-6487.76	4425.93	0
-6524.74	4418.79	0
-6508.55	4414.35	0
-6548.18	4398.55	0
-6513.87	4403.11	0
-6545.37	4385.87	0
-6558.39	4388.31	0
-6529.65	4371.81	0
-6535.04	4373.08	0
-6538.52	4356.94	0
-6572.82	4364.4	0
-6548.25	4337.18	0
-6562.01	4351.91	0
-6577.39	4329.34	0
-6576.16	4327.71	0
-6539.93	4323.52	0
-6581.78	4308.72	0
-6567.82	4308.25	0
-6608.73	4301.03	0
-6559.25	4286.8	0
-6608.93	4288.7	0
-6594.65	4276.15	0
-6579.86	4272.22	0
-6580.83	4258.53	0
-6606.79	4264.95	0
-6618.62	4237.08	0
-6597.17	4255.24	0
-6615.72	4223.29	0
-6616.02	4234.7	0
-6613.61	4216.42	0
-6586.36	4215.25	0
-6636.96	4201.85	0
-6620.59	4205.99	0
-6642.47	4183.04	0
-6602.56	4189.41	0
-6656.11	4175.99	0
-6614.45	4167.06	0
-6629.79	4166.51	0
-6615.47	4153.67	0
-6667.04	4144.98	0
-6637.14	4145.62	0
-6642.47	4127.37	0
-6647.04	4126.78	0
-6644.42	4120	0
-6648.6	4107.59	0
-6620.22	4105.27	0
-6679.59	4093.7	0
-6661.51	4088.26	0
-6656.92	4079.28	0
-6651.52	4074.16	0
-6676.5	4062.28	0
-6644.05	4061.85	0
-6662.26	4050.54	0
-6659.84	4036.92	0
-6701.48	4040.74	0
-6662.59	4024.81	0
-6671.53	4017.09	0
-6678.68	4019.85	0
-6677.02	3997.55	0
-6665.53	4004.69	0
-6669.21	3985.91	0
-6717.42	3985.55	0
-6672.5	3974.02	0
-6699.39	3968.75	0
-6665.45	3961.43	0
-6715.25	3951.5	0
-6659.57	3947.01	0
-6695.82	3938.07	0
-6698.45	3930.03	0
-6718.45	3923.8	0
-6683.67	3914.23	0
-6697.46	3909.36	0
-6702.6	3899.17	0
-6695.9	3894.51	0
-6687.53	3884.25	0
-6711.41	3877.51	0
-6730.09	3869.88	0
-6699.01	3864.76	0
-6706.57	3852.07	0
-6705.34	3850.44	0
-6721.31	3834.05	0
-6681.01	3834.73	0
-6733.51	3827.03	0
-6716.06	3809.91	0
-6740.59	3815.08	0
-6690.37	3801.02	0
-6741	3787.82	0
-6710.29	3796.22	0
-6719.96	3770.48	0
-6710.7	3773.83	0
-6752.27	3767.28	0
-6738.41	3748.1	0
-6717.81	3758.64	0
-6740.04	3728.86	0
-6727.79	3739.39	0
-6736.49	3725.87	0
-6713.27	3714.03	0
-6759.96	3713.09	0
-6745.72	3698.8	0
-6751.59	3695.26	0
-6718.27	3684.76	0
-6769.21	3682.64	0
-6723.4	3668.88	0
-6737.94	3661.69	0
-6743.94	3660.04	0
-6771.23	3642.01	0
-6745.46	3645.88	0
-6740.47	3630.6	0
-6757.36	3622.4	0
-6747.23	3617.57	0
-6734.77	3608.01	0
-6740.67	3598.48	0
-6778.57	3594.36	0
-6749.2	3583.64	0
-6757.13	3576.5	0
-6744.97	3569.25	0
-6770.42	3561.81	0
-6726.06	3551.76	0
-6751.67	3547.46	0
-6765.97	3539.99	0
-6768.8	3525.57	0
-6751.2	3527.64	0
-6755.42	3512.4	0
-6766.93	3507.84	0
-6746.17	3502.41	0
-6742.91	3492.31	0
-6756.23	3482.1	0
-6790.34	3478.85	0
-6733.66	3470.76	0
-6779.03	3457.5	0
-6749.95	3460.21	0
-6770.9	3442.2	0
-6726.39	3434.71	0
-6765.85	3442.48	0
-6769.88	3407.95	0
-6764.86	3429.73	0
-6746.79	3393.85	0
-6776.72	3406.37	0
-6757.04	3391.02	0
-6733.39	3380.72	0
-6760.07	3374.84	0
-6754.18	3372.89	0
-6774.81	3348.2	0
-6741.59	3359.55	0
-6769.05	3337.69	0
-6765.94	3333.77	0
-6740.28	3328.53	0
-6730.57	3315.65	0
-6778.18	3310.68	0
-6740.94	3298.26	0
-6765.06	3295.92	0
-6747.23	3280.58	0
-6775.84	3282.69	0
-6744.21	3264.42	0
-6727.94	3261.74	0
-6763.1	3251.9	0
-6748.59	3242.09	0
-6755.35	3239.69	0
-6737.71	3222.48	0
-6787.06	3223.95	0
-6729.34	3207.37	0
-6750.24	3202.79	0
-6722.63	3197.67	0
-6776.75	3182.45	0
-6723.09	3179.89	0
-6749.78	3169.34	0
-6766.54	3161.89	0
-6748.9	3150.97	0
-6730.92	3152.68	0
-6734.54	3125.29	0
-6747.91	3144.02	0
-6731.35	3110.44	0
-6741.22	3116.85	0
-6738.36	3107.24	0
-6775.55	3090.17	0
-6709.22	3096.89	0
-6747.16	3073.34	0
-6726.33	3078.15	0
-6745.6	3059.98	0
-6704.89	3062.33	0
-6756.49	3038.63	0
-6743.48	3051.06	0
-6734.15	3026.01	0
-6722.74	3024.61	0
-6732.88	3018.85	0
-6731.79	3004.63	0
-6701.45	3003.67	0
-6737.25	2986.86	0
-6732.4	2988.78	0
-6742.66	2972.27	0
-6699.19	2973.42	0
-6749.59	2955.9	0
-6705.5	2958.93	0
-6719.02	2940.54	0
-6697.48	2940.98	0
-6744.88	2927.72	0
-6712.37	2922.39	0
-6721.49	2916.29	0
-6712.67	2904.67	0
-6732.02	2900.54	0
-6698.58	2894.28	0
-6683.71	2879.87	0
-6736.52	2880.68	0
-6699.54	2868.12	0
-6717.92	2860.49	0
-6696.07	2857.39	0
-6736.38	2842.49	0
-6685.76	2846.36	0
-6691.56	2824.8	0
-6693.76	2828.37	0
-6715.84	2815.33	0
-6679.34	2807.14	0
-6701.78	2808.32	0
-6717.16	2785.15	0
-6682.39	2796.29	0
-6686.23	2770.06	0
-6674.17	2777.57	0
-6703.34	2757.67	0
-6657.95	2763.79	0
-6691.83	2741.73	0
-6683.74	2744.14	0
-6709.15	2731.18	0
-6641.69	2724.1	0
-6693.39	2717.3	0
-6664.7	2709.64	0
-6664.18	2702	0
-6653.35	2690.37	0
-6681.34	2688.34	0
-6684.25	2676.66	0
-6642.91	2665.06	0
-6677.57	2665.44	0
-6647.87	2653.88	0
-6665.11	2640.76	0
-6616.23	2643.33	0
-6673.45	2622.32	0
-6651.32	2625.75	0
-6649.58	2611.15	0
-6639.69	2603.3	0
-6660.17	2603.64	0
-6631.03	2582.96	0
-6618.86	2586.84	0
-6627.76	2572.9	0
-6643.12	2566.84	0
-6623.26	2554.95	0
-6616.61	2556.03	0
-6652.34	2539.29	0
-6612.5	2537	0
-6611.05	2529.02	0
-6599.36	2515.17	0
-6628.56	2516.82	0
-6584.91	2502.02	0
-6617.2	2497.39	0
-6601.12	2489.46	0
-6631	2479.42	0
-6571.19	2476.5	0
-6599.52	2464.09	0
-6592.45	2461.76	0
-6578.08	2452.41	0
-6571.49	2439.04	0
-6586.71	2441.54	0
-6606.63	2428.32	0
-6554.57	2420.34	0
-6588.81	2417.93	0
-6565.22	2403.86	0
-6573.22	2400.17	0
-6530.42	2397.63	0
-6574.39	2381.84	0
-6559.81	2380.32	0
-6560.87	2373.04	0
-6543.19	2359.31	0
-6565.97	2362.07	0
-6554.77	2348.65	0
-6507.69	2339.78	0
-6546.77	2343.05	0
-6534.78	2321.71	0
-6529.8	2322.6	0
-6515.46	2315.87	0
-6557.93	2303.78	0
-6508.65	2300.93	0
-6524.38	2293.64	0
-6495.01	2282.45	0
-6516.63	2281.69	0
-6505.52	2266.37	0
-6476.74	2268.61	0
-6521.55	2249.87	0
-6505.48	2255.97	0
-6486.91	2237.23	0
-6481.88	2231.41	0
-6501.03	2230.02	0
-6464.05	2223.01	0
-6462.22	2203.27	0
-6473.31	2218.74	0
-6486.87	2186.64	0
-6452.49	2192.29	0
-6472.66	2187.38	0
-6462.44	2167.64	0
-6458.76	2176.51	0
-6427.07	2157.37	0
-6439.19	2151.71	0
-6456.47	2151.26	0
-6420.3	2137.47	0
-6434.65	2129.83	0
-6442.11	2126.9	0
-6445.3	2119.57	0
-6387.24	2101.4	0
-6436.13	2117.03	0
-6397.41	2084.16	0
-6412.23	2097.52	0
-6374.99	2079.03	0
-6427.14	2072.54	0
-6394.01	2070.39	0
-6391.73	2057.9	0
-6379.08	2053.94	0
-6392.66	2043.02	0
-6369.89	2039.88	0
-6338.44	2027.2	0
-6392.6	2021.39	0
-6345.91	2015.57	0
-6372.58	2006.07	0
-6336.31	1998.56	0
-6383.06	1991.81	0
-6324.69	1982.55	0
-6333.21	1973.56	0
-6321.92	1971.4	0
-6338.27	1954.2	0
-6307.05	1955.47	0
-6312.1	1942.09	0
-6343.8	1935.5	0
-6296.42	1924.4	0
-6309.08	1926.65	0
-6284.28	1902.01	0
-6314.17	1914.42	0
-6247.1	1888.34	0
-6293.9	1891.44	0
-6273	1882.06	0
-6289.61	1871.74	0
-6248.22	1865.91	0
-6275.59	1863.55	0
-6268.56	1839.43	0
-6224.85	1851.55	0
-6241.55	1829.24	0
-6232.06	1826.14	0
-6245.66	1826.42	0
-6198.18	1802.15	0
-6252.25	1812.68	0
-6211.97	1792.59	0
-6226.78	1784.81	0
-6169.87	1787.36	0
-6228.28	1769.58	0
-6169.06	1769.31	0
-6179.38	1756.35	0
-6178.87	1753.13	0
-6191.14	1743.83	0
-6169.56	1734.19	0
-6152.36	1732.97	0
-6185.2	1717.49	0
-6135.25	1714.13	0
-6146.96	1707.31	0
-6112.55	1696.28	0
-6168.43	1691.63	0
-6096.98	1685.62	0
-6137.45	1679.13	0
-6122.11	1660.97	0
-6132.58	1675.14	0
-6084.81	1640.39	0
-6103.44	1657.89	0
-6094.49	1636.46	0
-6075.21	1631.05	0
-6072.58	1627.39	0
-6077.81	1620.19	0
-6095.22	1600.48	0
-6038.45	1614.6	0
-6079.97	1586.25	0
-6049.95	1591.19	0
-6048.3	1582.07	0
-6007.82	1568.79	0
-6052.15	1569.49	0
-6014.92	1558.47	0
-6021.82	1549.04	0
-6008.61	1541.31	0
-6030.34	1540.17	0
-6004.43	1526.09	0
-5970.38	1519.75	0
-6015.19	1515.4	0
-5961.67	1501.77	0
-5972.09	1501.21	0
-5948.91	1491.89	0
-5994.36	1479.86	0
-5939.77	1479.84	0
-5955.56	1464.34	0
-5949.73	1462.27	0
-5948.63	1451.59	0
-5911.13	1450.97	0
-5912.01	1430.93	0
-5930.69	1437.53	0
-5891.79	1416.16	0
-5908.74	1420.58	0
-5896.56	1402.02	0
-5921.55	1405.38	0
-5862.39	1387.56	0
-5884.97	1387.07	0
-5874.3	1381.69	0
-5857.76	1365.17	0
-5834.26	1366.71	0
-5862.14	1357.78	0
-5848.8	1339.1	0
-5828.79	1350.4	0
-5842.86	1329.09	0
-5821.91	1319.36	0
-5837.58	1332.45	0
-5763.02	1298.12	0
-5837.86	1310.03	0
-5767.74	1297.21	0
-5791.67	1285.77	0
-5765.11	1282.76	0
-5804.24	1281.05	0
-5758.11	1257.58	0
-5762.09	1268.93	0
-5762.84	1252.49	0
-5749.79	1240.83	0
-5727.24	1248.89	0
-5713.13	1224.46	0
-5750.78	1228.79	0
-5695.19	1214.22	0
-5720.66	1216.53	0
-5707.15	1197.08	0
-5726.45	1200.17	0
-5666.89	1186.72	0
-5699.43	1180.57	0
-5674.5	1177.22	0
-5670.09	1161.08	0
-5640.94	1166.72	0
-5665.93	1146.99	0
-5662.86	1148.55	0
-5626.52	1134.31	0
-5659.43	1135.93	0
-5627.75	1111.36	0
-5641.91	1128.86	0
-5571.35	1094.54	0
-5642.25	1109.99	0
-5572.61	1088.79	0
-5597.25	1085.63	0
-5570.77	1078.88	0
-5603.7	1072.57	0
-5574.17	1056.46	0
-5551.01	1061.5	0
-5583.36	1041.02	0
-5538.71	1043.01	0
-5533.65	1031.99	0
-5513.07	1025.53	0
-5548.55	1015.05	0
-5494.16	1014.8	0
-5522.34	999.738	0
-5502.43	995.466	0
-5524.66	987.97	0
-5467.4	977.312	0
-5489.28	974.119	0
-5481.56	963.125	0
-5448.91	957.81	0
-5449.49	950.483	0
-5447.43	938.664	0
-5460.9	937.228	0
-5412.04	929.051	0
-5452.4	913.179	0
-5425.46	920.576	0
-5426.17	895.24	0
-5374.19	905.45	0
-5433.64	884.341	0
-5362.63	887.57	0
-5375.52	873.968	0
-5378.85	869.038	0
-5370.42	863.729	0
-5376.41	852.985	0
-5331.55	851.279	0
-5387.94	837.964	0
-5322.96	831.769	0
-5332.26	834.274	0
-5309.01	806.351	0
-5336.13	826.508	0
-5279.63	794.423	0
-5301.51	806.083	0
-5307.61	791.814	0
-5286.49	781.791	0
-5279.8	782.027	0
-5272.77	764.235	0
-5286.06	770.433	0
-5233.56	750.753	0
-5247.86	752.724	0
-5238.53	743.164	0
-5242.5	732.263	0
-5194.11	734.703	0
-5245.75	721.876	0
-5220.54	710.576	0
-5192.65	722.414	0
-5209.28	685.634	0
-5188.44	707.462	0
-5192.43	686.879	0
-5142.11	675.13	0
-5186.23	683.456	0
-5150.36	663.907	0
-5162.86	656.58	0
-5125.54	664.399	0
-5184.31	639.269	0
-5114.4	644.609	0
-5133.08	638.117	0
-5120.45	620.318	0
-5114.65	627.42	0
-5085.75	613.729	0
-5079.86	605.711	0
-5115.51	606.161	0
-5051.09	589.368	0
-5088.6	594.51	0
-5066.51	575.823	0
-5087.18	581.425	0
-5032	563.817	0
-5065.84	564.837	0
-5034.46	559.985	0
-5040.19	540.162	0
-4997.88	555.964	0
-5035.47	525.76	0
-5021.46	537.383	0
-4977.08	521.223	0
-5030.25	516.667	0
-4989.4	510.203	0
-4995.5	511.6	0
-4952.4	489.803	0
-5002.18	503.128	0
-4930.15	482.247	0
-4956.6	477.85	0
-4927.7	481.231	0
-4956.91	460.417	0
-4916.95	466.964	0
-4914.88	455.127	0
-4949.09	449.599	0
-4891.06	443.502	0
-4911.32	439.938	0
-4875.72	430.605	0
-4914.82	423.663	0
-4836.08	423.793	0
-4876.92	405.927	0
-4859.48	410.559	0
-4861.69	403.024	0
-4828.41	385.718	0
-4862.38	395.217	0
-4845	376.303	0
-4804.83	374.926	0
-4835.07	371.258	0
-4799.81	358.855	0
-4810.09	361.588	0
-4763.59	343.804	0
-4800.42	348.398	0
-4779.8	336.515	0
-4759.9	329.818	0
-4768.92	328.17	0
-4780.06	319.836	0
-4740.52	311.152	0
-4738.64	310.068	0
-4748.92	304.382	0
-4720.6	283.324	0
-4706.39	304.194	0
-4698.81	274.122	0
-4726.17	276.728	0
-4663.87	282.342	0
-4703.74	254.408	0
-4688.37	262.201	0
-4679.17	262.908	0
-4655.6	236.638	0
-4670.2	251.699	0
-4656.47	238.736	0
-4616.24	220.596	0
-4640.71	238.529	0
-4610.9	212.166	0
-4638.09	214.636	0
-4570.57	213.678	0
-4640.74	200.803	0
-4588.16	198.511	0
-4593.16	192.622	0
-4575.17	191.788	0
-4595.5	177.089	0
-4552.16	180.047	0
-4535.9	172.53	0
-4571.48	163.637	0
-4514.63	161.051	0
-4539.07	160.079	0
-4507.89	141.981	0
-4556.3	152.304	0
-4476.53	136.735	0
-4527.62	134.365	0
-4487.85	125.959	0
-4506.9	131.566	0
-4450.3	101.807	0
-4476.25	126.582	0
-4476.19	99.3951	0
-4418.53	103.107	0
-4458.82	97.2227	0
-4438.78	87.75	0
-4439.88	90.1311	0
-4404.26	70.4034	0
-4446.23	90.2978	0
-4402.52	57.1843	0
-4403.13	64.8228	0
-4377.67	72.3809	0
-4404.89	29.5974	0
-4351.79	66.7054	0
-4354.8	35.0864	0
-4374.27	30.4516	0
-4337.23	45.7985	0
-4350.63	15.3103	0
-4324.86	19.4446	0
-4364.12	22.7297	0
-4293.99	4.28939	0
-4326.84	1.96168	0
-4305.54	6.73131	0
-4301.91	-14.368	0
-4262.5	-6.71834	0
-4286.73	-20.4059	0
-4278.47	-15.5773	0
-4242.92	-35.9296	0
-4267.29	-21.6834	0
-4251.24	-43.1156	0
-4259.72	-44.1515	0
-4211.31	-39.4828	0
-4260.28	-55.7134	0
-4213.85	-58.6918	0
-4203.36	-56.9057	0
-4203.01	-69.9559	0
-4197.37	-69.1823	0
-4185.47	-78.9634	0
-4155.06	-78.295	0
-4198.65	-92.4954	0
-4150.25	-79.5224	0
-4167.85	-106.212	0
-4137.79	-97.5886	0
-4182.26	-107.128	0
-4103.04	-113.267	0
-4139.88	-116.049	0
-4122.86	-124.18	0
-4103.07	-127.924	0
-4088.84	-131.218	0
-4086.93	-140.448	0
-4108.12	-145.061	0
-4033.03	-144.245	0
-4105.97	-158.693	0
-4045.98	-158.226	0
-4080.73	-160.809	0
-4016.88	-178.529	0
-4071.1	-163.481	0
-4021.55	-190.112	0
-4007.9	-182.371	0
-4018.15	-190.198	0
-4000.06	-195.266	0
-3994.14	-208.034	0
-3961.1	-193.794	0
-4010.57	-225.744	0
-3952.35	-209.43	0
-3970.66	-220.302	0
-3956.16	-236.553	0
-3975.63	-220.857	0
-3911.28	-246.406	0
-3947.25	-237.892	0
-3928.73	-248.003	0
-3899.51	-255.201	0
-3899.35	-257.642	0
-3891.22	-258.027	0
-3902.41	-277.493	0
-3842.2	-261.593	0
-3902.56	-285.625	0
-3853.17	-281.706	0
-3869.13	-282.041	0
-3831.35	-305.084	0
-3866.2	-287.458	0
-3829.65	-309.761	0
-3805.53	-304.706	0
-3829.21	-315.918	0
-3798.35	-315.512	0
-3788.53	-328.511	0
-3772.17	-320.489	0
-3804.76	-343.527	0
-3744.09	-331.584	0
-3776.67	-348.039	0
-3754.9	-344.47	0
-3766.92	-353.93	0
-3722.05	-362.06	0
-3739.9	-358.982	0
-3744.76	-377.616	0
-3687.43	-364.781	0
-3712.64	-383.202	0
-3695.32	-385.456	0
-3692.46	-383.356	0
-3647.25	-398.089	0
-3695.85	-395.034	0
-3657.97	-403.334	0
-3646.55	-406.722	0
-3655.24	-413.859	0
-3653.38	-412.568	0
-3629.83	-425.949	0
-3611.17	-420.963	0
-3644.38	-432.64	0
-3585.63	-431.882	0
-3598.58	-443.19	0
-3575.5	-439.102	0
-3605.33	-453.484	0
-3533.08	-444.52	0
-3575.73	-469.929	0
-3558.21	-450.468	0
-3545.86	-473.496	0
-3534.22	-468.571	0
-3543.54	-474	0
-3544.61	-483.535	0
-3489.3	-480.053	0
-3535.38	-485.861	0
-3492.55	-500.289	0
-3500.28	-486.22	0
-3455.69	-509.219	0
-3498.21	-500.177	0
-3457.78	-511.808	0
-3440.3	-514.486	0
-3470.01	-516.78	0
-3441.03	-519.964	0
-3436.19	-527.103	0
-3421.96	-533.362	0
-3453.83	-528.239	0
-3391.38	-543.879	0
-3419.93	-541.386	0
-3394.61	-546.479	0
-3402.46	-548.406	0
-3358	-558.152	0
-3374.27	-558.368	0
-3375.99	-563.707	0
-3326.01	-563.379	0
-3357.02	-581.221	0
-3333.62	-560.682	0
-3346.72	-592.575	0
-3293.39	-575.73	0
-3352.37	-589.077	0
-3304.9	-595.362	0
-3292.61	-593.092	0
-3302.77	-599.78	0
-3291.5	-604.073	0
-3272.17	-609.654	0
-3253.19	-608.767	0
-3276.08	-624.164	0
-3233.51	-614.207	0
-3241.86	-624.612	0
-3220.63	-634.752	0
-3254.56	-628.212	0
-3184.82	-637.932	0
-3223.23	-644.029	0
-3220.64	-643.5	0
-3184.28	-652.608	0
-3189.92	-650.698	0
-3190.2	-655.523	0
-3187.51	-666.809	0
-3126.34	-656.634	0
-3190.85	-678.203	0
-3124.01	-665.044	0
-3146.66	-680.64	0
-3105.18	-673.797	0
-3142.38	-688.933	0
-3100.01	-684.665	0
-3093.22	-689.712	0
-3116.53	-695.894	0
-3086.25	-695.551	0
-3084.46	-700.438	0
-3065.64	-706.788	0
-3104.27	-709.474	0
-3024.77	-705.375	0
-3068.69	-722.283	0
-3047	-712.965	0
-3029.71	-722.906	0
-3009.42	-727.811	0
-3024.45	-723.743	0
-3009.06	-735.032	0
-2975.53	-731.897	0
-3007.06	-746.658	0
-2964.77	-729.779	0
-3000.13	-755.725	0
-2925.73	-743.105	0
-3004.19	-747.043	0
-2936.27	-765.638	0
-2939.43	-747.271	0
-2948.67	-765.678	0
-2931.43	-764.07	0
-2914.31	-767.122	0
-2894.67	-766.051	0
-2929.53	-778.549	0
-2862.93	-771.363	0
-2882.27	-777.368	0
-2878.33	-784.719	0
-2867.55	-780.949	0
-2833.37	-785.195	0
-2862.86	-795.309	0
-2846.79	-788.154	0
-2814.83	-791.561	0
-2840.32	-807.8	0
-2816.21	-792.477	0
-2825.39	-806.136	0
-2774.66	-811.15	0
-2830.17	-802.793	0
-2764.94	-816.348	0
-2779.5	-815.56	0
-2763.34	-812.815	0
-2768.2	-825.436	0
-2741.08	-822.74	0
-2719.29	-822.036	0
-2766.1	-833.18	0
-2688.36	-828.419	0
-2729.45	-833.716	0
-2694.14	-841.561	0
-2725.84	-832.812	0
-2658.49	-848.386	0
-2703.36	-836.945	0
-2685.4	-853.556	0
-2655.19	-847.13	0
-2662.18	-851.794	0
-2660.29	-854.704	0
-2647.17	-856.572	0
-2601.16	-859.74	0
-2659.28	-862.985	0
-2587.46	-856.495	0
-2608.02	-881.294	0
-2581.51	-851.513	0
-2600.56	-879.443	0
-2556.8	-873.804	0
-2562.02	-867.599	0
-2582.31	-885.075	0
-2522.39	-876.516	0
-2563.94	-880.884	0
-2514.47	-881.893	0
-2565.61	-894.591	0
-2479.05	-878.609	0
-2539.26	-896.812	0
-2506.38	-892.944	0
-2484.2	-894.111	0
-2483.45	-896.937	0
-2484.5	-909.801	0
-2469.27	-887.109	0
-2426.85	-922.271	0
-2476.36	-898.984	0
-2419.89	-911.942	0
-2423.77	-917.302	0
-2411.32	-909.611	0
-2433.69	-927.832	0
-2371.25	-912.226	0
-2398.74	-934.678	0
-2404.21	-917.705	0
-2355.75	-937.556	0
-2383.47	-927.135	0
-2352.11	-936.516	0
-2378.5	-936.27	0
-2318.56	-939.485	0
-2355.25	-942.077	0
-2331.29	-941.684	0
-2315.49	-951.394	0
-2304.05	-942.305	0
-2305.56	-956.188	0
-2305.56	-952.143	0
-2245.06	-958.556	0
-2302.7	-953.264	0
-2250.12	-967.749	0
-2253.27	-959.768	0
-2226.57	-966.667	0
-2276.87	-970.349	0
-2187.44	-968.842	0
-2234.05	-970.363	0
-2225.19	-982.213	0
-2189.36	-967.819	0
-2199.1	-988.79	0
-2186.19	-976.701	0
-2204.19	-985.354	0
-2134.07	-984.349	0
-2198.97	-989.595	0
-2140.55	-988.989	0
-2150.62	-994.443	0
-2129.18	-990.621	0
-2135.11	-1001.54	0
-2123.76	-997.432	0
-2079.8	-997.182	0
-2126.32	-1011.04	0
-2067.24	-996.348	0
-2085.94	-1009.61	0
-2044.1	-1014.92	0
-2094.54	-999.677	0
-2014.77	-1020.56	0
-2046.13	-1014.25	0
-2045.22	-1008.86	0
-2002.06	-1026.02	0
-2023.08	-1013.36	0
-1996.19	-1023.84	0
-2021.55	-1021.4	0
-1952.89	-1027.67	0
-2003.31	-1026.33	0
-1968.91	-1025.22	0
-1963.92	-1039.61	0
-1939.06	-1020.72	0
-1974.15	-1043.14	0
-1921.36	-1031.46	0
-1913.96	-1041.11	0
-1944.55	-1035.79	0
-1892.19	-1040.65	0
-1901.21	-1045.24	0
-1877.07	-1036.62	0
-1913.57	-1051.38	0
-1820.6	-1046.84	0
-1890.54	-1039.97	0
-1845.02	-1058.3	0
-1830.74	-1047.39	0
-1831.97	-1049.18	0
-1817.25	-1060.21	0
-1829.07	-1048.73	0
-1765.77	-1061.33	0
-1824.01	-1055.96	0
-1771.37	-1060.19	0
-1772.94	-1057.29	0
-1759.98	-1070.18	0
-1772.87	-1054.19	0
-1737.39	-1073.18	0
-1727.72	-1060.17	0
-1760.74	-1074.22	0
-1695.06	-1065.92	0
-1729.93	-1071.95	0
-1684.25	-1074.08	0
-1730.42	-1071.39	0
-1646.8	-1076.16	0
-1698.55	-1076.02	0
-1670.19	-1081.5	0
-1645.17	-1067.52	0
-1653.82	-1094.62	0
-1636.56	-1072.54	0
-1646.63	-1082.54	0
-1581.05	-1088.55	0
-1647.07	-1079.81	0
-1583.2	-1087.99	0
-1590.65	-1088.81	0
-1571.15	-1084.99	0
-1595.01	-1094.09	0
-1539.88	-1082.64	0
-1545.42	-1105.33	0
-1574.65	-1074.89	0
-1498.34	-1112.46	0
-1544.38	-1085.5	0
-1502.45	-1097.43	0
-1529.31	-1105.8	0
-1460.43	-1091.41	0
-1516.12	-1103.63	0
-1478.16	-1101.36	0
-1451.06	-1101.03	0
-1481.77	-1104.09	0
-1440.31	-1104.23	0
-1465.67	-1107.73	0
-1397.3	-1104.09	0
-1474.33	-1107.98	0
-1390.13	-1116.23	0
-1414.32	-1103.6	0
-1410.74	-1111.88	0
-1389.41	-1123.51	0
-1387.47	-1099.72	0
-1357.79	-1127.14	0
-1405.43	-1114.13	0
-1317.1	-1116.41	0
-1377.94	-1125.07	0
-1323.35	-1117.9	0
-1353.26	-1121.96	0
-1295.93	-1120.03	0
-1331.82	-1137.24	0
-1308.85	-1111.11	0
-1278.84	-1138.78	0
-1298.99	-1125.1	0
-1281.46	-1130.74	0
-1269.71	-1128.27	0
-1236.5	-1139.1	0
-1296.31	-1126.53	0
-1207.37	-1137.2	0
-1239.54	-1141.08	0
-1236.81	-1132.08	0
-1209.31	-1141.24	0
-1199.48	-1140.49	0
-1201.86	-1141.01	0
-1207.86	-1143.17	0
-1135.71	-1142.77	0
-1213.37	-1150.66	0
-1135.15	-1140.15	0
-1164	-1155.49	0
-1129.38	-1146.81	0
-1145.87	-1146.84	0
-1127.1	-1161.37	0
-1098.16	-1144.99	0
-1125.25	-1156.04	0
-1091.51	-1156.65	0
-1090.51	-1154.65	0
-1065.32	-1158.39	0
-1101.61	-1156.98	0
-1033.42	-1161.25	0
-1061.22	-1153.47	0
-1057.48	-1168.26	0
-1021.9	-1154.89	0
-1028.42	-1168.23	0
-1020.33	-1159.75	0
-1028.24	-1169.05	0
-960.905	-1162.48	0
-1033.47	-1169.53	0
-966.829	-1167.07	0
-972.968	-1165.68	0
-965.167	-1175.91	0
-974.648	-1168.86	0
-934.311	-1167.42	0
-935.433	-1182.18	0
-960.526	-1161.53	0
-896.599	-1187.9	0
-926.175	-1165.35	0
-901.973	-1183.24	0
-918.442	-1172.17	0
-855.834	-1185.03	0
-906.953	-1173.05	0
-877.438	-1186.14	0
-837.652	-1176.83	0
-878.029	-1184.41	0
-838.823	-1182.75	0
-845.441	-1185.33	0
-810.997	-1184.54	0
-852.263	-1181.96	0
-792.382	-1190.97	0
-806.674	-1185.81	0
-800.432	-1189.68	0
-791.277	-1184.5	0
-773.783	-1197.32	0
-761.189	-1182.22	0
-792.992	-1201.07	0
-718.59	-1184.06	0
-767.448	-1194.23	0
-729.235	-1198.56	0
-738.668	-1190.36	0
-701.502	-1197.23	0
-727.442	-1193.48	0
-710.365	-1202.75	0
-664.526	-1190.7	0
-721.538	-1202.03	0
-657.196	-1199.12	0
-685.805	-1196.96	0
-636.752	-1205.56	0
-694.24	-1200.23	0
-614.017	-1201.15	0
-637.599	-1209.01	0
-659.401	-1199	0
-592.222	-1211.5	0
-626.493	-1199.94	0
-602.219	-1217.29	0
-615.749	-1200.12	0
-553.816	-1214.88	0
-617.655	-1205.88	0
-555.674	-1219.22	0
-565.102	-1200.86	0
-562.042	-1225.57	0
-550.013	-1205.52	0
-547.927	-1220.53	0
-510.774	-1213.22	0
-557.353	-1221.22	0
-494.819	-1213.23	0
-518.51	-1224.82	0
-492.543	-1215.94	0
-514.785	-1225.61	0
-459.416	-1219.37	0
-481.604	-1224.71	0
-496.902	-1224.84	0
-419.093	-1223.22	0
-482.015	-1229.02	0
-436.688	-1221.33	0
-444.167	-1233.81	0
-406.652	-1227.67	0
-449.797	-1224.08	0
-403.158	-1239.57	0
-386.727	-1226.22	0
-428.419	-1227.28	0
-367.011	-1242	0
-390.007	-1223.84	0
-357.343	-1237.94	0
-402.088	-1237.2	0
-309.58	-1228.28	0
-378.849	-1240.13	0
-333.16	-1236.58	0
-329.201	-1234.79	0
-324.258	-1234.79	0
-317.676	-1243.08	0
-320.687	-1234.76	0
-269.349	-1239.8	0
-326.961	-1239.82	0
-262.251	-1242.54	0
-284.055	-1234.27	0
-259.499	-1245.7	0
-275.218	-1240.3	0
-243.503	-1238.52	0
-227.946	-1248.17	0
-274.586	-1237.45	0
-189.539	-1244.55	0
-237.15	-1247.85	0
-208.346	-1240.51	0
-213.804	-1247.31	0
-171.694	-1244.31	0
-207.887	-1244.49	0
-182.719	-1247.09	0
-144.686	-1241.09	0
-195.231	-1254.25	0
-140.94	-1238.38	0
-151.997	-1252.52	0
-128.566	-1246.14	0
-157.147	-1246.67	0
-102.52	-1249.66	0
-116.221	-1251.19	0
-128.88	-1243.41	0
-83.1163	-1251	0
-100.624	-1252.35	0
-76.9889	-1244.08	0
-107.767	-1253.21	0
-28.6108	-1249.4	0
-100.692	-1249.04	0
-42.22	-1249.16	0
-48.0668	-1257.94	0
-37.6775	-1239.99	0
-45.0197	-1260.11	0
-24.237	-1247.96	0
2.48689	-1252.66	0
-48.4758	-1251.34	0
28.5936	-1250.7	0
-12.2089	-1250.28	0
15.9493	-1249.69	0
8.30355	-1250.38	0
35.7598	-1254.22	0
32.9633	-1248.53	0
15.574	-1247.76	0
84.4962	-1255.85	0
22.4479	-1251.22	0
80.3343	-1243.51	0
51.1045	-1264.88	0
101.034	-1240.34	0
57.1628	-1254.72	0
97.5605	-1260.08	0
114.845	-1240.41	0
75.9834	-1259.1	0
133.531	-1252.93	0
105.587	-1248.87	0
142.2	-1256.93	0
103.539	-1250.36	0
170.335	-1256	0
133.802	-1249.88	0
139.712	-1258.13	0
183.296	-1253.72	0
154.421	-1249.54	0
174.921	-1257.51	0
171.066	-1253.64	0
219.503	-1256.55	0
150.644	-1247.56	0
224.417	-1266.04	0
211.346	-1242.47	0
198.522	-1263.06	0
223.998	-1256.85	0
233.112	-1249.08	0
237.602	-1257.79	0
209.178	-1264.07	0
292.651	-1251.02	0
218.829	-1254.24	0
271.048	-1267.51	0
266.984	-1247.91	0
273.724	-1258.95	0
271.607	-1267.57	0
281.343	-1249.46	0
315.094	-1258.4	0
260.298	-1268.17	0
333.097	-1251.64	0
291.768	-1255.04	0
329.535	-1273.17	0
302.613	-1246.93	0
340.695	-1263.44	0
340.263	-1263.08	0
310.37	-1259.77	0
379.043	-1251.56	0
330.337	-1275.45	0
368.894	-1246.56	0
343.089	-1266.04	0
406.598	-1257.01	0
334.516	-1266.17	0
400.122	-1251.86	0
398.233	-1266.55	0
366.228	-1260.69	0
420.534	-1255.65	0
389.658	-1266.29	0
435.009	-1257.83	0
376.333	-1262.51	0
465.413	-1254.93	0
407.851	-1270.06	0
429.743	-1252.81	0
454.484	-1260.81	0
442.662	-1263.4	0
458.214	-1255.98	0
433.41	-1260.87	0
516.472	-1260.59	0
421.095	-1257.59	0
503.917	-1257.45	0
481.772	-1262.8	0
487.149	-1257.49	0
492.931	-1254.51	0
507.389	-1264.18	0
526.352	-1253.03	0
470.56	-1257.68	0
569.604	-1259.88	0
503.404	-1253.69	0
533.473	-1253.47	0
544.247	-1263.47	0
553.866	-1249.37	0
540.687	-1256.05	0
553.987	-1258.08	0
597.809	-1249.27	0
528.658	-1259	0
603.239	-1249.95	0
578.834	-1253.85	0
596.551	-1252.61	0
574.489	-1255.18	0
629.249	-1249.09	0
605.007	-1254.92	0
586.714	-1247.78	0
668.337	-1250.99	0
591.087	-1249.57	0
652.669	-1251.87	0
629.554	-1243.84	0
666.569	-1254.29	0
630.545	-1245.82	0
668.271	-1242.8	0
683.468	-1250.95	0
640.535	-1245.01	0
707.024	-1239.1	0
668.743	-1252.18	0
705.171	-1239.15	0
676.876	-1240.13	0
723.794	-1253.33	0
704.886	-1229.58	0
700.537	-1250.01	0
748.56	-1236.08	0
709.022	-1242.93	0
751.153	-1232.97	0
716.438	-1247.7	0
784.106	-1226.8	0
714.38	-1244.84	0
782.701	-1234.5	0
763.987	-1235.92	0
761.565	-1233.89	0
786.815	-1234.88	0
769.672	-1229.69	0
818.652	-1232.45	0
750.003	-1233.09	0
844.616	-1221.67	0
786.885	-1238.19	0
806.801	-1217.58	0
834.518	-1230.85	0
812.974	-1225.7	0
842.353	-1217.71	0
806.149	-1228.97	0
890.505	-1218.33	0
796.438	-1221.5	0
885.191	-1219.1	0
852.345	-1222.79	0
860.893	-1206.04	0
871.563	-1231.66	0
875.299	-1203.29	0
901.663	-1222.27	0
849.417	-1206.63	0
934.445	-1219.17	0
877.504	-1204.72	0
907.077	-1216.44	0
910.997	-1206.42	0
927.343	-1211.79	0
906.109	-1204.85	0
922.689	-1212.26	0
969.39	-1201.77	0
888.012	-1210.21	0
977.001	-1202.42	0
943.985	-1207.32	0
948.296	-1204.32	0
956.748	-1198.61	0
973.507	-1210.94	0
980.115	-1196.97	0
938.036	-1202.06	0
1034.04	-1203.51	0
945.856	-1194.63	0
1003.59	-1198.96	0
999.126	-1204.72	0
1011.15	-1187.07	0
986.883	-1199.92	0
1024.24	-1202.93	0
1037.12	-1178.74	0
982.933	-1207.78	0
1063.36	-1184.96	0
1018.55	-1193.05	0
1049.85	-1190.75	0
1021.61	-1191.32	0
1083.04	-1185.81	0
1034.27	-1186.39	0
1049.5	-1193.85	0
1102.53	-1178.65	0
1029.74	-1187.6	0
1106.16	-1186.02	0
1060.35	-1181.33	0
1111.09	-1182.76	0
1059.44	-1182.39	0
1116.57	-1182.68	0
1112.39	-1173.18	0
1068.1	-1187.13	0
1152.36	-1169.87	0
1090.31	-1182.73	0
1140.85	-1167.02	0
1100.06	-1183.32	0
1164.79	-1165.2	0
1113.4	-1177.07	0
1137.27	-1167.21	0
1176.64	-1172.17	0
1114.94	-1163.18	0
1182.84	-1166.06	0
1143.02	-1171.85	0
1192.55	-1153.28	0
1138.85	-1171.28	0
1202.61	-1157.39	0
1178.6	-1161.54	0
1168.42	-1154.62	0
1213.18	-1163.25	0
1186.34	-1147.06	0
1202.07	-1165.27	0
1193.94	-1148.73	0
1240.38	-1152.34	0
1181	-1150.3	0
1235.06	-1155.28	0
1233.89	-1139.73	0
1206.45	-1150.91	0
1249.58	-1145.58	0
1224.74	-1142.53	0
1260.81	-1143.23	0
1211.13	-1144.87	0
1285.3	-1130.84	0
1231.37	-1145.19	0
1259.17	-1131.33	0
1269.99	-1137.58	0
1258.35	-1132.53	0
1277.6	-1129.41	0
1247.79	-1135.93	0
1319.86	-1125.26	0
1234.93	-1131.78	0
1310.46	-1123.14	0
1289.61	-1130.33	0
1276.31	-1120.09	0
1313.16	-1127.89	0
1281.92	-1118.96	0
1333.48	-1119.51	0
1259.98	-1124.49	0
1364.56	-1113.63	0
1276.02	-1114.87	0
1326.07	-1127.2	0
1338.12	-1100.84	0
1308.33	-1122.01	0
1343.69	-1109.45	0
1315.81	-1114	0
1370.05	-1106.12	0
1302.06	-1114.07	0
1380	-1106.27	0
1333.07	-1100.12	0
1354.84	-1118.09	0
1360.61	-1093.77	0
1359.89	-1105.33	0
1375.38	-1107.61	0
1338.43	-1096.48	0
1423.42	-1101.5	0
1328.29	-1101.24	0
1404.97	-1100.2	0
1384.46	-1090.54	0
1379.32	-1105.77	0
1397.77	-1093.8	0
1388.79	-1083.66	0
1420.45	-1107.4	0
1361.62	-1083.99	0
1453.43	-1094.79	0
1377.1	-1088.44	0
1424.2	-1088.96	0
1425.51	-1087.99	0
1406.6	-1082.79	0
1445.61	-1093.25	0
1397.34	-1079.83	0
1476.34	-1083.96	0
1392.08	-1084.47	0
1468.2	-1081	0
1434.66	-1076.96	0
1449.45	-1083.92	0
1451.82	-1077.4	0
1452.24	-1074.02	0
1481.83	-1083.72	0
1420.42	-1071.78	0
1524.52	-1075.76	0
1426.98	-1072.5	0
1497.3	-1076.64	0
1477.79	-1066.67	0
1479.33	-1077.78	0
1493.43	-1066.04	0
1478.06	-1071.18	0
1528.22	-1065.34	0
1451.77	-1069.94	0
1546.65	-1063.67	0
1480.45	-1063.56	0
1518.51	-1071.77	0
1510.35	-1055.89	0
1516.74	-1064.44	0
1531.86	-1064.48	0
1492.34	-1059.54	0
1575.25	-1052.8	0
1488.61	-1073.56	0
1551.22	-1042.35	0
1544.23	-1066.7	0
1528.91	-1051.4	0
1550.6	-1056.44	0
1542.57	-1058.78	0
1571.16	-1043.45	0
1519.07	-1064.59	0
1599.29	-1039.29	0
1538.47	-1056.78	0
1569.54	-1051.01	0
1573.05	-1040.98	0
1574.06	-1053.48	0
1576.67	-1041.11	0
1559.3	-1051.48	0
1628.55	-1036.07	0
1532.17	-1049.48	0
1625.73	-1040.31	0
1585.92	-1035.83	0
1584.14	-1044.63	0
1610.83	-1037.34	0
1597.55	-1032.31	0
1616.58	-1042.58	0
1582	-1029.73	0
1653.75	-1040.2	0
1580.3	-1027.99	0
1634.74	-1031.51	0
1624.46	-1039.23	0
1616.83	-1019.43	0
1634.49	-1035.5	0
1618.88	-1029.69	0
1670.48	-1020.88	0
1588.58	-1029.67	0
1681	-1028.66	0
1636.35	-1017.29	0
1631.2	-1025.67	0
1670.49	-1028.14	0
1645.06	-1010.01	0
1671.41	-1029.97	0
1633.92	-1016.32	0
1709.05	-1015.82	0
1625.84	-1019.18	0
1694.5	-1019.05	0
1676.15	-1010.14	0
1671.21	-1015.31	0
1679.78	-1013.22	0
1684.29	-1016.75	0
1708.17	-999.859	0
1650.09	-1022.05	0
1734.72	-1000.47	0
1683.14	-1011.32	0
1685.1	-1011.12	0
1731	-998.71	0
1692.85	-1016.03	0
1717.96	-997.032	0
1696	-1007.34	0
1757.87	-1003.73	0
1673.89	-998.123	0
1753.54	-1000.38	0
1732.26	-1005.39	0
1709.07	-990.83	0
1753.83	-1003.29	0
1730.92	-995.649	0
1754.59	-993.452	0
1713.73	-994.569	0
1796	-997.607	0
1719.22	-991.072	0
1761.14	-989.308	0
1781.43	-995.901	0
1739.11	-986.301	0
1779.87	-990.586	0
1761.02	-987.074	0
1798.62	-985.129	0
1733.28	-991.053	0
1822.32	-980.983	0
1768.5	-984.583	0
1771.58	-987.295	0
1819	-973.509	0
1771.92	-987.626	0
1807.48	-979.194	0
1782.97	-973.197	0
1839.73	-983.717	0
1766.61	-977.793	0
1827.5	-970.969	0
1832.02	-979.207	0
1776.51	-979.379	0
1861.14	-963.203	0
1798.42	-982.1	0
1850.58	-970.743	0
1802.49	-967.935	0
1870.03	-972.205	0
1813.05	-976.666	0
1841.7	-958.475	0
1874.5	-976.296	0
1812.53	-968.796	0
1882.65	-960.454	0
1834.54	-971.252	0
1884.78	-965.576	0
1827.01	-964.765	0
1900.33	-962.316	0
1862.64	-969.573	0
1851.2	-957.958	0
1916.82	-965.946	0
1849	-960.403	0
1899.58	-964.449	0
1878.74	-959.615	0
1910.31	-961.744	0
1872.42	-960.357	0
1906.01	-964.567	0
1924.34	-956.067	0
1861.48	-963.684	0
1949.48	-957.713	0
1884.28	-961.13	0
1934.36	-960.199	0
1899.29	-962.604	0
1942.22	-951.045	0
1919.93	-970.304	0
1901.55	-949.667	0
1984.86	-967.735	0
1884.5	-950.201	0
1966.9	-963.668	0
1934.69	-954.676	0
1947.41	-957.001	0
1942.2	-962.789	0
1953.7	-952.346	0
1976.15	-954.19	0
1913.6	-965.993	0
2014.09	-946.342	0
1926.44	-960.459	0
1985.86	-956.357	0
1966.56	-953.215	0
1977.45	-957.629	0
1970.24	-953.798	0
1978.64	-956.794	0
2005.58	-950.917	0
1950.52	-958.212	0
2020.84	-955.525	0
1978.63	-947.771	0
1993.36	-959.121	0
2006.51	-953.385	0
1995.9	-949.391	0
2011.03	-957.85	0
1986.05	-949.199	0
2048.47	-951.67	0
1968.2	-956.488	0
2043.25	-947.991	0
2013.91	-954.333	0
2006.89	-951.35	0
2042.86	-951.515	0
2004.4	-950.785	0
2054.21	-950.949	0
1997.56	-949.45	0
2074.75	-950.571	0
2006.62	-950.142	0
2044.1	-946.224	0
2063.95	-949.293	0
2017.71	-951.682	0
2067.19	-936.923	0
2037.05	-957.363	0
2078.49	-939.569	0
2017.71	-946.651	0
2097.97	-945.746	0
2050.14	-945.981	0
2042.46	-942.445	0
2104.96	-944.761	0
2037.72	-943.836	0
2088.55	-945.238	0
2061.35	-936.779	0
2098.11	-954.225	0
2058.58	-934.793	0
2079.84	-947.505	0
2116.5	-940.573	0
2038.12	-948.125	0
2129.05	-936.446	0
2068.72	-943.015	0
2108.81	-950.308	0
2080.31	-931.981	0
2116.84	-950.98	0
2101	-940.375	0
2078.22	-940.427	0
2154.57	-946.367	0
2064.9	-939.3	0
2143.5	-947.57	0
2097.19	-934.271	0
2133.35	-951.384	0
2102.98	-937.145	0
2129.04	-944.379	0
2145.88	-939.055	0
2080.8	-949.683	0
2185.18	-933.057	0
2095.53	-947.325	0
2151.24	-943.746	0
2135.34	-939.057	0
2142.62	-939.092	0
2142.8	-952.696	0
2131.53	-931.997	0
2182.05	-940.497	0
2106.09	-956.277	0
2188.65	-922.879	0
2140.7	-956.64	0
2146.98	-935.876	0
2176.42	-947.502	0
2138.79	-937.588	0
2187.5	-947.513	0
2129.51	-946.785	0
2205.7	-930.064	0
2135.75	-960.98	0
2176.91	-930.515	0
2187.82	-950.222	0
2142.79	-943.843	0
2200.75	-945.245	0
2156.97	-942.019	0
2199.59	-948.561	0
2144.67	-938.828	0
2216.49	-951.226	0
2167.73	-942.269	0
2166.45	-946.091	0
2222.46	-942.747	0
2151.86	-956.929	0
2206.28	-931.061	0
2176.54	-957.271	0
2212.72	-944.166	0
2165.77	-941.688	0
2204.78	-953.998	0
2215.46	-942.08	0
2152.58	-949.484	0
2246.49	-945.874	0
2169.53	-953.227	0
2213.32	-939.964	0
2196.36	-959.295	0
2218.14	-944.943	0
2197.33	-949.002	0
2196.41	-949.061	0
2248.38	-953.048	0
2155.64	-951.277	0
2261.26	-947.92	0
2186.7	-958.852	0
2225.29	-951.241	0
2213.53	-944.677	0
2217.75	-963.11	0
2230.39	-950.575	0
2187.84	-947.112	0
2273.07	-966.926	0
2173.73	-944.84	0
2254.49	-961.101	0
2223.04	-949.263	0
2212.1	-965.872	0
2248.25	-946.166	0
2211.14	-962.655	0
2256.07	-955.737	0
2190.98	-956.816	0
2280.5	-957.61	0
2203.24	-965.495	0
2228.97	-947.254	0
2276.32	-973.073	0
2187.91	-946.639	0
2280.68	-969.172	0
2206.62	-960.183	0
2275.7	-960.189	0
2206.4	-961.548	0
2270.03	-963.686	0
2246.5	-961.95	0
2214.46	-962.978	0
2295.15	-965.301	0
2205.77	-959.334	0
2282.19	-970.232	0
2231.04	-958.079	0
2271.32	-970.837	0
2241.46	-956.578	0
2255.72	-974.967	0
2278.07	-959.2	0
2217.03	-966.737	0
2306.17	-967.746	0
2229.94	-965.209	0
2271.94	-964.141	0
2264.74	-970.396	0
2260.02	-964.369	0
2274.42	-972.978	0
2241.32	-959.814	0
2310.19	-969.917	0
2217.7	-974.098	0
2311.88	-961.751	0
2252.08	-964.332	0
2263.39	-984.986	0
2292.03	-950.889	0
2255.9	-979.341	0
2288.1	-971.862	0
2251.5	-964.652	0
2314.84	-970.548	0
2238.51	-978.311	0
2287.86	-968.008	0
2301.3	-966.746	0
2244.41	-985.081	0
2303.3	-963.008	0
2273.34	-973.241	0
2292.95	-983.367	0
2256.05	-967.105	0
2315.07	-974.505	0
2277.15	-982.295	0
2256.26	-971.952	0
2334.05	-977.823	0
2246.81	-976.157	0
2304.13	-984.239	0
2282.8	-972.857	0
2291.82	-985.004	0
2279.58	-977.895	0
2282.08	-990.631	0
2320.35	-977.717	0
2231.27	-987.699	0
2339.9	-987.83	0
2261.98	-982.506	0
2287.43	-992.402	0
2298.68	-986.532	0
2283.88	-992.004	0
2293.01	-991.73	0
2272.83	-995.145	0
2329	-990.481	0
2241.74	-997.191	0
2325.97	-995.544	0
2283.28	-996.113	0
2268.97	-1006.02	0
2327.31	-988.259	0
2257.99	-1014.49	0
2320.11	-993.466	0
2262.41	-1006.28	0
2327.98	-1003.83	0
2259.33	-1011.48	0
2309.23	-993.452	0
2307.92	-1022.52	0
2256.8	-996.297	0
2332.18	-1015.49	0
2273.27	-1010.43	0
2304.88	-1010.1	0
2289.31	-1017.1	0
2302.7	-1000.84	0
2296	-1032.63	0
2272.45	-1001.11	0
2340.13	-1021.96	0
2244.41	-1020.76	0
2334.92	-1017.41	0
2284.13	-1018.63	0
2285.36	-1028.33	0
2306.09	-1016.46	0
2291.05	-1030.08	0
2304.98	-1024.01	0
2264.53	-1030.99	0
2343.93	-1023.91	0
2254.58	-1035.36	0
2302.14	-1030.47	0
2318.09	-1028.87	0
2258.37	-1038.47	0
2321.25	-1038.71	0
2273.54	-1034.23	0
2318.1	-1037.54	0
2254.89	-1047.13	0
2328.17	-1034.06	0
2277.7	-1048.47	0
2269.88	-1043.72	0
2332.69	-1051.13	0
2254.19	-1038.7	0
2303.95	-1059.28	0
2287.97	-1051.94	0
2293.26	-1040.06	0
2278.95	-1069.98	0
2286.24	-1046.72	0
2313.94	-1060.66	0
2235.41	-1054	0
2339.69	-1072.36	0
2253.95	-1045.34	0
2286.93	-1071.05	0
2301.07	-1067.66	0
2268.55	-1062.06	0
2290.07	-1063.04	0
2268.19	-1076.77	0
2322.44	-1065.75	0
2219.8	-1067.96	0
2332.29	-1077.68	0
2269.07	-1077.03	0
2247.37	-1066.99	0
2325.82	-1082.44	0
2244.95	-1081.11	0
2292.68	-1069.98	0
2260.99	-1092.3	0
2303.82	-1073.05	0
2240.72	-1090.12	0
2288.85	-1078.85	0
2299.12	-1090.55	0
2219.01	-1085.28	0
2320.85	-1087.35	0
2245.69	-1089.68	0
2279.24	-1092.95	0
2259.18	-1089.63	0
2279.31	-1092.75	0
2270.06	-1101.75	0
2235.52	-1090.93	0
2318.29	-1098.69	0
2206.11	-1103.17	0
2303.75	-1102.43	0
2247.05	-1095.15	0
2248.8	-1113	0
2282.01	-1102.55	0
2231.09	-1105.33	0
2283.78	-1117.25	0
2218.78	-1104.36	0
2292.1	-1114.67	0
2222.32	-1116.7	0
2254.41	-1117.81	0
2271.21	-1109.11	0
2212.15	-1127.57	0
2270.27	-1122.63	0
2232.34	-1113.48	0
2252.51	-1132.71	0
2219.86	-1126.19	0
2263.96	-1123.62	0
2233.97	-1132.04	0
2208.32	-1136.26	0
2285.15	-1127.58	0
2188.22	-1138.15	0
2255.22	-1137.95	0
2224.94	-1134.36	0
2231.48	-1144.37	0
2225.59	-1143.07	0
2217.76	-1135.75	0
2254.37	-1155.27	0
2178.34	-1137.61	0
2268.21	-1154.87	0
2189.1	-1147.39	0
2226.24	-1150.44	0
2234.84	-1163.54	0
2190.3	-1144.94	0
2239.09	-1158.54	0
2195.59	-1164.88	0
2234.62	-1156.08	0
2182.74	-1163.57	0
2235.89	-1162.3	0
2206.66	-1177.75	0
2171.66	-1152.22	0
2271.25	-1183.76	0
2144.64	-1166.87	0
2228.76	-1173.34	0
2209.66	-1179.66	0
2186.65	-1175.27	0
2199.93	-1180.72	0
2200.22	-1181.75	0
2217.43	-1184.17	0
2142.95	-1183.91	0
2249.43	-1188.6	0
2162.71	-1188.93	0
2183.15	-1196.09	0
2215.73	-1186.89	0
2162.51	-1198.22	0
2206.3	-1199.57	0
2157.85	-1192.92	0
2223.68	-1205.72	0
2138.49	-1196.62	0
2203.59	-1214.17	0
2188.02	-1196.42	0
2138.27	-1213.92	0
2224.27	-1209.61	0
2133.59	-1213.34	0
2196.96	-1209.53	0
2157.78	-1223.75	0
2176.8	-1207.9	0
2162.77	-1226.19	0
2159.24	-1224.95	0
2191.61	-1214.74	0
2108.91	-1229.44	0
2218.86	-1228.39	0
2121.41	-1231.21	0
2152.96	-1225.21	0
2182.18	-1241.39	0
2120.84	-1229.05	0
2172.77	-1241.54	0
2122.76	-1235.15	0
2177.61	-1248.3	0
2103.22	-1236.94	0
2167.09	-1255.66	0
2145.28	-1239.59	0
2097.89	-1259.13	0
2183.82	-1249.63	0
2095.23	-1256.7	0
2148.89	-1257.63	0
2113.95	-1263.52	0
2140.96	-1256.75	0
2117.59	-1272.78	0
2108.24	-1260.97	0
2155.3	-1274.2	0
2069.53	-1263.83	0
2155.11	-1285.58	0
2097.65	-1263.74	0
2097.18	-1284.95	0
2136.78	-1275.27	0
2082.32	-1290.03	0
2127.64	-1273.03	0
2069.84	-1294.23	0
2147.8	-1285.98	0
2054.28	-1290.58	0
2115.64	-1290.8	0
2113.95	-1293.65	0
2042.99	-1302.92	0
2142.92	-1290.24	0
2050.3	-1303.04	0
2102.9	-1309.39	0
2074.02	-1296.32	0
2090.73	-1309.4	0
2077.06	-1315.73	0
2054.28	-1299.85	0
2122.6	-1318.96	0
2014.43	-1317.65	0
2109.19	-1315.08	0
2059.62	-1314.61	0
2040.99	-1327.82	0
2099.75	-1321.54	0
2029.76	-1324.35	0
2075.78	-1323.41	0
2037.21	-1337.54	0
2083.69	-1322.08	0
2018.54	-1331.68	0
2059.47	-1346.03	0
2071.51	-1322.9	0
1999.5	-1342.81	0
2083.72	-1346.31	0
2017.03	-1332.09	0
2043.3	-1340.73	0
2036.67	-1359.48	0
2036.23	-1331.03	0
2035.28	-1354.52	0
2004.66	-1349.6	0
2076.74	-1352.51	0
1975.11	-1348.81	0
2050.97	-1353.07	0
2027.33	-1364.18	0
1989.42	-1349.65	0
2058.53	-1355.81	0
1977.61	-1366.33	0
2041.63	-1365.87	0
1986.82	-1344.48	0
2035.71	-1387.69	0
1987.01	-1351.11	0
2000.26	-1367.8	0
2039.61	-1371.85	0
1946.13	-1375.7	0
2046.29	-1358.71	0
1973.2	-1381.42	0
1992.67	-1370.28	0
2009.17	-1375.14	0
1969.35	-1374.44	0
2009.82	-1379.57	0
1954.32	-1380.15	0
2026.66	-1373.38	0
1941.05	-1389.4	0
1994	-1376.59	0
1995.84	-1384.63	0
1935.09	-1387.64	0
2013.04	-1387.33	0
1941.04	-1381.08	0
1986.45	-1399.9	0
1952.58	-1383.03	0
1982.45	-1392.23	0
1948.75	-1398.34	0
1946.92	-1390.45	0
1998.94	-1400.11	0
1899.87	-1398.28	0
1996.81	-1395.16	0
1936.1	-1406.57	0
1933.6	-1399.63	0
1977.01	-1402.19	0
1911.35	-1410.11	0
1968.14	-1402.66	0
1915.31	-1410.13	0
1964.02	-1408.37	0
1907.71	-1413.99	0
1938.95	-1407.26	0
1955.15	-1419.6	0
1876.49	-1414.08	0
1984.09	-1416.53	0
1877.24	-1418.28	0
1940.63	-1420.16	0
1921.08	-1423.56	0
1905.49	-1422.38	0
1922.19	-1422.33	0
1894.24	-1429.72	0
1949.18	-1425.16	0
1854.94	-1428.32	0
1943.81	-1431.77	0
1898.49	-1426.82	0
1870.25	-1440.2	0
1941.01	-1429.37	0
1862.34	-1436.53	0
1908.99	-1436.45	0
1874.77	-1435.74	0
1919.19	-1443.91	0
1857.91	-1434.67	0
1886.8	-1449.24	0
1917.15	-1435.74	0
1824.56	-1453.1	0
1928	-1439.94	0
1852.93	-1448.22	0
1871.17	-1448.48	0
1890.97	-1450.41	0
1845.12	-1450.72	0
1894.6	-1453.6	0
1830.2	-1450.55	0
1906.52	-1457.91	0
1819.67	-1449.09	0
1880.55	-1466.25	0
1867.94	-1452.8	0
1813.43	-1455.05	0
1905.15	-1470.1	0
1810.44	-1456.93	0
1861.77	-1457.37	0
1847.85	-1473.34	0
1842.65	-1464.18	0
1835.86	-1459.68	0
1837.6	-1474.72	0
1862.31	-1475.33	0
1789.42	-1459.12	0
1880.16	-1484.8	0
1807.35	-1468.6	0
1815.82	-1480.18	0
1866.25	-1466.64	0
1787.51	-1493.62	0
1847.18	-1470.89	0
1804.94	-1479.16	0
1838.52	-1487.25	0
1797.04	-1482.64	0
1821.15	-1484.97	0
1833.16	-1480.95	0
1759.25	-1496.45	0
1870.58	-1480.18	0
1762.51	-1492.53	0
1812.69	-1492.03	0
1819.41	-1490.73	0
1772.27	-1490.8	0
1821.67	-1499.07	0
1771.17	-1492.72	0
1820.42	-1496.05	0
1755.71	-1498.54	0
1817.22	-1501.1	0
1782.58	-1501.77	0
1750.76	-1496.49	0
1837.03	-1510.71	0
1731.7	-1500.87	0
1801.89	-1510.08	0
1772.1	-1504.66	0
1769.28	-1513.15	0
1772.14	-1507.62	0
1765.82	-1514.72	0
1785.85	-1513.74	0
1719.79	-1513.56	0
1811.09	-1518.55	0
1735	-1516.89	0
1739.51	-1518.36	0
1802.78	-1522.77	0
1699.96	-1516.54	0
1786.98	-1528.34	0
1731.83	-1522.73	0
1755.42	-1524.3	0
1730.5	-1528	0
1753.5	-1527.44	0
1746.72	-1530.41	0
1698.3	-1525.46	0
1792.1	-1535.84	0
1676.65	-1529.98	0
1754.49	-1538.36	0
1736.53	-1530.36	0
1691.19	-1536.5	0
1754.41	-1542.36	0
1695.87	-1536.24	0
1740.33	-1541.55	0
1687.34	-1543.28	0
1730.71	-1540.51	0
1713.8	-1544.86	0
1677.71	-1548.39	0
1751.89	-1549.98	0
1651.71	-1543.32	0
1737.44	-1553.06	0
1685.45	-1562.53	0
1685.65	-1536.86	0
1716.24	-1567.45	0
1658.85	-1557.23	0
1724.35	-1550.67	0
1651.84	-1566.13	0
1718.84	-1564.59	0
1654.02	-1553.77	0
1682.32	-1570.94	0
1714.49	-1567.39	0
1609.46	-1566.68	0
1735.29	-1564.61	0
1635.06	-1580.05	0
1673.99	-1560.57	0
1678.76	-1585.69	0
1646.67	-1565.72	0
1681.06	-1577.82	0
1619.7	-1587.81	0
1716.46	-1563.6	0
1596.67	-1592.83	0
1674.18	-1578.31	0
1667.81	-1580.59	0
1599.97	-1588.65	0
1693.19	-1588.38	0
1609.58	-1586.42	0
1651.17	-1583.4	0
1633.21	-1600.01	0
1635.62	-1586.74	0
1641.96	-1595.75	0
1603.63	-1593.4	0
1673.53	-1593.23	0
1570.25	-1609.55	0
1670.22	-1587.21	0
1606.79	-1605.64	0
1592.71	-1608.94	0
1666.03	-1594.44	0
1565.84	-1609.99	0
1641.96	-1617.04	0
1591.81	-1595.31	0
1618.71	-1619.05	0
1595.21	-1618.19	0
1597.65	-1605.91	0
1627.07	-1622.78	0
1548.92	-1616.94	0
1639.69	-1623.21	0
1569.89	-1617.78	0
1582.25	-1631.6	0
1615.86	-1621.03	0
1545.79	-1627.35	0
1616.17	-1631.8	0
1557.63	-1632.17	0
1594.94	-1632.99	0
1555.6	-1634.21	0
1582.49	-1637.62	0
1581.9	-1639	0
1525.83	-1641.5	0
1628.44	-1639.22	0
1504.59	-1647.79	0
1583.28	-1640.13	0
1572.62	-1654.73	0
1527.26	-1644.91	0
1578.29	-1652.63	0
1529.68	-1651.28	0
1576.83	-1658.81	0
1512.4	-1647.31	0
1570.98	-1665.87	0
1535.34	-1653.39	0
1515.05	-1665.8	0
1587.27	-1653.54	0
1477.24	-1676.74	0
1577.65	-1651.6	0
1502.36	-1675.25	0
1527.77	-1662.03	0
1548.11	-1675.18	0
1489.85	-1666.79	0
1548.55	-1673.32	0
1491.55	-1674.23	0
1535.45	-1677.26	0
1497.86	-1671.83	0
1511.04	-1688.35	0
1528.75	-1669.33	0
1456.16	-1688.18	0
1559.93	-1681.32	0
1462.41	-1686.39	0
1498.3	-1682.07	0
1517.69	-1687.43	0
1465.78	-1695.17	0
1509.73	-1682.46	0
1468.1	-1699.69	0
1514.55	-1686.61	0
1441.82	-1701.33	0
1506.72	-1695.31	0
1491.03	-1697.89	0
1418.94	-1696.86	0
1536.43	-1708.77	0
1431.62	-1688.08	0
1468.52	-1717.8	0
1485.08	-1704.64	0
1441.43	-1698.8	0
1471.38	-1709.33	0
1445.32	-1718.13	0
1483.86	-1702.53	0
1412.35	-1718.86	0
1482.14	-1716.5	0
1448.41	-1712.33	0
1403.7	-1718.09	0
1512.1	-1723.74	0
1383.42	-1719	0
1464.31	-1723.4	0
1438.53	-1718.98	0
1418.78	-1735.51	0
1447.97	-1726.59	0
1415.91	-1717.98	0
1441.67	-1748.43	0
1397.51	-1719.45	0
1459.37	-1739.14	0
1394.69	-1738.65	0
1404.67	-1734.13	0
1465.65	-1738.58	0
1342.27	-1737.88	0
1463.51	-1745.71	0
1392.96	-1742.48	0
1384.84	-1742.95	0
1427.9	-1744.37	0
1382.37	-1748.39	0
1417.03	-1754.93	0
1362.07	-1736.73	0
1438.05	-1758.01	0
1351.14	-1754.66	0
1393.46	-1751.58	0
1424.33	-1752.55	0
1322.9	-1762.94	0
1433.55	-1750.48	0
1350.95	-1763.95	0
1379.06	-1757.85	0
1390.15	-1763.71	0
1347.53	-1763.49	0
1394.57	-1757.29	0
1337.74	-1769.36	0
1403.09	-1775.08	0
1325.95	-1752.9	0
1377.5	-1779.45	0
1371.03	-1767.16	0
1311.71	-1769.82	0
1412.09	-1772.54	0
1298.65	-1782.36	0
1375.31	-1764.46	0
1342.14	-1777.24	0
1327.82	-1783.17	0
1366.39	-1773.57	0
1313.64	-1783.76	0
1359.64	-1772.82	0
1304	-1790.57	0
1364.01	-1780.76	0
1315.36	-1785.46	0
1306.51	-1788.41	0
1376.22	-1782.2	0
1257.78	-1794.87	0
1361.96	-1786.59	0
1311.88	-1793.79	0
1294.53	-1796.47	0
1327.48	-1786.02	0
1299.52	-1799.46	0
1320.91	-1799.89	0
1278.06	-1792.43	0
1333.55	-1805.96	0
1272.57	-1796.46	0
1294.94	-1798.49	0
1326.25	-1814.37	0
1237.26	-1794.18	0
1341.54	-1811.81	0
1253.54	-1807.14	0
1273.76	-1804.5	0
1316.85	-1814.04	0
1239.43	-1813.57	0
1299.7	-1808.45	0
1250.63	-1817.69	0
1292.82	-1815.42	0
1239.03	-1820.97	0
1277.21	-1820.99	0
1280.11	-1819.78	0
1204.15	-1825.04	0
1312.99	-1824.86	0
1214.35	-1824.01	0
1254.63	-1837.58	0
1270.32	-1825.49	0
1202.45	-1830.88	0
1273.23	-1840.12	0
1216.18	-1825.02	0
1252.62	-1853.07	0
1212.31	-1827.78	0
1241.93	-1842.1	0
1231.3	-1845.71	0
1186.62	-1842.65	0
1280.9	-1846.89	0
1158.48	-1842.49	0
1243.09	-1857.48	0
1215.47	-1836.98	0
1180.86	-1861.59	0
1242.22	-1848.54	0
1172.99	-1854.76	0
1222.5	-1856.65	0
1170.18	-1851.75	0
1220.26	-1861.73	0
1184.46	-1861.2	0
1159.12	-1853.62	0
1247.57	-1867.76	0
1108.88	-1863.05	0
1227.43	-1857.33	0
1175.3	-1875.98	0
1139.95	-1861.62	0
1219.65	-1871.92	0
1124.31	-1864.49	0
1193.13	-1874.08	0
1155.28	-1880.57	0
1161.49	-1865.67	0
1161.26	-1881.26	0
1141.96	-1875.57	0
1180.06	-1881.52	0
1108.21	-1874.05	0
1193.23	-1888.35	0
1125.75	-1881.59	0
1117.11	-1886.72	0
1190.48	-1876	0
1091.29	-1899.52	0
1165.08	-1889.31	0
1121.26	-1876.17	0
1123.58	-1898.42	0
1139.78	-1901.89	0
1108.6	-1875.5	0
1145.49	-1904.21	0
1085.61	-1898.95	0
1159.21	-1890.38	0
1067.09	-1897.17	0
1135.36	-1900.74	0
1129.27	-1907.47	0
1053.13	-1889.9	0
1155.99	-1900.99	0
1070.73	-1913.58	0
1098.97	-1899.36	0
1111.58	-1898.95	0
1077.18	-1911.79	0
1111.3	-1909.79	0
1047.96	-1900.45	0
1130.48	-1908.65	0
1048.47	-1919.98	0
1090.5	-1907.15	0
1095.48	-1911.31	0
1028.17	-1913.43	0
1126.56	-1925.47	0
1028.61	-1905.09	0
1079.74	-1929.76	0
1083.68	-1916.63	0
1021.62	-1922.51	0
1098.95	-1922.58	0
1024.59	-1925.26	0
1079.9	-1936.75	0
1030.55	-1918.26	0
1063.84	-1933.35	0
1046.77	-1933.94	0
1016.75	-1936.23	0
1100.38	-1929.58	0
973.983	-1936.13	0
1079.48	-1951.15	0
1038.21	-1923.23	0
989.215	-1946.16	0
1084.07	-1952.64	0
993.898	-1938.42	0
1042.99	-1947.61	0
1006.62	-1948.48	0
1035.51	-1952.69	0
1018.66	-1947.03	0
993.155	-1953.87	0
1056.8	-1963.6	0
963.3	-1946.24	0
1043.55	-1956	0
991.259	-1970.44	0
988.864	-1954.29	0
1051.61	-1959.16	0
934.321	-1971.2	0
1038.26	-1962.69	0
986.854	-1967.89	0
973.496	-1965.24	0
1009.99	-1984.23	0
964.337	-1964.29	0
1008.63	-1970.3	0
932.241	-1989.09	0
1023.62	-1969.22	0
954.334	-1984.68	0
953.543	-1990.53	0
1009.13	-1976.39	0
910.721	-1991.44	0
1004.82	-1985.49	0
939.833	-2001.95	0
943.113	-1983.97	0
990.191	-1997.82	0
907.518	-2001.81	0
971.93	-1999.23	0
921.942	-1998.12	0
974.688	-2005.94	0
905.884	-2012.6	0
938.251	-1999.57	0
966.147	-2011.16	0
869.291	-2016.36	0
981.31	-2013.21	0
895.911	-2011.93	0
922.399	-2025.08	0
934.648	-2020.96	0
883.657	-2009.98	0
947.36	-2036.24	0
887.287	-2024.22	0
910.368	-2026.82	0
915.967	-2029.24	0
882.796	-2036.36	0
919.813	-2027.89	0
858.392	-2045.69	0
951.695	-2025.77	0
836.828	-2050.02	0
902.294	-2040.07	0
919.044	-2040.71	0
813.934	-2044.26	0
946.008	-2062.47	0
848.214	-2034.52	0
875.322	-2056.59	0
877.821	-2063.4	0
864.084	-2045.68	0
880.767	-2059.41	0
840.351	-2067.05	0
901.695	-2063.07	0
825.634	-2054.95	0
867.319	-2071.08	0
869.791	-2075.45	0
815.858	-2057.41	0
901.515	-2085.83	0
805.771	-2066.23	0
852.741	-2077.85	0
866.139	-2076.01	0
794.915	-2083.07	0
879.71	-2086.25	0
809.997	-2077.17	0
842.125	-2092.41	0
814.422	-2087.83	0
834.806	-2085.5	0
834.607	-2097.51	0
785.422	-2092.16	0
870.325	-2103.88	0
765.21	-2093.04	0
838.298	-2098.96	0
813.802	-2114.68	0
771.91	-2092.36	0
859.713	-2114.82	0
754.789	-2112.43	0
812.81	-2102.28	0
811.443	-2123.07	0
760.265	-2108.3	0
814.314	-2121.49	0
775.639	-2120.91	0
803.182	-2124.55	0
741.88	-2117.72	0
810.557	-2136.71	0
769.781	-2116.55	0
733.769	-2140.15	0
837.26	-2137.18	0
701.186	-2126.67	0
788.147	-2143.18	0
770.164	-2133.33	0
716.555	-2147.14	0
798.813	-2143.83	0
714.347	-2142.31	0
767.094	-2156.82	0
727.134	-2140.05	0
747.143	-2153.92	0
741.311	-2160.9	0
709.691	-2147.75	0
780.529	-2168.44	0
665.748	-2150.45	0
768.012	-2166.15	0
709.741	-2169.69	0
692.161	-2152.83	0
763.127	-2183.33	0
666.996	-2163.92	0
734.081	-2175.44	0
698.147	-2169.95	0
688.094	-2177.66	0
721.188	-2179.08	0
671.216	-2183.55	0
718.382	-2179.48	0
667.503	-2189.16	0
697.698	-2185.41	0
677.38	-2184.97	0
669.296	-2192.75	0
714.035	-2201.73	0
622.487	-2185.15	0
711.77	-2203.02	0
659.772	-2201.42	0
623.257	-2188.59	0
724.15	-2216.91	0
608.297	-2197.11	0
676.387	-2214.99	0
652.963	-2203.02	0
639.425	-2210.87	0
650.709	-2212.09	0
625.549	-2215.48	0
676.719	-2217.38	0
589.618	-2218.6	0
672	-2218.88	0
613.265	-2222.81	0
602.924	-2217.86	0
679.216	-2227.56	0
550.339	-2232.96	0
678.725	-2216.82	0
590.937	-2238.77	0
591.193	-2231.31	0
645.507	-2230.14	0
569.524	-2231.03	0
628.702	-2239.96	0
588.131	-2242.13	0
603.093	-2236.44	0
594.349	-2230.64	0
571.75	-2253.54	0
625.858	-2238.1	0
534.167	-2241.71	0
632.505	-2252.71	0
567.71	-2249.15	0
545.365	-2244.86	0
635.463	-2247.63	0
504.845	-2258.36	0
615.982	-2256.26	0
559.766	-2240.56	0
549.391	-2275.31	0
593.045	-2258.63	0
525.105	-2242.66	0
583.515	-2273.63	0
532.939	-2261.11	0
578.295	-2265.53	0
532.165	-2267.29	0
540.384	-2265.41	0
588.609	-2272.94	0
469.76	-2266.47	0
593.157	-2269.05	0
525.28	-2276.71	0
507.129	-2279.02	0
579.078	-2270.04	0
476.564	-2280.08	0
566.724	-2280.85	0
488.898	-2269.55	0
529.226	-2285.58	0
534.091	-2280.52	0
486.711	-2291.43	0
534.638	-2277.98	0
484.563	-2280.54	0
529.172	-2294.06	0
483.108	-2281.91	0
490.897	-2285.74	0
548.513	-2299.43	0
427.93	-2287.76	0
544.991	-2287.09	0
464.199	-2295.95	0
474.867	-2292.91	0
522.425	-2296.18	0
434.8	-2291.1	0
520.398	-2308.69	0
453.954	-2292.31	0
476.358	-2300.31	0
475.264	-2304.21	0
452.791	-2293.07	0
494.268	-2315.32	0
426.732	-2301.92	0
498.571	-2303.94	0
439.496	-2316.15	0
439.327	-2296.64	0
491.598	-2315.73	0
390.721	-2310.51	0
507.442	-2309.43	0
417.916	-2319.66	0
428.273	-2312.17	0
482.073	-2315.07	0
389.476	-2319.03	0
456.461	-2318.15	0
422.085	-2310.33	0
446.486	-2334.97	0
414.743	-2324.24	0
417.15	-2310.65	0
457.812	-2338.28	0
363.42	-2316.65	0
459.855	-2330.19	0
402.794	-2329.23	0
391.277	-2336.29	0
465.568	-2327.08	0
337.28	-2338.07	0
456.105	-2330.22	0
382.584	-2338.18	0
377.352	-2340.12	0
438.87	-2326.72	0
364.296	-2359.94	0
412.461	-2333.3	0
370.742	-2342.71	0
403.334	-2349.32	0
375.384	-2339.11	0
361.706	-2346.11	0
423.565	-2358.77	0
329.351	-2348.91	0
412.703	-2338.37	0
360.878	-2374.04	0
341.105	-2335.71	0
418.223	-2358.34	0
302.916	-2361.86	0
407.181	-2356.36	0
352.04	-2356.82	0
335.993	-2368.86	0
386.991	-2358.86	0
319.74	-2356.17	0
371.919	-2370.67	0
323.258	-2358.99	0
365.236	-2372.79	0
340.987	-2374.28	0
315.708	-2358.9	0
386.75	-2380.55	0
275.514	-2370.27	0
368.943	-2369.8	0
321.936	-2377.35	0
296.698	-2378.61	0
389.683	-2379.44	0
255.917	-2377.68	0
359.982	-2385.84	0
312.773	-2379.1	0
286.741	-2375.95	0
340.328	-2391.82	0
290.01	-2381.78	0
328.587	-2391.72	0
285.116	-2386.75	0
318.435	-2387.73	0
304.995	-2389.61	0
260.04	-2395.35	0
341.886	-2385.5	0
249.283	-2395.14	0
324.311	-2401.53	0
283.586	-2390.7	0
262.673	-2400.31	0
336.671	-2402.79	0
216.499	-2393.66	0
319.345	-2395.24	0
271.543	-2408.34	0
249.94	-2401.94	0
314.052	-2408.59	0
233.07	-2398.26	0
297.822	-2418.49	0
240.191	-2394.4	0
271.414	-2410.45	0
266.428	-2418.13	0
229.1	-2393.24	0
312.247	-2427.15	0
194.838	-2415.7	0
294.486	-2405.9	0
247.973	-2420.16	0
199.587	-2422.02	0
310.428	-2398.98	0
181.448	-2436.24	0
275.195	-2418.6	0
243.111	-2422.78	0
211.84	-2422.32	0
271.033	-2432.41	0
197.62	-2417.11	0
242.75	-2432.73	0
223.145	-2420.46	0
225.947	-2434.29	0
229.888	-2435.28	0
204.764	-2429.5	0
266.705	-2435.98	0
156.877	-2439.2	0
251.571	-2429.11	0
217.112	-2433.65	0
160.141	-2448.89	0
273.617	-2440.27	0
163.203	-2432.16	0
216.34	-2460.77	0
230.271	-2439.32	0
153.362	-2443	0
241.487	-2456.44	0
159.755	-2438.86	0
210.478	-2453.85	0
194.015	-2452.16	0
180.538	-2452.54	0
210.079	-2467.23	0
162.686	-2447.2	0
214.44	-2462.99	0
143.072	-2449.84	0
203.21	-2465.87	0
184.053	-2455.46	0
129.853	-2462.75	0
244.482	-2470.06	0
126.083	-2456.95	0
177.696	-2469.28	0
201.511	-2476.82	0
111.218	-2444.79	0
208.93	-2479.38	0
132.646	-2466.73	0
169.24	-2466.39	0
173.514	-2471.82	0
135.741	-2482.78	0
192.789	-2467.53	0
108.984	-2464.86	0
195.559	-2487.24	0
117.532	-2469.13	0
141.548	-2466.79	0
184.894	-2485.17	0
94.0218	-2476.46	0
202.407	-2478.99	0
101.968	-2479.86	0
146.518	-2485.79	0
175.185	-2478.6	0
63.5759	-2467.67	0
194.257	-2494.32	0
105.729	-2476.21	0
121.257	-2488.15	0
163.564	-2483.14	0
95.2717	-2486.34	0
162.681	-2497.72	0
91.4802	-2478.38	0
141.53	-2482.15	0
109.574	-2500.36	0
108.233	-2479.25	0
148.037	-2484.04	0
64.5447	-2501.05	0
175.768	-2498.04	0
84.4677	-2481.53	0
96.4723	-2496.09	0
164.836	-2499.3	0
33.2166	-2487.18	0
156.786	-2490.79	0
83.5855	-2498.59	0
87.8087	-2500.21	0
151.976	-2496.03	0
49.4435	-2503.47	0
140.263	-2508.42	0
89.1164	-2501.62	0
84.3115	-2500.55	0
111.641	-2500.35	0
68.3629	-2505.95	0
116.677	-2509.79	0
58.3933	-2501.34	0
125.071	-2511.49	0
79.9683	-2517.16	0
63.741	-2512.42	0
147.293	-2507.42	0
8.95896	-2517.28	0
119.549	-2513.33	0
81.0218	-2506.98	0
35.5841	-2510.12	0
127.498	-2525.31	0
33.607	-2520.49	0
102.8	-2512.05	0
78.8008	-2528.04	0
40.8212	-2524.39	0
115.685	-2522.83	0
22.7279	-2512.93	0
90.888	-2530.68	0
43.5638	-2525.36	0
74.6142	-2513.37	0
70.841	-2539.77	0
30.4574	-2533.02	0
121.461	-2525.9	0
7.93285	-2540.89	0
87.1287	-2523.25	0
71.0765	-2545.48	0
-4.58549	-2525.46	0
125.529	-2535.79	0
-5.8911	-2535.02	0
74.7308	-2539.81	0
70.7837	-2543.14	0
19.9392	-2536.4	0
91.3547	-2562.41	0
19.199	-2535.3	0
73.5477	-2547.04	0
38.4673	-2546.71	0
25.1486	-2543.13	0
75.2583	-2552.71	0
-3.01096	-2539.89	0
84.5422	-2560.24	0
15.0999	-2551.98	0
49.7263	-2552.1	0
67.9013	-2567.58	0
-9.8935	-2556.84	0
93.66	-2554.75	0
-5.87043	-2557.21	0
35.1536	-2558.93	0
64.7838	-2555.2	0
-33.6901	-2560.51	0
83.2047	-2564.25	0
14.1611	-2563.39	0
21.5035	-2560.82	0
58.4442	-2578.17	0
1.6516	-2569.85	0
61.6778	-2563.95	0
-7.84926	-2573	0
47.4724	-2574.49	0
7.18518	-2553.07	0
9.99923	-2585.76	0
45.6144	-2568.6	0
-18.7044	-2573.24	0
59.9528	-2579.67	0
8.29129	-2585.48	0
6.653	-2579.34	0
68.4995	-2589.08	0
-40.2098	-2581.53	0
60.02	-2589.34	0
5.41122	-2574.04	0
-28.7565	-2593.85	0
73.4656	-2578.52	0
-49.3225	-2592.68	0
41.2931	-2588.47	0
10.4057	-2601.5	0
4.18071	-2584.83	0
37.4496	-2607.65	0
-18.8676	-2605.48	0
44.8455	-2594.84	0
-16.2505	-2595.35	0
17.8122	-2609.88	0
-2.8416	-2593.99	0
-21.5593	-2595.19	0
51.4273	-2610.52	0
-65.4651	-2604.8	0
46.7479	-2599.42	0
8.52846	-2615.49	0
-35.4412	-2608.99	0
62.8157	-2624.74	0
-50.1544	-2608.74	0
34.1989	-2614.18	0
6.93925	-2617	0
-60.7643	-2616.07	0
65.6861	-2598.8	0
-67.5119	-2627.66	0
5.56138	-2609.63	0
4.34239	-2611.19	0
-25.2899	-2621.87	0
17.0565	-2623.59	0
-36.6906	-2624.74	0
44.6471	-2627.25	0
-31.4239	-2631.97	0
-2.01384	-2626.58	0
24.2932	-2628.55	0
-53.4716	-2634.99	0
38.194	-2615.34	0
-53.182	-2637.5	0
-8.77431	-2629.55	0
22.8835	-2625.09	0
-77.2156	-2623.28	0
51.9298	-2650.74	0
-38.6545	-2636.23	0
-14.8563	-2633.86	0
40.8603	-2652.62	0
-52.0248	-2643.5	0
42.6151	-2649.22	0
-32.4251	-2642.83	0
-6.90132	-2653.72	0
11.2388	-2644.4	0
-42.4937	-2642.21	0
13.4427	-2637.54	0
-50.2228	-2653.75	0
17.375	-2649.92	0
-30.8471	-2639.99	0
-30.4393	-2659.69	0
53.3199	-2665.87	0
-73.5381	-2649.38	0
46.3649	-2667.22	0
-2.52029	-2678.67	0
-33.8713	-2671.03	0
68.9591	-2663.89	0
-69.2897	-2679.36	0
39.8026	-2674.5	0
-3.04522	-2665.03	0
-48.0502	-2682.33	0
44.2957	-2663.35	0
-55.8163	-2682.01	0
13.4401	-2670.13	0
-6.4629	-2676.53	0
-27.9782	-2683.24	0
31.1548	-2698.16	0
-27.0052	-2677.58	0
34.2435	-2702.05	0
-11.0124	-2702.01	0
25.2903	-2702.3	0
34.4112	-2705.48	0
-37.5128	-2711.02	0
81.295	-2714.08	0
-30.4126	-2701.15	0
18.4294	-2707.85	0
35.6137	-2722.94	0
-48.6051	-2691.46	0
62.4669	-2723.08	0
-43.5552	-2704.16	0
7.41282	-2708.42	0
41.0204	-2713.36	0
-55.6958	-2715.19	0
54.5708	-2722.48	0
1.51434	-2721.04	0
-6.91084	-2732.74	0
63.5906	-2729.34	0
-11.265	-2736.85	0
68.5791	-2743.34	0
4.26423	-2745.91	0
59.1219	-2754.48	0
36.8704	-2743.3	0
25.4417	-2758.74	0
69.7933	-2744.72	0
-3.06816	-2757.84	0
69.228	-2745.61	0
18.4008	-2759.03	0
-3.61807	-2740.39	0
84.1877	-2744.98	0
-41.6009	-2748.34	0
42.9383	-2746.5	0
21.3061	-2732.3	0
-32.8969	-2754.37	0
75.495	-2743.29	0
-59.6994	-2736.31	0
54.5984	-2746.74	0
14.2442	-2753.12	0
-18.9341	-2753.37	0
57.8332	-2754	0
0.338564	-2760.6	0
50.0895	-2771.14	0
19.833	-2766.48	0
47.2385	-2773.48	0
78.248	-2795.68	0
2.53962	-2782.9	0
120.242	-2800.72	0
30.3643	-2794.93	0
92.6436	-2814.35	0
99.7052	-2815.83	0
35.6791	-2810.38	0
162.191	-2837.22	0
49.0379	-2825.68	0
100.744	-2836.02	0
161.423	-2838.65	0
39.843	-2840.02	0
170.32	-2856.7	0
95.235	-2846.18	0
108.666	-2858.08	0
164.638	-2861.39	0
75.3183	-2854.61	0
172.106	-2872.93	0
107.815	-2861.61	0
129.263	-2876.48	0
154.709	-2878.1	0
108.296	-2871.91	0
164.597	-2877.56	0
115.433	-2880.69	0
157.911	-2891.41	0
133.618	-2878.46	0
123.279	-2895.08	0
189.718	-2889.57	0
85.6802	-2892.67	0
186.99	-2894.11	0
147.314	-2893.74	0
97.0328	-2901.65	0
216.707	-2911.23	0
87.0435	-2897.12	0
177.907	-2900.97	0
162.37	-2917.91	0
103.668	-2907.15	0
203.009	-2908.5	0
113.264	-2919.14	0
159.44	-2918.94	0
175.145	-2919.33	0
109.739	-2912.06	0
206.153	-2921.13	0
113.186	-2936.2	0
174.004	-2911.76	0
159.196	-2939.17	0
141.102	-2921.47	0
181.761	-2938.65	0
127.874	-2922.55	0
199.158	-2937.94	0
131.541	-2937.02	0
156.935	-2941.62	0
202.433	-2933.02	0
107.532	-2947.81	0
212.468	-2934.13	0
146.073	-2948.44	0
147.484	-2942.2	0
219.797	-2953.14	0
102.197	-2943.32	0
216.335	-2953.53	0
163.572	-2950.72	0
140.14	-2954.02	0
228.262	-2945.79	0
118.106	-2968.05	0
204.001	-2957.4	0
176	-2958.48	0
149.037	-2954.76	0
212.392	-2978.78	0
148.857	-2954.26	0
203.552	-2956.62	0
152.596	-2986.62	0
191.326	-2963.03	0
197.622	-2971.34	0
137.661	-2965.34	0
239.259	-2984.65	0
142.086	-2966.51	0
187.82	-2980.1	0
223.611	-2973.66	0
119.801	-2993.54	0
248.81	-2969.82	0
161.17	-2988.77	0
177.416	-2978.35	0
234.546	-2990.06	0
134.73	-2995.31	0
248.298	-2980.95	0
160.754	-2996.88	0
186.479	-2999.21	0
251.88	-2991.58	0
132.978	-2991.03	0
243.123	-3005.91	0
193.961	-3002.15	0
192.168	-3006.31	0
220.43	-2995.57	0
185.326	-3016.48	0
242.073	-3003.78	0
180.738	-3009.19	0
220.927	-3004.22	0
234.38	-3026.59	0
171.927	-3013.27	0
271.722	-3005.81	0
170.004	-3028.6	0
251.017	-3012.08	0
239.734	-3018.72	0
168.769	-3023.61	0
297.683	-3027.83	0
179.444	-3013.7	0
242.089	-3035.02	0
266.219	-3025.36	0
173.164	-3017.71	0
306.661	-3032.77	0
199.705	-3037.12	0
233.903	-3021.87	0
291.193	-3034.15	0
183.803	-3044.14	0
301.195	-3021.23	0
229.617	-3037.13	0
241.485	-3043.56	0
291.523	-3028.02	0
212.622	-3044.28	0
293.77	-3046.8	0
240.089	-3028.51	0
279.383	-3045.02	0
265.913	-3048.66	0
247.996	-3030.97	0
316.126	-3046.77	0
222.656	-3047.71	0
303.86	-3046.8	0
288.358	-3041.76	0
234.413	-3048.34	0
350.975	-3045.54	0
222.267	-3047.05	0
316.174	-3044.68	0
303.324	-3051.94	0
235.021	-3058.2	0
363.203	-3040.94	0
236.426	-3052.82	0
314.464	-3056.6	0
336.66	-3047.49	0
226.066	-3049.97	0
367.18	-3060.67	0
275.174	-3054.16	0
294.649	-3060.52	0
338.599	-3047.19	0
268.242	-3067.85	0
353.946	-3042.6	0
281.012	-3065.29	0
318.395	-3061.87	0
335.127	-3052.29	0
280.005	-3069.19	0
358.414	-3063.2	0
291.463	-3050.85	0
333.698	-3070.53	0
337.922	-3062.51	0
290.352	-3063.13	0
374.541	-3068.56	0
277.969	-3071.65	0
363.133	-3065.05	0
339.828	-3072.11	0
284.815	-3070.67	0
406.45	-3066.25	0
277.878	-3078.92	0
361.406	-3070.4	0
360.352	-3082.37	0
279.462	-3079.36	0
414.14	-3075.43	0
299.873	-3081.73	0
340.342	-3078.37	0
393.698	-3087.73	0
283.169	-3080.77	0
404.232	-3091.55	0
317.541	-3083.9	0
347.415	-3096.37	0
385.401	-3086.35	0
315.545	-3084.13	0
387.76	-3101.01	0
335.515	-3095.34	0
370.25	-3080.76	0
366.154	-3114.86	0
331.652	-3096.33	0
399.676	-3097.51	0
333.259	-3095.75	0
383.911	-3104.61	0
374.458	-3105.61	0
329.995	-3092.94	0
433.299	-3109.94	0
316.127	-3111.16	0
389.613	-3112.19	0
404.526	-3095.42	0
319.838	-3111.83	0
445.858	-3119.05	0
332.412	-3102.72	0
390.97	-3101.2	0
420.467	-3130.56	0
320.463	-3117.07	0
452.35	-3097.86	0
345.146	-3126.02	0
399.658	-3120.82	0
433.968	-3103.26	0
323.853	-3119.12	0
463.133	-3125.17	0
370.073	-3115.01	0
387.672	-3130.87	0
431.335	-3116.6	0
371.366	-3130.3	0
434.473	-3118.88	0
386.995	-3128.14	0
417.145	-3122.04	0
421.086	-3131.52	0
375.185	-3129.93	0
465.271	-3139.09	0
366.164	-3118.63	0
437.301	-3144.62	0
430.38	-3133.91	0
384.543	-3123.98	0
478.486	-3137.47	0
362.509	-3142.9	0
452.575	-3136.1	0
456.066	-3139.6	0
354.089	-3139.12	0
493.567	-3146.63	0
407.305	-3141.63	0
421.811	-3133.68	0
479.229	-3148.11	0
365.601	-3146.14	0
504.279	-3147.16	0
419.837	-3148.2	0
403.992	-3148.17	0
495.602	-3163.26	0
399.944	-3139.39	0
482.815	-3155.95	0
424.469	-3150.41	0
436.448	-3160.85	0
498.748	-3151.69	0
399.516	-3158.69	0
475.733	-3168.77	0
451.426	-3162.24	0
442.451	-3157.41	0
489.626	-3174.12	0
406.642	-3152.26	0
509.83	-3177.62	0
433.405	-3164.11	0
467.504	-3172.07	0
479.575	-3178.85	0
417.406	-3177.2	0
520.557	-3179.04	0
440.211	-3175.23	0
452.63	-3189.42	0
510.658	-3165.74	0
424.117	-3195.96	0
521.315	-3186.4	0
437.761	-3180.45	0
454.57	-3200.2	0
548.574	-3197.59	0
392.344	-3192.77	0
518.672	-3190.84	0
484.496	-3202.34	0
450.507	-3201.38	0
532.032	-3187.39	0
420.639	-3214.9	0
522.081	-3204.1	0
498.393	-3209	0
436.846	-3213.56	0
534.209	-3206.3	0
459.156	-3219.76	0
513.205	-3213.38	0
496.191	-3200.98	0
464.871	-3234.99	0
539.516	-3211.91	0
470.139	-3219.15	0
506.966	-3232.04	0
500.343	-3230.28	0
488.106	-3221.73	0
543.082	-3231.97	0
456.432	-3232.47	0
540.692	-3222.07	0
515.262	-3239.25	0
475.781	-3229.51	0
564.922	-3240.65	0
457.397	-3242	0
552.169	-3239.42	0
517.601	-3246.94	0
479.92	-3240.97	0
585.913	-3246.48	0
462.553	-3241.37	0
556.278	-3245.64	0
550.985	-3247.81	0
461.121	-3249.79	0
600.505	-3254.16	0
485.825	-3252.69	0
532.071	-3262.79	0
571.293	-3251.92	0
468.972	-3258.23	0
606.596	-3260.55	0
502.105	-3253.58	0
529.855	-3262.31	0
584.978	-3252.1	0
495.146	-3274.63	0
581.794	-3264.24	0
520.83	-3260.02	0
542.974	-3276.41	0
577.937	-3267.24	0
507.785	-3270.82	0
582.771	-3262.92	0
543.114	-3267.57	0
548.527	-3277.54	0
579.41	-3260.51	0
513.742	-3282.78	0
602.685	-3269.5	0
530.258	-3283.12	0
556.787	-3275.99	0
589.659	-3279.52	0
515.239	-3283.59	0
625.323	-3267.31	0
523.69	-3280.53	0
570.124	-3283.65	0
624.009	-3271.05	0
492.386	-3283.62	0
636.618	-3284.2	0
562.271	-3292.96	0
540.054	-3278.78	0
634.908	-3288.04	0
527.186	-3295.09	0
620.144	-3281.61	0
581.849	-3280.39	0
550.658	-3284.93	0
652.973	-3291.41	0
542.194	-3287.1	0
600.962	-3278.65	0
615.263	-3303.89	0
557.766	-3295.71	0
637.521	-3284.36	0
560.709	-3301.34	0
612.002	-3294.57	0
632.251	-3289.4	0
556.451	-3296	0
649.058	-3282.54	0
586.412	-3308.34	0
621.103	-3280.61	0
619.424	-3309.25	0
580.584	-3289.28	0
651.617	-3308.27	0
590.63	-3305.2	0
619.632	-3298.67	0
634.021	-3302.23	0
583.753	-3307.2	0
681.218	-3294.75	0
574.795	-3301.99	0
639.773	-3301.22	0
664.106	-3301.15	0
574.097	-3309.36	0
679.519	-3298.48	0
601.713	-3322.74	0
635.233	-3302.5	0
668.168	-3314.36	0
574.341	-3312.82	0
704.927	-3314.87	0
606.009	-3303.94	0
632.795	-3305.99	0
707.783	-3318.05	0
570.143	-3305.47	0
703.446	-3298.92	0
651.924	-3327.99	0
602.661	-3311.15	0
721.631	-3312.56	0
591.141	-3322.88	0
685.446	-3323.45	0
675.542	-3312.71	0
602.439	-3323.53	0
727.376	-3316.45	0
620.573	-3313.47	0
682.156	-3311.84	0
682.24	-3316.35	0
633.02	-3319.85	0
722.307	-3302.63	0
639.897	-3324.84	0
672.116	-3321.32	0
698.464	-3322.5	0
639.751	-3312.76	0
722.362	-3327.8	0
632.656	-3334.15	0
699.341	-3306.75	0
702.016	-3317.36	0
646.771	-3333.17	0
730.616	-3303.38	0
645.415	-3313.9	0
723.41	-3317.21	0
702.331	-3321.12	0
632.961	-3307.9	0
767.815	-3322.71	0
646.986	-3320.84	0
691.909	-3327.17	0
732.082	-3321.53	0
639.556	-3320.46	0
750.226	-3330.46	0
668.664	-3319.2	0
689.567	-3319.36	0
759.686	-3319.37	0
629.266	-3311.48	0
765.913	-3319.75	0
700.851	-3313.43	0
666.541	-3311.55	0
775.053	-3316.68	0
655.306	-3325.1	0
736.392	-3317.06	0
723.449	-3321.16	0
658.741	-3327.76	0
776.985	-3329.86	0
667.023	-3321.84	0
715.781	-3330.78	0
747.087	-3318.05	0
669.083	-3335	0
772.897	-3310.54	0
684.812	-3320.34	0
723.377	-3322.83	0
768.686	-3312.71	0
674.713	-3312.2	0
769.34	-3316.44	0
707.358	-3318.44	0
735.302	-3325.14	0
750.867	-3305.59	0
687.823	-3334.15	0
775.871	-3322.31	0
704.695	-3329.32	0
732.225	-3322.55	0
758.657	-3330.49	0
696.922	-3332.68	0
775.414	-3315.6	0
717.003	-3331.43	0
746.514	-3320.97	0
769.375	-3313.07	0
699.587	-3320.66	0
807.009	-3315.01	0
723.344	-3313.23	0
744.767	-3305.31	0
800.368	-3318.18	0
704.95	-3309.53	0
800.857	-3313.43	0
753.924	-3311.78	0
718.686	-3326.07	0
833.024	-3314.12	0
693.169	-3321.58	0
789.369	-3329.53	0
776.017	-3329.3	0
709.735	-3323.09	0
831.085	-3328.17	0
716.957	-3332.85	0
763.746	-3327.5	0
821.182	-3320.53	0
703.58	-3321.54	0
827.509	-3327.7	0
761.328	-3313.07	0
757.67	-3310.28	0
844.013	-3309.74	0
717.445	-3316.3	0
840.592	-3303.64	0
788.487	-3291.78	0
755.228	-3315.77	0
868.063	-3297.07	0
735.323	-3300.85	0
837.521	-3298.76	0
803.138	-3300.86	0
784.945	-3309.96	0
830.275	-3303.64	0
781.868	-3302.79	0
816.926	-3318.23	0
814.167	-3317.76	0
777.031	-3310.04	0
838.582	-3330.38	0
777.862	-3319.7	0
811.334	-3337.91	0
827.246	-3330.52	0
756.487	-3334.59	0
850.114	-3342.05	0
784.67	-3345.4	0
799.233	-3354.9	0
825.631	-3333.39	0
765.557	-3351.94	0
863.617	-3372.38	0
759.947	-3346.16	0
809.325	-3344.9	0
851.266	-3367.48	0
747.971	-3369.63	0
865.79	-3354.59	0
781.314	-3345.63	0
797.304	-3380.75	0
874.993	-3360.16	0
745.897	-3359.67	0
855.796	-3356.55	0
835.592	-3370.56	0
764.453	-3372.9	0
900.843	-3346.89	0
763.48	-3370.76	0
849.959	-3369.39	0
858.403	-3353.07	0
772.113	-3376.34	0
903.491	-3351.15	0
789.785	-3370.7	0
843.145	-3354.12	0
898.589	-3376.19	0
755.554	-3347.16	0
917.826	-3357.27	0
834.426	-3376.24	0
824.529	-3349.37	0
904.67	-3357.63	0
801.51	-3357.54	0
901.128	-3359.51	0
867.604	-3361.42	0
807.734	-3348.45	0
941.036	-3352.59	0
826.915	-3361.78	0
880.643	-3353.34	0
892.924	-3350.67	0
839.735	-3354.93	0
937.003	-3339.51	0
843.212	-3371.06	0
889.192	-3339.81	0
919.454	-3339.08	0
855.545	-3364.1	0
931.57	-3344.03	0
865.97	-3341.91	0
913.33	-3347.91	0
928.546	-3344.53	0
860.54	-3348.33	0
947.463	-3342.03	0
893.272	-3333.27	0
917.252	-3348.12	0
939.02	-3350.99	0
871.09	-3323.82	0
976.624	-3342.68	0
902.376	-3343.53	0
910.131	-3339.05	0
977.923	-3328.06	0
877.84	-3338.03	0
983.817	-3340.33	0
922.987	-3327.42	0
918.249	-3336.39	0
1009.48	-3330.95	0
875.858	-3325.88	0
994.305	-3337.5	0
971.515	-3322	0
888.247	-3325.73	0
1046.42	-3331.55	0
906.813	-3328.16	0
972.76	-3308.62	0
1010.15	-3327.75	0
900.336	-3335.37	0
1054.72	-3302.21	0
929.918	-3317.12	0
968.306	-3327.12	0
1052.92	-3314.73	0
902.687	-3305.43	0
1046.65	-3312.83	0
987.155	-3318.16	0
948.314	-3308.13	0
1076.88	-3301.47	0
932.2	-3311.28	0
1029.67	-3308.6	0
1034.31	-3300.02	0
948.36	-3305.89	0
1080.81	-3295.85	0
969.547	-3308.83	0
1022.61	-3287.58	0
1062.53	-3307.54	0
963.839	-3288.86	0
1074.19	-3287.84	0
1014.65	-3305.7	0
1005.03	-3284.43	0
1094.95	-3281.46	0
972.576	-3296.51	0
1073.75	-3287.88	0
1052.75	-3284.43	0
1002.21	-3280.67	0
1101.55	-3283.77	0
1002.43	-3285.45	0
1070.43	-3277.86	0
1075.19	-3278.21	0
1009.23	-3279.67	0
1105.9	-3277.72	0
1030.87	-3279.01	0
1073.19	-3267.71	0
1088.83	-3279.68	0
1022.08	-3271.7	0
1115.8	-3272.27	0
1060.3	-3265.38	0
1065.78	-3273.4	0
1101.45	-3271.88	0
1045.99	-3262.87	0
1131.06	-3258.87	0
1056.93	-3268.28	0
1082.97	-3272.26	0
1127.78	-3251.7	0
1051.86	-3256.95	0
1137.53	-3266.44	0
1076.72	-3265.17	0
1088.1	-3245.67	0
1155.5	-3255	0
1053.34	-3259.98	0
1139.53	-3260.39	0
1116.85	-3244.9	0
1079.57	-3239.2	0
1180.67	-3274.64	0
1063.45	-3241.4	0
1135.08	-3240.81	0
1163.8	-3245.74	0
1064.92	-3260.3	0
1194.87	-3235.76	0
1089.81	-3251.35	0
1132.12	-3227.26	0
1198.23	-3249.74	0
1054.72	-3249.76	0
1207.28	-3230.01	0
1136.13	-3231.3	0
1103.33	-3243.2	0
1226.98	-3241.26	0
1085.35	-3223.84	0
1182.07	-3233.77	0
1183.43	-3228.23	0
1095.61	-3231.21	0
1245.78	-3237.85	0
1101.18	-3212.49	0
1178.33	-3224.21	0
1225.13	-3233.26	0
1092.25	-3229.18	0
1236.57	-3201.26	0
1165.77	-3226.02	0
1137.8	-3229.27	0
1270.58	-3211.49	0
1097.9	-3206.63	0
1230.5	-3219.55	0
1209.12	-3215.75	0
1137.25	-3208.72	0
1261.42	-3208.48	0
1146.09	-3202.54	0
1210.98	-3210.39	0
1249.5	-3206.08	0
1131.83	-3197.93	0
1269.59	-3200.64	0
1180.27	-3198.68	0
1203.25	-3197.41	0
1272.53	-3199.02	0
1143.96	-3184.94	0
1261.86	-3190.07	0
1247.77	-3202.05	0
1168.93	-3177.63	0
1282.75	-3182.01	0
1196.82	-3184.61	0
1249.34	-3189.6	0
1255.62	-3169.72	0
1188.69	-3174.94	0
1295.59	-3182.86	0
1222.12	-3176.52	0
1231.29	-3159.45	0
1294.28	-3172.86	0
1192.69	-3171.99	0
1302.55	-3167.14	0
1244.05	-3154.1	0
1237.11	-3165.44	0
1298.24	-3162.93	0
1233.12	-3154.15	0
1289.62	-3153.82	0
1264.45	-3147.89	0
1246	-3161.4	0
1326.69	-3145.37	0
1225.73	-3143.05	0
1294.09	-3132.53	0
1306.13	-3166.86	0
1237.82	-3126.55	0
1330.47	-3127.93	0
1257.9	-3143.78	0
1298.31	-3138.96	0
1316.42	-3114.81	0
1247.55	-3134.47	0
1349.83	-3130.84	0
1268.5	-3113.79	0
1302.08	-3123.15	0
1335.53	-3120.5	0
1259.18	-3116.1	0
1352.12	-3110.56	0
1300.32	-3110.31	0
1283.57	-3112.37	0
1377.47	-3102.86	0
1259.05	-3106.28	0
1348.68	-3095.81	0
1345.57	-3100.67	0
1267.78	-3104.72	0
1387.04	-3082.87	0
1298.33	-3089.47	0
1335.35	-3097.77	0
1358.62	-3091.77	0
1290.8	-3073.24	0
1397.28	-3076.06	0
1308.03	-3095.19	0
1325.89	-3078.98	0
1408.3	-3063.06	0
1287.24	-3073.14	0
1377.53	-3075.27	0
1361.37	-3073.28	0
1320.17	-3055.2	0
1411.21	-3060.25	0
1302.34	-3066.18	0
1383.46	-3053.12	0
1394.97	-3054.58	0
1299.8	-3048.43	0
1427.34	-3050	0
1343.07	-3046.45	0
1352.6	-3043.56	0
1436.02	-3040.58	0
1296.76	-3031.62	0
1424.03	-3046.68	0
1391.99	-3023.34	0
1325	-3038.46	0
1454.43	-3021.73	0
1323.36	-3020.98	0
1410.11	-3035.1	0
1425.8	-3017.3	0
1309.23	-3008	0
1468.55	-3024.97	0
1364.51	-3011.4	0
1372.51	-3012.03	0
1463.1	-3005.9	0
1317.14	-3006.17	0
1463.18	-3002.26	0
1396.91	-3003.22	0
1351.61	-2991.85	0
1489.79	-2997.73	0
1342.39	-2997.18	0
1426.67	-2984.07	0
1453.34	-2986.61	0
1335.18	-2989.02	0
1496.02	-2986.84	0
1375.26	-2968	0
1397.93	-2982.35	0
1499.53	-2979.9	0
1329.09	-2972.44	0
1479.43	-2958.86	0
1434.85	-2974.72	0
1370.79	-2965.25	0
1503.14	-2967.99	0
1375.97	-2943.83	0
1449.85	-2965.48	0
1464.58	-2954.63	0
1375.54	-2954.43	0
1507.98	-2945.43	0
1401.45	-2937.18	0
1429.48	-2949.52	0
1510.17	-2950.3	0
1370.47	-2926.08	0
1492.73	-2930.37	0
1459.85	-2933.11	0
1399.89	-2943.25	0
1521.88	-2919.64	0
1401.87	-2908.2	0
1480.2	-2936.35	0
1477.75	-2924.42	0
1402.45	-2907.86	0
1534.89	-2907.1	0
1428.38	-2916.56	0
1439.78	-2918.33	0
1533.5	-2903.99	0
1414.31	-2888.1	0
1502.49	-2917.66	0
1463.86	-2898.17	0
1448.09	-2892.84	0
1549.59	-2897.17	0
1409.77	-2890.55	0
1491.62	-2886.35	0
1524.15	-2897.4	0
1429.67	-2875.61	0
1539.35	-2881.93	0
1446.94	-2891.01	0
1485.74	-2866.76	0
1549.93	-2876.82	0
1427.37	-2877.91	0
1526.51	-2867.81	0
1505.54	-2868.68	0
1464.69	-2862.01	0
1561.5	-2870.22	0
1450.67	-2861.85	0
1521.2	-2848.86	0
1538.5	-2864.25	0
1465.88	-2856.85	0
1562.38	-2848.9	0
1490.91	-2849.29	0
1499.93	-2847.03	0
1578.98	-2846.24	0
1473.36	-2845.69	0
1551.63	-2846	0
1525.55	-2824.74	0
1507.34	-2839.95	0
1591.21	-2843.44	0
1481.49	-2831.13	0
1550.77	-2813.56	0
1576.58	-2835.56	0
1487.1	-2835.4	0
1608.26	-2811.34	0
1505.82	-2811.85	0
1550.49	-2830.16	0
1595.43	-2812.52	0
1509.82	-2805.42	0
1583.3	-2815.72	0
1563.38	-2800.18	0
1534.31	-2807.35	0
1615.82	-2803.14	0
1527.47	-2799.82	0
1578.27	-2784.35	0
1600.51	-2803.89	0
1529.53	-2789.37	0
1629.88	-2780.69	0
1557.58	-2786.19	0
1564.65	-2794.24	0
1631.79	-2766.5	0
1547.84	-2776.55	0
1616.29	-2781.53	0
1600.66	-2770.62	0
1556.89	-2766.89	0
1654.14	-2761.22	0
1567.04	-2770.82	0
1614.68	-2759.61	0
1616.86	-2754.88	0
1575.04	-2751.46	0
1664.52	-2759.19	0
1587.03	-2752.9	0
1590.56	-2737.65	0
1675.21	-2744.9	0
1574.76	-2742.67	0
1653.69	-2731.58	0
1621.49	-2749.03	0
1597.9	-2716.73	0
1688.62	-2716.45	0
1594	-2749.04	0
1638.29	-2707.46	0
1668.26	-2718.24	0
1606.1	-2718.77	0
1678.3	-2701.78	0
1628.45	-2721.62	0
1646.61	-2703.45	0
1684.49	-2688.44	0
1605.48	-2712.56	0
1699.26	-2691.21	0
1660.45	-2699.08	0
1624.77	-2684.34	0
1712.63	-2679.07	0
1634.11	-2692.12	0
1688.96	-2690.24	0
1688.43	-2666.99	0
1631.67	-2659.4	0
1719.43	-2690.37	0
1687.08	-2669.59	0
1647.84	-2648.17	0
1730.72	-2663.37	0
1654.06	-2666.54	0
1725.25	-2647.76	0
1696.14	-2643.85	0
1660.35	-2654.33	0
1756.82	-2641.47	0
1674.94	-2634.04	0
1704.02	-2643.06	0
1742.62	-2631.76	0
1664.65	-2622.84	0
1757.99	-2631.27	0
1709.85	-2609.73	0
1692.43	-2638.45	0
1767.79	-2603.39	0
1687.15	-2601.78	0
1749.33	-2613.69	0
1732.97	-2608.6	0
1703.1	-2594.14	0
1781.61	-2586.87	0
