-121244	88316.3	0
-19274.4	39907.1	0
-19227.8	39875.2	0
-19204	39848.9	0
-19190.6	39818.4	0
-19200.9	39787.7	0
-19149.6	39760.5	0
-19123.8	39727.3	0
-19092.5	39703.1	0
-19108.2	39670.5	0
-19078.6	39644.7	0
-19041.7	39611.4	0
-19014.4	39589.2	0
-18995	39552.5	0
-19005.4	39531.6	0
-18968.4	39496.4	0
-18932.3	39470.6	0
-18903.3	39444.3	0
-18910.2	39407.5	0
-18889.2	39388.6	0
-18863.1	39348.9	0
-18816.1	39330.5	0
-18810.9	39293.2	0
-18807.9	39268.7	0
-18779.9	39238.2	0
-18751	39205.4	0
-18706.2	39181.7	0
-18720.8	39149.9	0
-18699.1	39122	0
-18672.4	39092.5	0
-18636.2	39068.3	0
-18613.8	39030.5	0
-18615.9	39010.4	0
-18599.2	38975	0
-18554.7	38952.4	0
-18534.3	38917.2	0
-18514.2	38894.6	0
-18522.2	38860	0
-18483.5	38840.9	0
-18450	38797.9	0
-18431.3	38788	0
-18421.6	38744.6	0
-18413.9	38726.4	0
-18380.5	38693.8	0
-18341.1	38664.4	0
-18336.2	38639.1	0
-18324.9	38606.6	0
-18308	38584.7	0
-18264.9	38550.8	0
-18248.5	38525.5	0
-18236.3	38498.9	0
-18225	38464.8	0
-18198.8	38443.6	0
-18161.3	38408.6	0
-18150.2	38389.7	0
-18134.9	38351.8	0
-18126.9	38330.8	0
-18082	38295.5	0
-18066.9	38274.7	0
-18049.3	38242.7	0
-18037.4	38211.4	0
-18016.9	38191.9	0
-17980.9	38154	0
-17963.9	38138.7	0
-17954.5	38093.4	0
-17933.1	38087.8	0
-17908.1	38039.6	0
-17883.9	38027.3	0
-17869	37987.2	0
-17847.5	37968.1	0
-17835.3	37940.6	0
-17804.8	37905.4	0
-17786.3	37885.4	0
-17763.9	37849.8	0
-17756.3	37835.4	0
-17724.5	37794.1	0
-17705.3	37778.8	0
-17692.7	37739.6	0
-17664.9	37725.1	0
-17650.6	37688.4	0
-17628.7	37662.5	0
-17606.1	37643.2	0
-17596.8	37607.6	0
-17560.2	37582.2	0
-17555.6	37564.1	0
-17526.2	37519.9	0
-17516.5	37512.5	0
-17488.9	37472.3	0
-17468.3	37454.5	0
-17451	37424.8	0
-17445.6	37395	0
-17408.9	37376	0
-17390	37339.6	0
-17373.3	37322.1	0
-17354.5	37288.6	0
-17351.9	37265.8	0
-17307.1	37238.4	0
-17291.4	37208.6	0
-17274.1	37182.4	0
-17269.1	37160.9	0
-17249	37125.8	0
-17202.2	37106.4	0
-17199.7	37080.4	0
-17183.3	37047.3	0
-17177.8	37033.8	0
-17143.3	36994.2	0
-17108.2	36978	0
-17102.3	36945.2	0
-17106.4	36923.8	0
-17069.8	36896.6	0
-17046.9	36871	0
-17009	36841.4	0
-17021.4	36823	0
-17009	36787.5	0
-16974.1	36771	0
-16939.9	36738.8	0
-16929	36714.7	0
-16929.6	36689.6	0
-16919	36658.5	0
-16866.6	36643.9	0
-16845.2	36603.6	0
-16843	36593.2	0
-16842.1	36552.4	0
-16818.6	36538.5	0
-16764.5	36507.2	0
-16758.9	36480.8	0
-16762.7	36457.8	0
-16748	36430.9	0
-16717.4	36404.8	0
-16662.1	36383.3	0
-16682.9	36348.7	0
-16672.7	36336.1	0
-16654.4	36299.2	0
-16607	36282.8	0
-16583	36247.8	0
-16596.9	36231.9	0
-16583.4	36199.7	0
-16552	36177.1	0
-16508.5	36151.5	0
-16503.3	36127.3	0
-16508	36102.2	0
-16492.2	36076.2	0
-16447.5	36052.3	0
-16418.1	36023	0
-16423	36005.3	0
-16419.8	35968.9	0
-16392.1	35958.8	0
-16345.7	35915.7	0
-16340.4	35905.6	0
-16337.1	35869.4	0
-16326.1	35849.9	0
-16285.8	35822.5	0
-16258.3	35793.8	0
-16253.5	35773.3	0
-16252.1	35743.1	0
-16221.3	35717.5	0
-16191.1	35700.1	0
-16174.6	35661.4	0
-16162.2	35647.4	0
-16157.2	35612.8	0
-16122.7	35592.3	0
-16097.2	35562.8	0
-16092.4	35544	0
-16068.6	35502.9	0
-16061.6	35498.3	0
-16020.5	35457.7	0
-16022.8	35433.8	0
-15992.6	35419.7	0
-15976.6	35376.8	0
-15966.3	35367.3	0
-15933.9	35334.2	0
-15941.9	35303.3	0
-15887.2	35300.8	0
-15897.4	35241.1	0
-15861.8	35252.4	0
-15864.3	35197.1	0
-15837.8	35195.2	0
-15806	35152.8	0
-15793.7	35141.1	0
-15795.3	35107.9	0
-15768.8	35086.7	0
-15745	35061	0
-15712.6	35037.2	0
-15715.9	35014.1	0
-15708.2	34986	0
-15681.8	34965.8	0
-15644.7	34936.6	0
-15626.3	34912.8	0
-15633.6	34896	0
-15628.3	34855.6	0
-15575.7	34852.2	0
-15553.6	34806.1	0
-15548.7	34794.7	0
-15551.6	34770.9	0
-15533.2	34733.5	0
-15475.9	34726.2	0
-15470.1	34684.2	0
-15467.3	34671.4	0
-15466.2	34645.3	0
-15433.9	34616.5	0
-15379.4	34596.8	0
-15396.4	34566.1	0
-15382.9	34549	0
-15379.6	34517.4	0
-15325.5	34500.2	0
-15308.5	34470.1	0
-15301.9	34450.8	0
-15315.1	34423.9	0
-15265.6	34399.9	0
-15242.8	34380.1	0
-15222.3	34347.7	0
-15232.5	34334.5	0
-15212.8	34303.9	0
-15177.5	34275.2	0
-15157.2	34265.5	0
-15149.5	34225	0
-15142.3	34213.5	0
-15122.5	34180	0
-15089.2	34167.3	0
-15084.5	34132.2	0
-15058.2	34117.7	0
-15062.6	34085.4	0
-15021.9	34070.2	0
-15017.9	34033.2	0
-14998.6	34026.3	0
-14976.2	33987.6	0
-14967.6	33969.9	0
-14939.5	33949.6	0
-14946.3	33917	0
-14904.9	33904.2	0
-14892.4	33868.5	0
-14877.2	33855.5	0
-14868.9	33825.6	0
-14856.4	33800.8	0
-14819.7	33784	0
-14798.9	33750.8	0
-14798.9	33733	0
-14797.5	33710.8	0
-14760.9	33679.5	0
-14728.5	33668	0
-14714.8	33628.7	0
-14731.5	33619.2	0
-14706.3	33586.3	0
-14671.5	33562.7	0
-14634.7	33546.5	0
-14651.1	33508.8	0
-14642.8	33500.2	0
-14622.9	33462.8	0
-14567.2	33448.1	0
-14567.7	33416.3	0
-14569.7	33398.1	0
-14564.3	33370.1	0
-14522.5	33352.6	0
-14486.9	33317.7	0
-14491.6	33308.2	0
-14494	33268.4	0
-14470.7	33257.3	0
-14425.5	33227.6	0
-14422.7	33196	0
-14404.2	33190.1	0
-14417.9	33143.1	0
-14362.7	33140.4	0
-14358	33100.7	0
-14336.7	33083	0
-14330.8	33059.8	0
-14315.5	33028.4	0
-14284.8	33017.2	0
-14274.8	32978.7	0
-14263.7	32967.2	0
-14234.4	32937.7	0
-14231.5	32911.1	0
-14205.6	32892.4	0
-14206.5	32864.6	0
-14165.1	32841.2	0
-14155.5	32821.5	0
-14139.8	32790.9	0
-14145.6	32772.9	0
-14108.4	32747.4	0
-14082.9	32721.8	0
-14065.9	32701.8	0
-14073.4	32675.2	0
-14060.6	32659.1	0
-14022.4	32620.4	0
-13987.4	32620.6	0
-14003.1	32571.1	0
-13988.1	32569	0
-13989	32538.3	0
-13910.4	32510	0
-13931.2	32500.2	0
-13915.2	32463.7	0
-13925.9	32450.8	0
-13876.2	32422.4	0
-13844.9	32402.7	0
-13848.1	32381.4	0
-13849.8	32354.7	0
-13829	32335	0
-13790.9	32312	0
-13775.2	32288.4	0
-13768.3	32263.3	0
-13773.3	32249.7	0
-13732.8	32216.1	0
-13716.9	32200.1	0
-13700.9	32175.6	0
-13692.5	32150.2	0
-13680.4	32134.3	0
-13648.9	32102.8	0
-13652	32088.7	0
-13619.6	32060.8	0
-13613	32039	0
-13587	32020.3	0
-13588.5	31992.4	0
-13569.5	31976.8	0
-13544.6	31946.7	0
-13514.4	31926.8	0
-13521.3	31909.4	0
-13509.9	31879.3	0
-13493.8	31863.1	0
-13447.5	31836.3	0
-13442.5	31818.3	0
-13442.6	31792.5	0
-13445.4	31766	0
-13394.7	31752.1	0
-13369	31724.8	0
-13365.4	31706.7	0
-13382	31675.1	0
-13349.3	31666.2	0
-13309.9	31632.4	0
-13292.3	31614.1	0
-13300.1	31593.3	0
-13298.9	31565.3	0
-13260.3	31550.7	0
-13226.2	31520.5	0
-13234.7	31509.9	0
-13218.8	31470.9	0
-13216.6	31469.1	0
-13168.6	31427	0
-13165.6	31420.8	0
-13151.4	31392	0
-13141.1	31366.1	0
-13122.2	31356.1	0
-13103.8	31315.9	0
-13090.3	31311.4	0
-13074.8	31277.6	0
-13048.5	31257.5	0
-13044.9	31244.7	0
-13039.7	31203.9	0
-13011.4	31203.2	0
-12982.9	31161.9	0
-12967.4	31153.1	0
-12983.6	31121.5	0
-12955.8	31106.5	0
-12932.4	31076.2	0
-12890.8	31065.5	0
-12905.5	31026.5	0
-12908.2	31022.3	0
-12880.9	30987.7	0
-12837.2	30969.2	0
-12825.7	30950.9	0
-12837.6	30918.5	0
-12826.9	30905.3	0
-12792.1	30881.3	0
-12762	30852.5	0
-12755.8	30843.3	0
-12769.3	30803.7	0
-12732.9	30796.9	0
-12719.2	30765.5	0
-12684.8	30748.6	0
-12696.2	30724.1	0
-12676.8	30702.8	0
-12653.3	30681.4	0
-12645.4	30658.1	0
-12620.4	30637.8	0
-12616.6	30613.6	0
-12586.6	30592.6	0
-12583.5	30573.3	0
-12577.6	30542.9	0
-12547.3	30533.3	0
-12525.7	30495.9	0
-12508.4	30489.3	0
-12519.1	30456.8	0
-12502.9	30437.2	0
-12467	30416.6	0
-12437.5	30393.1	0
-12450	30367.7	0
-12446.9	30356	0
-12425.7	30319.5	0
-12379.8	30310.6	0
-12368.6	30280.6	0
-12389	30260.3	0
-12363.1	30241.7	0
-12342.4	30210.4	0
-12302.9	30199.9	0
-12310	30166.2	0
-12307.7	30153.5	0
-12282.6	30121.5	0
-12257.1	30108.1	0
-12245.6	30080.7	0
-12233.4	30055.2	0
-12228.2	30039.9	0
-12195.5	30011.6	0
-12194.6	29992.8	0
-12181	29967.7	0
-12149.1	29947.6	0
-12138.2	29926.2	0
-12134.9	29899.4	0
-12125.4	29878.9	0
-12106	29859.4	0
-12056.8	29826.4	0
-12070	29819.9	0
-12067.1	29781	0
-12056.9	29771	0
-12009.3	29741.3	0
-11991.7	29719.5	0
-11995.5	29702	0
-12007.8	29669.9	0
-11958.4	29658.4	0
-11945.1	29627	0
-11911.6	29607.8	0
-11939.8	29588.7	0
-11916.5	29559.2	0
-11886.2	29543.4	0
-11866.2	29515	0
-11863.5	29497	0
-11847.2	29476.1	0
-11846.2	29451.3	0
-11800.6	29431.7	0
-11823.7	29407.5	0
-11775.2	29384.1	0
-11778.5	29365.8	0
-11753	29338.8	0
-11767.4	29319.6	0
-11732.6	29304.1	0
-11714.2	29268.7	0
-11682.2	29265.8	0
-11709.5	29230.2	0
-11687.4	29212.1	0
-11667.4	29201.8	0
-11626.2	29160.8	0
-11622.3	29160.5	0
-11648	29121.9	0
-11619.2	29112.4	0
-11577.1	29087.9	0
-11568.3	29065	0
-11568	29049.9	0
-11568.3	29024.7	0
-11538	29002.5	0
-11514	28988.4	0
-11510.4	28959	0
-11500.7	28946.5	0
-11483.3	28919.8	0
-11473.1	28902.5	0
-11456.1	28886.4	0
-11445.9	28854.2	0
-11423.8	28847.7	0
-11400	28817.1	0
-11421.9	28804	0
-11391.5	28771.9	0
-11371.1	28770.2	0
-11346.7	28728.8	0
-11338.8	28725.1	0
-11364	28697.2	0
-11320.7	28673.9	0
-11292.3	28662.5	0
-11277.3	28634.3	0
-11289.4	28616.1	0
-11288	28597	0
-11246.7	28574.4	0
-11221.2	28554.2	0
-11222.5	28537.2	0
-11228	28515.1	0
-11197	28490.2	0
-11187.1	28481.8	0
-11160.8	28446.8	0
-11170.4	28443	0
-11137.1	28407.6	0
-11135.7	28397.9	0
-11125.8	28375.1	0
-11112.5	28355.5	0
-11087.3	28335.5	0
-11066.9	28318.2	0
-11075	28292.9	0
-11077.4	28280.3	0
-11036.2	28255.4	0
-11018.6	28233.1	0
-10997.3	28225.7	0
-11031.8	28192	0
-10998.8	28178.3	0
-10975.1	28162.8	0
-10940.2	28128.5	0
-10962.2	28126.7	0
-10949.3	28094.9	0
-10941.1	28071.9	0
-10891.5	28069.8	0
-10905.5	28023.6	0
-10892.6	28030	0
-10875.8	27989.1	0
-10865.1	27983.3	0
-10851.4	27956.3	0
-10842.4	27935.8	0
-10816.7	27919.9	0
-10804.7	27898.4	0
-10804.5	27876	0
-10806.6	27858.8	0
-10763.8	27834.7	0
-10747.7	27827.6	0
-10737.7	27788.2	0
-10762.9	27786.1	0
-10729.2	27753	0
-10697.3	27740.2	0
-10678.3	27724.6	0
-10696.5	27692.2	0
-10686.1	27686.9	0
-10662.5	27656.4	0
-10631.8	27641.7	0
-10633.9	27626.1	0
-10631.4	27598	0
-10611.3	27584	0
-10596.5	27569.9	0
-10592	27535.3	0
-10570.2	27537.4	0
-10562.8	27499.7	0
-10534.3	27492.7	0
-10557.4	27472.5	0
-10533.4	27442.8	0
-10508.9	27443.4	0
-10479.1	27403.8	0
-10495.2	27400.1	0
-10496.7	27379.2	0
-10475.3	27350.2	0
-10431.3	27344.9	0
-10434	27315.3	0
-10438	27304.1	0
-10436.6	27279.5	0
-10398.5	27268.7	0
-10381.6	27241.4	0
-10381.4	27228.6	0
-10376.6	27207.2	0
-10357.2	27188.7	0
-10345.9	27175.4	0
-10338.8	27147.5	0
-10319.9	27143.4	0
-10304.5	27108.6	0
-10291.1	27099.3	0
-10305.6	27085.6	0
-10285.7	27056.8	0
-10247.1	27046.5	0
-10234.7	27028	0
-10252.5	27002.6	0
-10248.5	26993.5	0
-10214.6	26969.3	0
-10191.4	26953.6	0
-10181.7	26934.4	0
-10202.7	26920.4	0
-10178.1	26892.2	0
-10153.6	26889.5	0
-10140.4	26852.4	0
-10138.1	26857.4	0
-10130.8	26818	0
-10106	26807.3	0
-10111.9	26793.3	0
-10091.1	26769.2	0
-10079.7	26754	0
-10045.8	26732.8	0
-10063.5	26715.4	0
-10061.1	26697.8	0
-10037.2	26678.2	0
-10004.6	26664.4	0
-9994.57	26640.4	0
-10013.2	26626.4	0
-10008.6	26599	0
-9964.8	26599.8	0
-9953.48	26562.5	0
-9948.77	26553.3	0
-9959.83	26539.6	0
-9931.41	26511.1	0
-9917.75	26502.6	0
-9906.99	26482.5	0
-9904.21	26464.2	0
-9878.62	26443.8	0
-9873.86	26431.2	0
-9879.12	26406.6	0
-9858	26400.9	0
-9840.24	26364.2	0
-9809.32	26368	0
-9835.66	26334.2	0
-9829.99	26325.3	0
-9799.56	26303.7	0
-9770.46	26287.4	0
-9768.74	26270.6	0
-9786.02	26253	0
-9771.39	26233.5	0
-9735.52	26221.8	0
-9728.58	26197.2	0
-9725.88	26183.6	0
-9725.01	26168.9	0
-9695.01	26148.4	0
-9703.78	26133.6	0
-9683.31	26114	0
-9678.65	26103.9	0
-9636.05	26074.7	0
-9671.08	26073	0
-9644.96	26044.4	0
-9653.63	26036.7	0
-9589.51	26011.7	0
-9609.2	26001.3	0
-9603.49	25982.4	0
-9623.43	25967.3	0
-9563.55	25945.2	0
-9562.71	25938.1	0
-9552.7	25911.8	0
-9567.62	25901.2	0
-9537.84	25883.3	0
-9531.6	25863.1	0
-9515.83	25856.6	0
-9516.3	25824.9	0
-9487.99	25821.6	0
-9491.41	25799.6	0
-9488.93	25782.4	0
-9482.66	25767.4	0
-9447.03	25754.8	0
-9431.68	25732.4	0
-9455.01	25721.8	0
-9446.15	25703	0
-9428.35	25684.9	0
-9391.41	25680.3	0
-9390.41	25645.1	0
-9415.2	25648.2	0
-9382.27	25623.6	0
-9374.83	25609.4	0
-9355.17	25593.6	0
-9357.85	25571.8	0
-9348.3	25571.9	0
-9319.71	25541.3	0
-9345.85	25529.7	0
-9317.09	25521.2	0
-9309.47	25493.1	0
-9271.51	25490	0
-9297.29	25463.3	0
-9289.51	25456.5	0
-9287.6	25438.4	0
-9234.07	25422.1	0
-9244.94	25406	0
-9250	25396.3	0
-9248.71	25376.3	0
-9223.45	25366.8	0
-9205.77	25345.1	0
-9208.66	25339.7	0
-9203.7	25315.8	0
-9181.08	25306.9	0
-9191.12	25289.3	0
-9176.23	25275.1	0
-9170.49	25266.5	0
-9130.3	25239	0
-9145.28	25236.6	0
-9154.93	25217.5	0
-9139.45	25199.5	0
-9113.49	25191.7	0
-9083.27	25166.1	0
-9114.57	25163.8	0
-9110.37	25145.5	0
-9083.55	25121.9	0
-9069.51	25119.9	0
-9059.18	25097.9	0
-9065.5	25084.2	0
-9048.61	25071.1	0
-9035.15	25050.2	0
-9042.38	25045.3	0
-9028.5	25021.5	0
-8996.75	25010.9	0
-8992.62	24994.3	0
-9018.52	24977.4	0
-8990.49	24970.6	0
-8989.35	24946.8	0
-8930.55	24933.6	0
-8975.08	24921.5	0
-8959.18	24910.3	0
-8955.49	24883.3	0
-8920.55	24882.2	0
-8925.44	24855.7	0
-8916	24844.4	0
-8916.3	24842.2	0
-8888.34	24802.3	0
-8908.26	24812.9	0
-8885.44	24777.9	0
-8865.71	24779.6	0
-8849.38	24755.3	0
-8866.05	24736.6	0
-8869.22	24734.9	0
-8841.32	24708.7	0
-8806.83	24703.8	0
-8820.82	24674.7	0
-8826.69	24672.3	0
-8814.12	24653.3	0
-8790.54	24641.6	0
-8783.05	24621.9	0
-8784.33	24610.1	0
-8763.55	24596.2	0
-8767.02	24577	0
-8750.91	24572.3	0
-8770.76	24545.3	0
-8716.94	24536.9	0
-8722.04	24527.6	0
-8714.55	24502.3	0
-8743.55	24496.9	0
-8700.39	24473.7	0
-8688.26	24466	0
-8666.51	24450.9	0
-8698.39	24433.2	0
-8674.34	24417	0
-8661.21	24407.3	0
-8651.78	24392.4	0
-8648.25	24378.1	0
-8637.97	24364.4	0
-8620.48	24347.1	0
-8629.89	24336.9	0
-8630.29	24324.7	0
-8605.59	24306.9	0
-8577.99	24292.8	0
-8585.33	24278	0
-8604.9	24268.9	0
-8584.11	24252.4	0
-8559.22	24236.1	0
-8543.05	24224.3	0
-8556.36	24202.9	0
-8559	24200	0
-8526.55	24180.2	0
-8534.73	24168.6	0
-8519.97	24151.2	0
-8518.34	24131	0
-8484.17	24136	0
-8510.37	24100	0
-8499.98	24105.3	0
-8495.52	24072.3	0
-8451.37	24070.3	0
-8455.14	24055.8	0
-8478.32	24035.9	0
-8463.51	24027.8	0
-8437.98	24010.3	0
-8432.5	23986.3	0
-8419.21	23995.7	0
-8442.15	23959.2	0
-8395.39	23961.7	0
-8420.3	23932.8	0
-8405.08	23924.3	0
-8388.49	23914.2	0
-8367.09	23897.7	0
-8375.25	23885.8	0
-8383.24	23868.1	0
-8380.69	23852.8	0
-8331.71	23839.7	0
-8337.63	23830.6	0
-8343.22	23812.4	0
-8343.29	23795.4	0
-8326.46	23790.2	0
-8309.3	23760.8	0
-8317.32	23765.7	0
-8296.9	23742.2	0
-8287.39	23726.7	0
-8292.37	23722.3	0
-8298.6	23686.9	0
-8276.59	23700.5	0
-8245.94	23667.8	0
-8249.67	23663.1	0
-8272.7	23648.8	0
-8255.43	23620.7	0
-8240.98	23622.1	0
-8202.3	23604.2	0
-8245.72	23589.2	0
-8205.47	23582.4	0
-8220.03	23557.5	0
-8197.63	23546.5	0
-8209.91	23532.3	0
-8183.2	23522	0
-8166.96	23506.2	0
-8171.76	23500.9	0
-8188.19	23474	0
-8171.48	23465.1	0
-8137.52	23445	0
-8129.66	23442.4	0
-8150.99	23422.4	0
-8142.57	23416.8	0
-8122.9	23394.1	0
-8116.59	23380	0
-8106.61	23364.7	0
-8113.56	23351.9	0
-8072.88	23348.3	0
-8108.38	23327.7	0
-8087.54	23314.2	0
-8089	23301	0
-8039.97	23279	0
-8057.81	23267.6	0
-8067.28	23271.1	0
-8066.72	23234.8	0
-8027.85	23250.2	0
-8027.61	23210.3	0
-8025.34	23204.4	0
-8029.82	23193.3	0
-8001.43	23167.7	0
-8019.67	23176.5	0
-8003.07	23152.5	0
-7995.96	23143.6	0
-7959.05	23130.5	0
-7983.06	23107.7	0
-7995.2	23097.6	0
-7972.06	23084	0
-7944.25	23075.1	0
-7940.59	23062.2	0
-7950.57	23054.1	0
-7949.11	23033.8	0
-7925.39	23021.2	0
-7925.09	23007.1	0
-7928.02	22987	0
-7900.09	22979.8	0
-7892.84	22968	0
-7900.82	22962.8	0
-7915.79	22946.4	0
-7872.47	22932.3	0
-7871.91	22915.8	0
-7842.4	22900.3	0
-7900.1	22883.9	0
-7849.44	22876.7	0
-7855.06	22864.6	0
-7832.14	22857.3	0
-7845.06	22843	0
-7820.34	22837.6	0
-7823.59	22811.9	0
-7819.3	22805.2	0
-7835.49	22780.2	0
-7791.61	22768.4	0
-7780.83	22760.6	0
-7792.01	22742.5	0
-7805.4	22745.2	0
-7783.6	22728.2	0
-7758.84	22717	0
-7759.47	22710.4	0
-7764.07	22678.2	0
-7751.35	22682.2	0
-7742.77	22646.3	0
-7750.62	22643.4	0
-7742.21	22622.1	0
-7712.62	22615.9	0
-7703.89	22603.5	0
-7723.82	22602.5	0
-7722.92	22582.9	0
-7705.77	22585.9	0
-7667.37	22562.4	0
-7691.98	22554.5	0
-7676.89	22536.8	0
-7684.78	22517	0
-7654.49	22500.6	0
-7682.01	22474.6	0
-7641.81	22472	0
-7648.57	22441.6	0
-7614.49	22443	0
-7665.91	22423	0
-7631.71	22411.8	0
-7624.84	22418.9	0
-7584.42	22395.5	0
-7617.44	22400.4	0
-7601.17	22395	0
-7603.34	22378.1	0
-7573.08	22387.1	0
-7595.43	22372.9	0
-7562.75	22358.3	0
-7555.45	22368.5	0
-7551.55	22333.5	0
-7575.59	22352.2	0
-7554.69	22319.2	0
-7522.23	22322.9	0
-7521.1	22304.2	0
-7527.45	22295.6	0
-7538.9	22282.1	0
-7500.83	22273.2	0
-7514.57	22259.2	0
-7495.75	22246.5	0
-7501.3	22237.3	0
-7466.17	22223	0
-7493.4	22212.1	0
-7492.93	22201.2	0
-7476.82	22185.9	0
-7442.34	22178.2	0
-7453.2	22163.1	0
-7460.32	22151.2	0
-7458.14	22140.4	0
-7438.72	22128.9	0
-7426.21	22114	0
-7438.24	22104.8	0
-7412.73	22091.6	0
-7407.49	22075.8	0
-7420.75	22072.9	0
-7425.34	22049.8	0
-7391.66	22045.3	0
-7376.85	22028.4	0
-7374.86	22019.6	0
-7411.82	22006.4	0
-7372.04	21993.7	0
-7367.49	21983.1	0
-7360.77	21969.1	0
-7365.14	21956.8	0
-7336.6	21949.4	0
-7354.51	21929.5	0
-7342.79	21926.6	0
-7365.27	21904.8	0
-7303.58	21902.3	0
-7315.41	21882.2	0
-7316.48	21875.6	0
-7336.59	21860.5	0
-7301.02	21849.6	0
-7305.95	21840.9	0
-7284.95	21819.1	0
-7303.3	21821.2	0
-7267.48	21795.8	0
-7279.46	21793.4	0
-7295	21778.4	0
-7275.66	21768.5	0
-7245.98	21757.8	0
-7246.67	21742.9	0
-7257.6	21732.8	0
-7267.93	21724.7	0
-7233.67	21706.8	0
-7232.37	21702.9	0
-7240.06	21682.8	0
-7216.31	21682	0
-7218.15	21658.9	0
-7214.25	21656.1	0
-7238.91	21641	0
-7191.76	21626.4	0
-7197.56	21622.8	0
-7170.48	21600	0
-7222	21602.6	0
-7180.51	21576.7	0
-7182.84	21579.2	0
-7165.29	21555.1	0
-7177.67	21554.9	0
-7152.88	21533.5	0
-7153.64	21528.8	0
-7160.86	21512.1	0
-7170.86	21510	0
-7133.23	21486.8	0
-7112.97	21488.9	0
-7144.45	21463.6	0
-7130.22	21467	0
-7142.3	21444.3	0
-7099.95	21438.6	0
-7127.56	21426	0
-7102.7	21413.3	0
-7096.62	21408	0
-7094.08	21391.6	0
-7108.68	21382.7	0
-7106.76	21368.4	0
-7071.92	21363.3	0
-7058.71	21345.7	0
-7089.81	21340.6	0
-7073.61	21322.3	0
-7072.81	21317.9	0
-7051.39	21304.3	0
-7069.56	21293.2	0
-7038.89	21281.6	0
-7039.65	21267	0
-7036.06	21266.8	0
-7060.9	21242.5	0
-7042.61	21243.5	0
-7002.83	21221.4	0
-7018.44	21220.3	0
-7023.39	21199.8	0
-7017.64	21195.8	0
-7001.99	21177.5	0
-7010.66	21177.4	0
-7001.76	21155.5	0
-6985.09	21152.6	0
-6967.52	21139.8	0
-6998.02	21120.8	0
-6994.52	21127.6	0
-6974.21	21094.2	0
-6948.4	21107.1	0
-6966.96	21074.4	0
-6960.41	21081.7	0
-6963.18	21056.4	0
-6935.09	21056	0
-6968.85	21039.5	0
-6937.18	21032	0
-6924.38	21022	0
-6915.41	21006.1	0
-6946.86	21004.1	0
-6935.09	20985.8	0
-6912.04	20981.9	0
-6900.35	20965.8	0
-6913.8	20957.3	0
-6907.99	20951.6	0
-6887.22	20933.3	0
-6908.38	20926.5	0
-6898.76	20921.4	0
-6890.87	20895.3	0
-6853.65	20906.3	0
-6879.14	20877.5	0
-6885.13	20876.1	0
-6882.37	20865.7	0
-6844.07	20849.4	0
-6870.98	20847.7	0
-6841.03	20830.2	0
-6859.13	20824.2	0
-6819.53	20812.6	0
-6870.39	20803	0
-6843.26	20795.8	0
-6821.51	20780.2	0
-6810.09	20774	0
-6824.75	20765.5	0
-6833.66	20751.2	0
-6811.48	20750.2	0
-6809.76	20726.9	0
-6807.33	20735.7	0
-6807.86	20707.4	0
-6771.24	20710.6	0
-6796.72	20696.2	0
-6803.9	20686.2	0
-6801.4	20681.9	0
-6755.64	20658.1	0
-6772.56	20670.1	0
-6771.06	20636.9	0
-6777.34	20645.8	0
-6750.51	20627.6	0
-6774.52	20616	0
-6758.49	20616.8	0
-6743.34	20591.9	0
-6726.43	20599.5	0
-6748.12	20574	0
-6755.25	20572.9	0
-6736.26	20563.5	0
-6711.94	20550.1	0
-6731.84	20540.8	0
-6713.03	20542.5	0
-6718.9	20510.5	0
-6704.77	20526.9	0
-6720.49	20492.8	0
-6721.19	20504.5	0
-6666.9	20476.5	0
-6698.15	20488.1	0
-6683.08	20454.6	0
-6717.08	20468.1	0
-6661.78	20443.2	0
-6689.72	20439.3	0
-6666.86	20434	0
-6678.85	20415.1	0
-6630.98	20415.5	0
-6689.24	20402.8	0
-6659.93	20392.5	0
-6670.5	20387.4	0
-6615.7	20377.1	0
-6650.51	20365.2	0
-6644.82	20361.8	0
-6640.22	20352.2	0
-6625.64	20336.6	0
-6644.71	20341.4	0
-6625.08	20317.3	0
-6604.39	20319.2	0
-6603.65	20308.4	0
-6622.21	20294.4	0
-6627.76	20293.8	0
-6593.18	20280.9	0
-6596.14	20272.3	0
-6589.05	20266.4	0
-6602.65	20255.9	0
-6561.62	20248.3	0
-6602.55	20238.1	0
-6585.39	20233.1	0
-6589.05	20220.6	0
-6535.82	20215	0
-6569.75	20207	0
-6569.72	20192.8	0
-6565.41	20194.4	0
-6548.17	20174	0
-6554.72	20177.3	0
-6552.43	20158.8	0
-6523.18	20160.3	0
-6529.63	20140.8	0
-6540.33	20145.6	0
-6552.78	20124.1	0
-6511.44	20124.7	0
-6511.42	20113.4	0
-6516.38	20101	0
-6518.53	20103.9	0
-6490.12	20080.8	0
-6525.16	20084	0
-6498.33	20069.9	0
-6512.18	20061.1	0
-6454.54	20058.4	0
-6493.45	20040.9	0
-6494.18	20042.3	0
-6482.96	20024.6	0
-6473.61	20022.3	0
-6469.28	20011.6	0
-6472.06	20006.2	0
-6451.69	19992.7	0
-6447.18	19987.2	0
-6470.11	19977.6	0
-6467.93	19971	0
-6437.83	19960	0
-6425.35	19953.3	0
-6449.76	19945	0
-6431.68	19937.2	0
-6426.83	19922.6	0
-6435.99	19923.6	0
-6426.18	19907.7	0
-6437	19904.1	0
-6371.94	19892.3	0
-6425.95	19884.4	0
-6409.63	19878.3	0
-6419.89	19866.5	0
-6387.9	19857.4	0
-6396.59	19859.1	0
-6398.63	19833.5	0
-6373.6	19841.8	0
-6371.94	19822.5	0
-6401.75	19815	0
-6386.31	19815.1	0
-6372.05	19794.4	0
-6344.11	19794.8	0
-6374.13	19783.7	0
-6364.03	19769.7	0
-6346.18	19771.1	0
-6365.73	19756.5	0
-6352.58	19747.6	0
-6362.3	19742.9	0
-6299.09	19732	0
-6353.84	19721.1	0
-6334.84	19717.4	0
-6346.8	19709.3	0
-6313.41	19693.7	0
-6331.13	19696.4	0
-6319.79	19681.1	0
-6305.43	19668.2	0
-6298.41	19677.3	0
-6328.71	19645.1	0
-6320.85	19661	0
-6290.14	19634.5	0
-6289.98	19635.6	0
-6293.14	19628.8	0
-6295.33	19613	0
-6277.71	19611.2	0
-6294.4	19600.2	0
-6289.13	19591.2	0
-6288.78	19586.8	0
-6232.16	19572.2	0
-6284.16	19570.7	0
-6264.42	19556.6	0
-6278.83	19555.1	0
-6245.04	19540	0
-6266.86	19533.3	0
-6252.47	19530.3	0
-6233.45	19514.5	0
-6233.68	19512.7	0
-6259.03	19502.7	0
-6253.84	19495	0
-6229.75	19486.3	0
-6217.87	19480.6	0
-6236.28	19466.7	0
-6223.76	19465.8	0
-6207.24	19459.7	0
-6234.92	19434.5	0
-6225.46	19453.1	0
-6216.89	19419.1	0
-6183.69	19432.2	0
-6209.09	19413.1	0
-6209.9	19403	0
-6204.07	19404.5	0
-6183.67	19392.2	0
-6222.87	19384.1	0
-6174.39	19374	0
-6187.99	19376.5	0
-6157.91	19349.3	0
-6211.48	19368.8	0
-6178.5	19332.5	0
-6179.19	19346	0
-6159.1	19333.5	0
-6187.27	19309.1	0
-6149.41	19331.5	0
-6156.34	19296.5	0
-6173.23	19307.9	0
-6170.96	19287.1	0
-6161.56	19287.9	0
-6125.36	19278.6	0
-6162.97	19267.8	0
-6136.99	19267	0
-6155.67	19248.2	0
-6121.32	19259.2	0
-6175.69	19227	0
-6124.57	19243.5	0
-6120.71	19224.3	0
-6117.82	19210.5	0
-6141.94	19220.9	0
-6129.05	19191.5	0
-6117.34	19201.3	0
-6125.66	19186.5	0
-6123.86	19176	0
-6099.76	19180.8	0
-6095.68	19159	0
-6113.83	19162.5	0
-6129.38	19149	0
-6094.06	19140.2	0
-6091.16	19141.2	0
-6105.8	19121.6	0
-6082.06	19130	0
-6089.61	19105.5	0
-6073.57	19112	0
-6122.9	19097.6	0
-6072.47	19089.3	0
-6073.59	19086.4	0
-6061.8	19071.6	0
-6089.18	19074.7	0
-6059.48	19055.1	0
-6066.31	19059.3	0
-6080.75	19038.8	0
-6070.86	19040.5	0
-6043.8	19030.1	0
-6037.41	19019.6	0
-6068.97	19018.2	0
-6049.24	19003.5	0
-6054.37	18998	0
-6032.49	18995.6	0
-6070.72	18976.1	0
-6012.64	18982.9	0
-6030.45	18968.5	0
-6023.22	18951.9	0
-6061.99	18964.2	0
-6016.48	18934.2	0
-6027.16	18937.8	0
-6016.78	18936.4	0
-6024.43	18904.3	0
-5998.75	18930	0
-6009.89	18893.4	0
-6027.77	18898.5	0
-6021.62	18893.3	0
-5987.9	18874.2	0
-5994.3	18873.6	0
-6009.35	18867.7	0
-5982.77	18851.4	0
-5995.11	18853.5	0
-5991.39	18834.5	0
-6019.7	18836.9	0
-5959.07	18819.9	0
-5980.8	18819.3	0
-5966.51	18809	0
-5999.22	18796	0
-5954.39	18800.2	0
-5986.05	18777.8	0
-5975.72	18781.7	0
-5971.63	18765.9	0
-5930.56	18760	0
-5964.75	18754	0
-5966.04	18743.7	0
-5957.56	18737.3	0
-5951.95	18727.6	0
-5947.04	18720.6	0
-5965.33	18710.3	0
-5906.43	18708.3	0
-5945.8	18687.3	0
-5936.77	18696.9	0
-5957.82	18674.2	0
-5918.53	18673.5	0
-5933.41	18666.1	0
-5921	18652.7	0
-5928.96	18649.7	0
-5885.14	18639.6	0
-5945.98	18629.2	0
-5921.18	18629.6	0
-5916.88	18612.8	0
-5893.34	18610.3	0
-5908.23	18602	0
-5907.36	18589.7	0
-5883.98	18588.7	0
-5906.04	18571.6	0
-5909.98	18579.6	0
-5904.79	18547.3	0
-5865.13	18571.6	0
-5894.87	18531.6	0
-5878.2	18549	0
-5894.9	18525.8	0
-5858.41	18527.7	0
-5909.16	18513	0
-5876.32	18514.1	0
-5866.22	18496.2	0
-5850.71	18498.1	0
-5873.66	18479	0
-5874.72	18488.7	0
-5856.7	18459.4	0
-5864.58	18471.1	0
-5869.06	18452.3	0
-5854.25	18445.8	0
-5824.26	18447	0
-5859.75	18423.6	0
-5854.16	18432.8	0
-5854.85	18412.6	0
-5834.17	18411.8	0
-5850.17	18405.6	0
-5839.5	18391.6	0
-5818.28	18390.8	0
-5818.01	18376.4	0
-5862.07	18382.8	0
-5820.53	18352.9	0
-5833.84	18373.9	0
-5815.27	18338	0
-5827.5	18349.4	0
-5812.01	18337.1	0
-5793.39	18323.7	0
-5838.9	18326.2	0
-5821.29	18315.8	0
-5811.46	18299.5	0
-5792.04	18307.5	0
-5821.17	18285.1	0
-5787.4	18284.6	0
-5798.35	18278.7	0
-5792.88	18266.6	0
-5831.4	18261.2	0
-5784.05	18255.9	0
-5791.58	18242.1	0
-5779.08	18241.2	0
-5804.16	18228.8	0
-5767.43	18224	0
-5790.98	18216.3	0
-5800.65	18208.7	0
-5790.27	18199.3	0
-5763.69	18194.1	0
-5770.69	18188.6	0
-5784.9	18172.6	0
-5764.81	18178	0
-5776.5	18154.8	0
-5766.57	18166	0
-5801.29	18140.4	0
-5735.86	18144.4	0
-5763.55	18134.7	0
-5755.49	18121.3	0
-5772.77	18124.6	0
-5746.03	18106.7	0
-5766.9	18106.7	0
-5769.68	18096.2	0
-5747.42	18083.6	0
-5733.5	18091.5	0
-5741.64	18065.6	0
-5766.49	18071.3	0
-5734.71	18058.1	0
-5749.06	18048	0
-5751.32	18048.2	0
-5749.61	18031.8	0
-5710.18	18033.4	0
-5735.94	18015.9	0
-5733.88	18016.8	0
-5753.49	18003	0
-5705.42	17997.3	0
-5754.94	17994.4	0
-5724.4	17976.9	0
-5716.02	17982.9	0
-5702.62	17958.3	0
-5733.48	17969.1	0
-5729.97	17946.8	0
-5713.09	17945.5	0
-5718.36	17940.5	0
-5722.86	17925.3	0
-5710.89	17928.7	0
-5680.74	17911.6	0
-5722.71	17908.5	0
-5710.38	17897.9	0
-5720.84	17896.9	0
-5681.6	17881.3	0
-5727.76	17883.6	0
-5683.85	17864.8	0
-5694.86	17870.7	0
-5674.27	17852.3	0
-5725.12	17849.2	0
-5690.41	17846.9	0
-5686.86	17827.5	0
-5696.44	17833.6	0
-5682.98	17817.8	0
-5685.4	17813.7	0
-5657.33	17809.7	0
-5704.64	17796.4	0
-5691.01	17795.6	0
-5681.85	17781.8	0
-5660.99	17784.9	0
-5701.45	17767	0
-5651.3	17770.3	0
-5666.15	17757.4	0
-5673.4	17752.6	0
-5692.08	17748.2	0
-5665.61	17734.7	0
-5664.16	17737.5	0
-5663.62	17723.3	0
-5669.81	17715.9	0
-5645.14	17722.2	0
-5648.66	17691.7	0
-5693.68	17712.6	0
-5651.19	17677.5	0
-5658.32	17697	0
-5648.32	17667.1	0
-5665.26	17677.1	0
-5625.37	17663.7	0
-5660.82	17653.1	0
-5639.49	17657.8	0
-5690.29	17633.2	0
-5615.64	17648.2	0
-5652.93	17617.9	0
-5647.54	17634.8	0
-5631.62	17602	0
-5624.86	17624.5	0
-5650.26	17588.9	0
-5656	17602	0
-5628.55	17589.6	0
-5635.98	17570.2	0
-5622.91	17589.9	0
-5647.13	17550.6	0
-5592.15	17571.7	0
-5649.77	17549	0
-5628.02	17542.6	0
-5644.2	17542.2	0
-5601.64	17533	0
-5631.17	17520.4	0
-5621.15	17519.5	0
-5598.63	17514.6	0
-5617.28	17493.5	0
-5627.95	17509	0
-5628.49	17484.6	0
-5602.7	17476.2	0
-5609.35	17489.7	0
-5608.51	17454.3	0
-5612.43	17473.5	0
-5568.04	17449.6	0
-5638.43	17445.5	0
-5604.49	17446.9	0
-5606.05	17429.2	0
-5584.53	17427.4	0
-5615.07	17424	0
-5575.92	17405.1	0
-5590.4	17406.6	0
-5588.5	17401.4	0
-5609.46	17386	0
-5598.26	17386.3	0
-5565.44	17375.8	0
-5603.73	17368.2	0
-5578.9	17361.7	0
-5566.28	17359.5	0
-5569.96	17340.5	0
-5609.96	17344.9	0
-5570.2	17337.4	0
-5578.81	17316.5	0
-5573.25	17333.9	0
-5576.26	17296.6	0
-5560.37	17317.9	0
-5553.56	17291.2	0
-5583.71	17296.7	0
-5586.72	17282.2	0
-5548.6	17277.4	0
-5571.92	17273.1	0
-5573.85	17260.6	0
-5538.13	17261.6	0
-5562.59	17246.9	0
-5542	17244.7	0
-5597.97	17243.7	0
-5528.22	17222.4	0
-5576.34	17230.1	0
-5545.69	17216.2	0
-5567.4	17208.2	0
-5509.69	17209.7	0
-5568.15	17196.2	0
-5548.26	17188.5	0
-5559.82	17187.9	0
-5536.97	17174.9	0
-5557.15	17173.5	0
-5551.07	17161.8	0
-5513.58	17163.8	0
-5543.82	17144.3	0
-5543.01	17151.9	0
-5554.59	17132.3	0
-5519.87	17137	0
-5563.05	17124.6	0
-5531.44	17115.5	0
-5532.2	17116.2	0
-5504.92	17105.9	0
-5556.75	17096.7	0
-5523.38	17094.5	0
-5536.25	17084.9	0
-5528.7	17078.6	0
-5547.51	17074.8	0
-5521.3	17061.4	0
-5499.35	17062.1	0
-5536.19	17048.7	0
-5525.1	17051.8	0
-5525.14	17033.8	0
-5509.71	17039.4	0
-5558.56	17020.1	0
-5500.18	17024.7	0
-5518.86	17009.4	0
-5497.45	17012	0
-5537.04	16995.9	0
-5498.04	16991.6	0
-5520.48	16991.1	0
-5527.79	16973.7	0
-5522.94	16979.5	0
-5500.02	16964.6	0
-5492.87	16956	0
-5531.84	16961.2	0
-5483.93	16937.9	0
-5518.62	16945.1	0
-5503.57	16931.9	0
-5538.92	16924.5	0
-5482.77	16920.7	0
-5510.26	16912.1	0
-5494.96	16906.5	0
-5510.3	16899.7	0
-5478.45	16894.4	0
-5516.46	16883.9	0
-5512.35	16881.5	0
-5506.32	16874.1	0
-5480.8	16861	0
-5509.54	16870.6	0
-5496.4	16843.3	0
-5470.89	16854.3	0
-5506.37	16839.1	0
-5497.99	16834.1	0
-5512.22	16825.4	0
-5471.52	16825	0
-5512.7	16805.5	0
-5479.33	16818.5	0
-5485.89	16791.6	0
-5468.67	16799.1	0
-5509.89	16785.5	0
-5493.09	16781.3	0
-5475.29	16768.6	0
-5498.42	16774.5	0
-5495.2	16751.1	0
-5468.03	16761.7	0
-5465.46	16740.7	0
-5499.32	16740.7	0
-5473.79	16733.6	0
-5491.84	16726.3	0
-5470.85	16721.6	0
-5510.33	16705.8	0
-5456.6	16714.9	0
-5474.56	16692.2	0
-5463.99	16696.6	0
-5496.48	16682.5	0
-5454.61	16678.7	0
-5487.18	16677.6	0
-5492.47	16657	0
-5472.64	16665.6	0
-5464.35	16649.4	0
-5455.25	16645.4	0
-5500.2	16641.6	0
-5431.86	16629.2	0
-5495.04	16630.4	0
-5465.68	16614.2	0
-5494.95	16621.4	0
-5447.27	16597.5	0
-5473.74	16613	0
-5464.19	16585.4	0
-5465.98	16594.8	0
-5446.97	16579.6	0
-5483.41	16576.4	0
-5482.24	16568.4	0
-5449.3	16563.4	0
-5476.53	16560.2	0
-5458.55	16547.4	0
-5470.08	16547.1	0
-5421.72	16536.8	0
-5494.49	16530.6	0
-5444.89	16526.4	0
-5483.43	16518	0
-5439.22	16511	0
-5487.19	16506.4	0
-5445.34	16501.1	0
-5446.13	16490.9	0
-5444.32	16490.2	0
-5473.08	16476.2	0
-5450.93	16481.5	0
-5446.32	16461.6	0
-5483.54	16469.7	0
-5446.89	16447.5	0
-5449.06	16459.1	0
-5435.12	16432.9	0
-5468.57	16444	0
-5429.46	16428.3	0
-5457.72	16422.2	0
-5447.47	16420.6	0
-5482.85	16409.7	0
-5421.18	16400	0
-5451.49	16406.9	0
-5451.72	16384	0
-5432.64	16391.4	0
-5434.49	16375.5	0
-5449.59	16376.7	0
-5467.32	16364.5	0
-5429.75	16364.2	0
-5452.02	16349.5	0
-5436.3	16350.1	0
-5456.07	16343.5	0
-5399.67	16332	0
-5458.68	16334	0
-5442.18	16319.4	0
-5440.61	16317.7	0
-5437.73	16312.8	0
-5452.16	16298.4	0
-5444.27	16307.1	0
-5414.98	16284.3	0
-5435.11	16290.3	0
-5437.14	16280.3	0
-5441.57	16269.7	0
-5415.68	16276.8	0
-5467.3	16252.4	0
-5432.67	16263.4	0
-5432.35	16248.3	0
-5417.68	16241.6	0
-5451.81	16245.8	0
-5414.31	16225.9	0
-5425.34	16234.3	0
-5445.62	16217.2	0
-5443.37	16215.1	0
-5434.15	16218.8	0
-5418.47	16195.5	0
-5456.49	16209.1	0
-5408.8	16188.5	0
-5424.88	16189.4	0
-5422.65	16187.2	0
-5460.26	16172.5	0
-5412.76	16175.3	0
-5442.43	16164.3	0
-5440.82	16163	0
-5435.25	16160.1	0
-5406.07	16145.4	0
-5431.5	16154.1	0
-5441.66	16129.7	0
-5412	16141.8	0
-5442.8	16122.5	0
-5430.77	16128.2	0
-5460.99	16114.9	0
-5393.75	16113.9	0
-5450.06	16110.3	0
-5414.8	16095	0
-5436.04	16102.6	0
-5402.33	16086.8	0
-5456.75	16084	0
-5436.04	16084.4	0
-5426.66	16068.4	0
-5427.53	16075	0
-5444.28	16055.5	0
-5418.15	16064.5	0
-5401.86	16045	0
-5453.83	16053.7	0
-5416.11	16034.6	0
-5440.25	16040.1	0
-5418.33	16029.1	0
-5466.11	16024.2	0
-5405.01	16020.8	0
-5428.51	16015.1	0
-5423.1	16008.7	0
-5431.6	16008.7	0
-5423.75	15994.6	0
-5420.31	15996.7	0
-5459.28	15987.2	0
-5430.22	15985.5	0
-5423.74	15978.9	0
-5429.51	15975.5	0
-5447.99	15964.9	0
-5391.41	15965.8	0
-5446.73	15953.3	0
-5425.6	15958.5	0
-5448.84	15939.9	0
-5416.68	15948.9	0
-5449.46	15933.6	0
-5436.83	15929.3	0
-5423.84	15929.1	0
-5414.74	15917.4	0
-5439.09	15915.9	0
-5436.15	15911.5	0
-5410.14	15903.4	0
-5459.93	15900	0
-5431.91	15895.9	0
-5449.31	15888.3	0
-5400.93	15879.5	0
-5463.41	15886.1	0
-5412.15	15866.7	0
-5423.59	15870.9	0
-5436.9	15862.4	0
-5447.61	15855.9	0
-5435.23	15854.7	0
-5428.47	15848	0
-5458.42	15841.4	0
-5421.81	15839.3	0
-5431.68	15830.6	0
-5415.58	15827.7	0
-5455.79	15822.5	0
-5416.69	15819.3	0
-5443.09	15810.1	0
-5441.72	15810.7	0
-5460.75	15796.5	0
-5405.68	15804	0
-5448.15	15785.2	0
-5437.1	15791.7	0
-5415.74	15777.3	0
-5440.3	15782.4	0
-5426.31	15763.7	0
-5469.69	15770.9	0
-5408.23	15758.1	0
-5461.71	15757	0
-5436.2	15749.8	0
-5436.46	15742.7	0
-5411.17	15743.2	0
-5447.51	15730.3	0
-5435.23	15731.9	0
-5428.47	15719.1	0
-5441.01	15724.5	0
-5454.31	15704.9	0
-5445.5	15713.2	0
-5412.69	15695.7	0
-5458.98	15701	0
-5423.62	15688.7	0
-5429.45	15683.9	0
-5423.29	15681.6	0
-5467	15671.4	0
-5421.41	15670.4	0
-5451.48	15663.4	0
-5435	15659	0
-5460.56	15645.8	0
-5409.04	15652.2	0
-5439.82	15638.5	0
-5441.42	15632.9	0
-5433.54	15635.7	0
-5437.11	15619.4	0
-5438.8	15617.8	0
-5477.8	15618.6	0
-5408.7	15601.4	0
-5460.59	15605.4	0
-5438.17	15598.6	0
-5439.61	15585.7	0
-5417.32	15587.8	0
-5454.48	15580.7	0
-5451.05	15569.5	0
-5428.7	15574.1	0
-5462.96	15558.1	0
-5442.27	15554.7	0
-5467.44	15556	0
-5403.45	15538.5	0
-5478.58	15544.4	0
-5420.79	15535.2	0
-5452.23	15521.4	0
-5430.35	15533.7	0
-5479.63	15504.9	0
-5447.23	15521.2	0
-5439.49	15497	0
-5472.65	15506.1	0
-5441.68	15492.7	0
-5449.26	15483.8	0
-5427.58	15488.3	0
-5478.51	15476	0
-5436.78	15472.1	0
-5455.22	15469	0
-5465.02	15458	0
-5481.16	15456.2	0
-5427.39	15455.4	0
-5481.78	15438.4	0
-5437.83	15446.3	0
-5468.16	15431.4	0
-5432.87	15428.6	0
-5467.01	15427.7	0
-5481.57	15414.6	0
-5438.27	15417.9	0
-5483.83	15407.1	0
-5468.07	15402.4	0
-5468.81	15404.2	0
-5436.47	15391.1	0
-5487.13	15386.1	0
-5446.4	15390.1	0
-5466.27	15372.9	0
-5455.76	15378	0
-5489.24	15366.2	0
-5473.03	15364.3	0
-5452.3	15363	0
-5496.03	15349.8	0
-5459.97	15349.4	0
-5466.05	15345.5	0
-5450.72	15339	0
-5496.05	15334.4	0
-5447.42	15330.4	0
-5484.94	15324.1	0
-5473.84	15320.1	0
-5501.66	15316.1	0
-5451.78	15308.4	0
-5488.53	15309.4	0
-5479.91	15299.4	0
-5465.92	15292.5	0
-5465.08	15300.6	0
-5479.26	15273.1	0
-5496.25	15295.6	0
-5457.08	15268.2	0
-5503.35	15276	0
-5485.52	15265.6	0
-5495.59	15263.5	0
-5451.01	15252.7	0
-5513.58	15259.8	0
-5467.09	15241.6	0
-5465.74	15243.2	0
-5496.85	15242.2	0
-5488.62	15219.6	0
-5494.99	15241.6	0
-5473.4	15212.2	0
-5522.06	15216.4	0
-5474.12	15219.4	0
-5494.76	15192.9	0
-5465.94	15212.6	0
-5516.06	15185.5	0
-5462.31	15195.7	0
-5490.79	15182.7	0
-5508.52	15179.3	0
-5500.6	15177.6	0
-5483.58	15163.6	0
-5503.75	15172.9	0
-5516.87	15148	0
-5463.24	15163.8	0
-5510.84	15138.2	0
-5479.27	15150.2	0
-5515.55	15133.7	0
-5463.67	15138.7	0
-5528.19	15123.6	0
-5506.62	15125.1	0
-5497.2	15116.2	0
-5506.82	15107	0
-5511.27	15116.2	0
-5505.93	15093.3	0
-5473	15104.9	0
-5531.4	15084.5	0
-5483.38	15088.7	0
-5526.82	15082.8	0
-5481.48	15074.4	0
-5554.28	15070.9	0
-5497.89	15069.3	0
-5515.57	15056.4	0
-5520.21	15059.3	0
-5521.68	15050.6	0
-5502.72	15043.9	0
-5495.42	15043.7	0
-5552.21	15032	0
-5491.88	15032	0
-5531.47	15022.1	0
-5528.52	15024.6	0
-5548.1	15006.8	0
-5499.36	15015.4	0
-5549.87	15000.9	0
-5517.35	14994.3	0
-5532.5	15000.7	0
-5506.31	14978.5	0
-5542.51	14986.4	0
-5533.7	14976.4	0
-5517.73	14971	0
-5554.17	14964.2	0
-5537.45	14957.4	0
-5554.63	14962.2	0
-5508.53	14938	0
-5572.19	14956.4	0
-5521.47	14928.6	0
-5528.97	14936.8	0
-5537.52	14930.7	0
-5559.94	14917.9	0
-5526.39	14923.9	0
-5549.22	14908.1	0
-5576.45	14909.5	0
-5530.71	14900.7	0
-5564.7	14897.3	0
-5536.61	14897.1	0
-5572.37	14877.4	0
-5524.07	14892.4	0
-5556.11	14870.6	0
-5550.96	14873.3	0
-5569.47	14869.6	0
-5532.68	14860.3	0
-5584.25	14857.1	0
-5575.23	14856.4	0
-5542.46	14840.3	0
-5577.25	14846.5	0
-5563.87	14836	0
-5563.23	14829	0
-5537.99	14827.9	0
-5591.23	14822.9	0
-5553.99	14814.1	0
-5572.83	14811.2	0
-5569.35	14810.7	0
-5596.83	14793	0
-5567.02	14803.9	0
-5571.15	14790.1	0
-5592.49	14780.4	0
-5565.6	14787	0
-5573.05	14770	0
-5559.94	14771.9	0
-5611.02	14763.8	0
-5543.53	14761.6	0
-5605.61	14749.3	0
-5580.45	14756.9	0
-5604.51	14734.7	0
-5569.65	14746.4	0
-5599.71	14726.2	0
-5599.55	14735	0
-5563.77	14715.4	0
-5592.27	14720.8	0
-5588.04	14716.4	0
-5600.77	14700.9	0
-5558.38	14711.1	0
-5636.72	14690.7	0
-5581.57	14696.2	0
-5609.02	14687.7	0
-5595.52	14681.2	0
-5615.7	14682.4	0
-5597.39	14673.2	0
-5580.07	14671.1	0
-5621.08	14662.5	0
-5592.4	14666.1	0
-5600.67	14652.7	0
-5598.21	14655.7	0
-5645.26	14646.1	0
-5582.83	14647.7	0
-5631.73	14633.4	0
-5621.3	14639.3	0
-5620.83	14629	0
-5603.17	14622.5	0
-5619.3	14626.8	0
-5626.07	14611.6	0
-5600.1	14616	0
-5621.1	14605.2	0
-5629.13	14608	0
-5639.75	14593.2	0
-5595.6	14599	0
-5674.3	14587.8	0
-5616.15	14583.9	0
-5635.74	14583.7	0
-5620.97	14574.3	0
-5659.13	14572.8	0
-5608.54	14569.9	0
-5631.72	14558.5	0
-5643.63	14565.5	0
-5636.76	14548.6	0
-5637.79	14555.6	0
-5641.93	14544.8	0
-5672.84	14545.7	0
-5629.29	14541.7	0
-5653.58	14527.5	0
-5658.95	14542.2	0
-5647.29	14517	0
-5634.59	14529.2	0
-5654.52	14518.5	0
-5667.3	14510.9	0
-5626.43	14517.3	0
-5673.9	14503.4	0
-5663.93	14503.1	0
-5672.09	14499.4	0
-5647.02	14498.1	0
-5696.75	14486.1	0
-5658.85	14493.1	0
-5666.54	14482.5	0
-5665.37	14478.2	0
-5674.72	14480.6	0
-5673.74	14469.5	0
-5642.16	14466.7	0
-5716.66	14467.6	0
-5654.26	14458.2	0
-5696.06	14459.9	0
-5670.66	14449.2	0
-5726.49	14455.4	0
-5656.39	14436.1	0
-5701.9	14450	0
-5695.03	14432.8	0
-5687.65	14432	0
-5674.85	14436.5	0
-5701.51	14418.6	0
-5703.2	14424.7	0
-5668.28	14419.7	0
-5729.14	14407.2	0
-5690	14416.3	0
-5730.27	14402.6	0
-5676.11	14403.5	0
-5748.15	14394.5	0
-5694.31	14399.3	0
-5708.89	14383.6	0
-5707.38	14392.9	0
-5719.96	14381.3	0
-5710.12	14377	0
-5686.58	14379.4	0
-5765.59	14366.6	0
-5688.82	14371.8	0
-5737.56	14360.3	0
-5729.43	14363.2	0
-5748.89	14356.2	0
-5712.32	14351.6	0
-5739.41	14349.5	0
-5746.46	14347.5	0
-5716.28	14338.7	0
-5737.47	14339.4	0
-5731.42	14335.3	0
-5757.31	14325.2	0
-5707.84	14333.1	0
-5771.77	14318.6	0
-5741.94	14315.7	0
-5759.23	14323.7	0
-5744.91	14302.8	0
-5775.2	14313.4	0
-5759.74	14299.9	0
-5737.2	14302.3	0
-5780.4	14292.5	0
-5750.65	14299	0
-5764.34	14283.6	0
-5739.15	14284.7	0
-5805.23	14286.4	0
-5736.68	14277.6	0
-5783.99	14269.5	0
-5780.92	14279.1	0
-5790.07	14263.9	0
-5767.17	14261.2	0
-5789.54	14265.1	0
-5803.58	14252.8	0
-5757	14258.1	0
-5800.05	14246.3	0
-5778.36	14247.4	0
-5801.34	14244.3	0
-5751.35	14236.4	0
-5825.31	14238	0
-5786.56	14227.8	0
-5792.2	14234.5	0
-5807.54	14223.3	0
-5813.64	14219.8	0
-5808.69	14222	0
-5797.68	14212.1	0
-5829.71	14211.8	0
-5803.15	14206.4	0
-5807.74	14209.5	0
-5799.74	14192.1	0
-5843.34	14205.2	0
-5778.55	14188.1	0
-5829.28	14193.8	0
-5829.58	14183.8	0
-5824.38	14187.2	0
-5817.46	14172.2	0
-5840.52	14187	0
-5857.44	14162.7	0
-5799.65	14174.7	0
-5866.79	14162.8	0
-5829.82	14163.7	0
-5841.58	14155	0
-5821.11	14156.2	0
-5864.38	14152.8	0
-5826.76	14145.2	0
-5839.06	14144.8	0
-5857.24	14145.6	0
-5847.14	14129	0
-5867.92	14139.5	0
-5834.46	14130	0
-5904.18	14122.1	0
-5835.67	14125.8	0
-5879	14122.2	0
-5868	14108.9	0
-5878.52	14119.6	0
-5854.23	14110.3	0
-5869.66	14096	0
-5893.27	14113.1	0
-5846.67	14094	0
-5891.61	14095.1	0
-5872.62	14094.2	0
-5913.2	14087.9	0
-5839.93	14085.5	0
-5942.7	14080.1	0
-5878.15	14081.7	0
-5895.2	14074.2	0
-5907.96	14071.8	0
-5907.46	14071	0
-5903.8	14063	0
-5880.33	14058.5	0
-5940.34	14071.3	0
-5879.39	14035.1	0
-5913.65	14069.6	0
-5908.6	14038.6	0
-5928.32	14043	0
-5899.34	14047	0
-5933.75	14034.3	0
-5933.99	14030.1	0
-5925.73	14036.3	0
-5935.22	14024	0
-5928.85	14023	0
-5969.76	14018.9	0
-5890.17	14018.9	0
-5976.34	14007	0
-5921.31	14016.2	0
-5949.96	13998.3	0
-5919.06	14007.2	0
-5976.8	13993.8	0
-5931.69	13998.4	0
-5940.9	13992.1	0
-5980.51	13984.5	0
-5954	13989.9	0
-5960.55	13982.7	0
-5963.39	13970.4	0
-6003.97	13989.5	0
-5935.32	13961.7	0
-5994.83	13971.3	0
-5978.71	13970.2	0
-5974.07	13954.9	0
-5969.26	13967.2	0
-5983.32	13950.7	0
-5997.93	13956.9	0
-5953.76	13943.4	0
-6008.47	13953.5	0
-5984.33	13933.8	0
-6006.3	13942.5	0
-5973.5	13935.6	0
-6034.84	13931.9	0
-5994.21	13928.7	0
-6006.05	13921.9	0
-6023.08	13929.6	0
-6016.25	13909.2	0
-6017.51	13922.6	0
-5992.78	13906.7	0
-6062.67	13909.5	0
-5977.66	13910.4	0
-6039.83	13893.2	0
-6010.04	13906.6	0
-6048.73	13890.7	0
-5992.36	13895.2	0
-6052.37	13885.6	0
-6046.48	13887.4	0
-6013.37	13882.9	0
-6063.82	13875.7	0
-6046.27	13879.5	0
-6061.97	13868.8	0
-6021.91	13871.7	0
-6098.47	13863.6	0
-6029.49	13864.5	0
-6068.01	13858	0
-6053.58	13854.5	0
-6072.44	13857.1	0
-6049.5	13838.7	0
-6053.81	13857.3	0
-6092.03	13832.4	0
-6041.1	13845.1	0
-6086.7	13830.8	0
-6057.99	13835.1	0
-6111.14	13825.9	0
-6042.69	13831.1	0
-6109.58	13814	0
-6093.08	13828.1	0
-6079.17	13810.4	0
-6102.42	13814.2	0
-6093.47	13809.9	0
-6118.94	13811.3	0
-6054.38	13793	0
-6147.27	13810	0
-6073.21	13790.4	0
-6110.93	13794.6	0
-6088.44	13790.6	0
-6135.64	13790	0
-6082	13778.5	0
-6112.51	13785.3	0
-6135.51	13774.4	0
-6094.14	13769.3	0
-6137.08	13782.3	0
-6111.33	13753.9	0
-6160.16	13772.1	0
-6097.22	13759.1	0
-6159.27	13756.8	0
-6135.79	13753.8	0
-6139.68	13752.5	0
-6135.5	13747.4	0
-6152.74	13745.6	0
-6152.36	13740.2	0
-6115.74	13742.1	0
-6181.93	13737.6	0
-6127.52	13727.6	0
-6162.73	13741.8	0
-6131.72	13713.3	0
-6191.71	13735.6	0
-6130.19	13716.1	0
-6168.75	13718.3	0
-6179.99	13720	0
-6164.8	13708.4	0
-6167.93	13712.8	0
-6183.64	13707.8	0
-6202.43	13706.2	0
-6147.49	13697.9	0
-6217.63	13704.1	0
-6183.15	13692.1	0
-6188.76	13693.7	0
-6188.39	13692.5	0
-6208.48	13687.4	0
-6193.13	13685.1	0
-6180.23	13680.8	0
-6223.45	13679.8	0
-6182.68	13674.6	0
-6212.53	13677.3	0
-6187.16	13669.5	0
-6238.22	13666.1	0
-6183.37	13668.9	0
-6217.31	13658.9	0
-6233.28	13664.2	0
-6205.45	13653.5	0
-6227.83	13660.6	0
-6223.62	13641.2	0
-6252.44	13657.3	0
-6199.72	13641.6	0
-6260.92	13647.1	0
-6235.18	13637.9	0
-6238.58	13640.2	0
-6234.47	13633.9	0
-6261.3	13629.2	0
-6243.04	13636	0
-6219.39	13623.8	0
-6289.9	13623.6	0
-6216.62	13628.4	0
-6269.08	13608.8	0
-6239.2	13625	0
-6274.32	13608.7	0
-6243.77	13615.4	0
-6255.06	13606.3	0
-6282	13609.4	0
-6255.34	13599.3	0
-6266.33	13605.3	0
-6270.27	13596.1	0
-6305.41	13600.7	0
-6230.68	13589	0
-6327.12	13595.9	0
-6269.38	13588.8	0
-6289.8	13583	0
-6289.82	13589.5	0
-6308.05	13581.5	0
-6289.71	13577.4	0
-6288.78	13577	0
-6325.83	13576.6	0
-6286.65	13569	0
-6315.27	13570.2	0
-6290.17	13570.5	0
-6342.5	13561.1	0
-6273.78	13563.3	0
-6330.65	13563.9	0
-6318.26	13551.7	0
-6307.42	13560.2	0
-6315.3	13552.3	0
-6323.02	13546.1	0
-6338.7	13555	0
-6285.91	13540.1	0
-6367.93	13548.2	0
-6309.74	13536.4	0
-6343.92	13546.4	0
-6320.91	13526.1	0
-6360.91	13543.3	0
-6333.25	13526.6	0
-6329.4	13526.1	0
-6382.24	13534.2	0
-6320.05	13516.1	0
-6370.95	13525.6	0
-6338.52	13518.2	0
-6389.6	13514.9	0
-6330.64	13517.8	0
-6372.39	13508.4	0
-6383.45	13510.6	0
-6340.34	13500.9	0
-6381.03	13510.5	0
-6367.56	13496.4	0
-6387.42	13503.3	0
-6339.14	13492.9	0
-6408.76	13496.1	0
-6363.72	13490.1	0
-6372.85	13488.8	0
-6378.48	13486	0
-6394.42	13485.5	0
-6372.21	13477.3	0
-6373.75	13483.5	0
-6417.84	13474.5	0
-6357.7	13466.5	0
-6402	13486.7	0
-6385.88	13452.7	0
-6413.64	13476.9	0
-6361.24	13460.7	0
-6424.21	13458.7	0
-6399.03	13466.8	0
-6379.8	13446.4	0
-6423.1	13459.6	0
-6396.7	13450.9	0
-6417.05	13447.9	0
-6385.73	13443.7	0
-6443.65	13450.7	0
-6393.97	13428.4	0
-6419.47	13447.4	0
-6420.02	13435.6	0
-6422.31	13419.8	0
-6415.98	13450.4	0
-6416.41	13403.6	0
-6451.49	13437.7	0
-6396.67	13420.9	0
-6449.67	13407.8	0
-6420.27	13428.4	0
-6451.97	13403	0
-6406.25	13414.5	0
-6459.64	13403.5	0
-6440.2	13410.1	0
-6420.01	13393.1	0
-6460.65	13407.3	0
-6437.67	13387.9	0
-6450.71	13394.8	0
-6420.16	13391	0
-6493.16	13387.6	0
-6411.32	13377.8	0
-6464.38	13391.9	0
-6459.58	13363.8	0
-6451.32	13390.5	0
-6449.51	13360.7	0
-6453.64	13374.8	0
-6485.71	13369.3	0
-6422.35	13359.1	0
-6488	13363.4	0
-6455.31	13358.9	0
-6466.1	13354.5	0
-6454.62	13347.9	0
-6480.52	13358.8	0
-6467.84	13335.7	0
-6447.06	13350.2	0
-6497.89	13342	0
-6458.34	13331	0
-6475.08	13342.5	0
-6461.42	13327.8	0
-6510.81	13326	0
-6440.31	13329.5	0
-6493.09	13322.9	0
-6492.73	13314.4	0
-6461.77	13325.2	0
-6492.23	13306.8	0
-6479.81	13315.4	0
-6506.35	13303.2	0
-6443.77	13311.3	0
-6533.36	13295.3	0
-6465.95	13303.5	0
-6492.53	13292.3	0
-6493.46	13293.8	0
-6501.24	13290.6	0
-6488.32	13286.6	0
-6485.62	13278.4	0
-6526.07	13283.8	0
-6467.41	13274.6	0
-6521.05	13272.1	0
-6486.61	13272	0
-6520.61	13264.7	0
-6479.02	13263.3	0
-6519.35	13261.1	0
-6509.02	13255.2	0
-6496.66	13255.5	0
-6512.72	13248.4	0
-6505.83	13248.2	0
-6528.23	13246.1	0
-6476.33	13231.5	0
-6553.22	13246.4	0
-6495.3	13229.6	0
-6507.36	13227.9	0
-6533.44	13236.8	0
-6513.94	13211.3	0
-6517.77	13234.3	0
-6507.61	13208.9	0
-6559.71	13217	0
-6479.77	13211.4	0
-6554.2	13207.2	0
-6516.81	13205.3	0
-6538.28	13203.5	0
-6513.53	13193	0
-6543.87	13204.5	0
-6542.19	13180.1	0
-6502.79	13195.1	0
-6571.55	13185.8	0
-6515.12	13177	0
-6552.71	13181.3	0
-6517.93	13175.2	0
-6576.17	13172.6	0
-6514.85	13167.4	0
-6547.07	13167.6	0
-6564.76	13157.2	0
-6528.79	13165.9	0
-6556.16	13150.5	0
-6540.56	13155.6	0
-6578.5	13147.3	0
-6510.64	13147	0
-6590.18	13139.4	0
-6544.67	13139.7	0
-6544.8	13135.7	0
-6571.99	13133.2	0
-6555.5	13129.6	0
-6568.25	13117.4	0
-6535.15	13134.1	0
-6605.52	13107	0
-6527.48	13121	0
-6583.45	13111.6	0
-6558.81	13100.6	0
-6582.17	13114.3	0
-6550.88	13095.3	0
-6572.37	13096.3	0
-6598	13101.2	0
-6535.02	13083.8	0
-6597.28	13090.3	0
-6572.8	13088.9	0
-6578.76	13069.5	0
-6555.39	13089.5	0
-6608.97	13064.2	0
-6565.98	13071.9	0
-6567.88	13064.5	0
-6612.18	13066.8	0
-6556.7	13050.8	0
-6602.44	13066.1	0
-6560.22	13043.1	0
-6631.26	13050.4	0
-6537.58	13047.7	0
-6622.12	13041.1	0
-6582.29	13032.1	0
-6589.37	13046	0
-6591.38	13023.5	0
-6599.62	13026.2	0
-6601.01	13033	0
-6566.35	13010	0
-6633.44	13022.8	0
-6575.14	13012.3	0
-6605.49	13014.1	0
-6594.88	12999.9	0
-6611.97	13009.8	0
-6595.32	13000.1	0
-6588.6	12989.1	0
-6647.1	13002.5	0
-6554.73	12982.7	0
-6639.69	12985.4	0
-6593.51	12984.9	0
-6620.93	12981.7	0
-6589.31	12964.5	0
-6629.07	12982.8	0
-6612.08	12961.5	0
-6593.76	12965.8	0
-6638.27	12956.8	0
-6593.77	12965	0
-6634.11	12938.7	0
-6589.46	12961.7	0
-6648.91	12939.4	0
-6598.86	12943	0
-6616.5	12942.1	0
-6636.86	12932.9	0
-6609.14	12936	0
-6624.67	12925.5	0
-6617.77	12930.9	0
-6646.32	12917.8	0
-6588.6	12925.4	0
-6657.3	12915.4	0
-6619.88	12910.9	0
-6620.45	12915.2	0
-6641.87	12907.3	0
-6622.3	12904.4	0
-6652.44	12904	0
-6598.48	12899.3	0
-6678.33	12897.1	0
-6605.24	12894.4	0
-6648.06	12894.1	0
-6634.11	12883.3	0
-6652.36	12894.8	0
-6629.67	12873	0
-6636.82	12887.5	0
-6677.15	12876.1	0
-6597.81	12872.6	0
-6684.39	12870.3	0
-6625.1	12875.2	0
-6670.66	12853.6	0
-6615	12872.6	0
-6689.38	12856.6	0
-6635.96	12853.8	0
-6634.51	12856.6	0
-6691.48	12848.5	0
-6629.39	12845.2	0
-6669.67	12849	0
-6643.06	12840	0
-6695.28	12835.4	0
-6622.09	12841.8	0
-6685.49	12827.7	0
-6666.56	12834	0
-6652.45	12821	0
-6674.72	12829.9	0
-6663.81	12814.9	0
-6690.57	12821.4	0
-6620.5	12811.4	0
-6726.93	12812.5	0
-6643.38	12811.8	0
-6666.11	12799.7	0
-6694.51	12808.9	0
-6667.87	12797.2	0
-6673.13	12791.5	0
-6673.25	12802.2	0
-6711.52	12785.1	0
-6636.03	12787.8	0
-6713.73	12790.5	0
-6674.02	12778.6	0
-6684.21	12780	0
-6673.67	12774.9	0
-6707.91	12777.7	0
-6678.54	12760.6	0
-6669.34	12778.5	0
-6725.69	12758.6	0
-6661.36	12756.3	0
-6700.76	12768.3	0
-6690.86	12744.7	0
-6699.02	12755.4	0
-6685.84	12748.8	0
-6689.18	12747.3	0
-6727.9	12740	0
-6648.99	12741.7	0
-6742.53	12739	0
-6666.13	12732	0
-6728.09	12732.8	0
-6666.48	12726.5	0
-6732.85	12728.6	0
-6690.73	12719.6	0
-6692.61	12721.9	0
-6723.17	12715.8	0
-6694.32	12711.6	0
-6712.71	12714.6	0
-6693.21	12705	0
-6736.54	12701.1	0
-6681.83	12711.1	0
-6716.5	12685.3	0
-6729.74	12703.6	0
-6688.26	12690.1	0
-6730.28	12686.8	0
-6700.44	12687.2	0
-6744.82	12681.9	0
-6671.02	12679.8	0
-6763.5	12677.3	0
-6691.83	12673.2	0
-6725.71	12666.7	0
-6719.89	12667.4	0
-6728.4	12666.9	0
-6718.73	12650.9	0
-6708.49	12665.4	0
-6765.34	12653.1	0
-6683.35	12639.9	0
-6746.85	12657.6	0
-6725.55	12637.3	0
-6733.71	12637.7	0
-6710.06	12644.4	0
-6751.95	12631.9	0
-6732.45	12620.2	0
-6702.89	12641.2	0
-6774.97	12613.3	0
-6710.17	12619.5	0
-6739.48	12625.6	0
-6738.28	12606.9	0
-6746.1	12607	0
-6727.61	12615.7	0
-6736.71	12602	0
-6768.01	12591.4	0
-6707.97	12611.4	0
-6763.22	12589.9	0
-6738.11	12581.5	0
-6753.32	12606.2	0
-6725.08	12572	0
-6766.9	12582.4	0
-6750	12589.6	0
-6720.78	12563.3	0
-6783.78	12577.3	0
-6730.8	12574.9	0
-6758.49	12558.3	0
-6738.08	12568.1	0
-6784.72	12560.7	0
-6720.34	12554.6	0
-6766.44	12557.5	0
-6776.16	12545.3	0
-6722.85	12552.5	0
-6785.94	12540	0
-6738.17	12543.3	0
-6787.2	12537.2	0
-6714.97	12534.4	0
-6810.61	12529.5	0
-6732.25	12530.5	0
-6762.97	12520.9	0
-6779.05	12525.2	0
-6753.19	12512.6	0
-6773.08	12515.3	0
-6749.13	12514.3	0
-6803.85	12502.5	0
-6728.33	12507.9	0
-6784.83	12501.2	0
-6789	12494.9	0
-6737.68	12494.5	0
-6794.59	12490.2	0
-6768	12487.7	0
-6783.76	12478.2	0
-6740.28	12487.1	0
-6830.04	12469	0
-6727.95	12478.5	0
-6797.23	12466.9	0
-6784.4	12466.3	0
-6765.13	12458.7	0
-6791.48	12462.4	0
-6760.63	12453.4	0
-6819.05	12446.5	0
-6734.95	12452.7	0
-6819.34	12444.2	0
-6773	12431.6	0
-6785.48	12450.9	0
-6783.6	12422.9	0
-6797.1	12430.5	0
-6790.84	12429.5	0
-6761.28	12417.5	0
-6836.41	12417.5	0
-6748.9	12419.6	0
-6814.78	12405.1	0
-6784.9	12406.3	0
-6805.78	12410.2	0
-6779.24	12390.1	0
-6799.26	12400.1	0
-6818.02	12393.1	0
-6761.08	12379.2	0
-6833.34	12393.1	0
-6782.92	12374.8	0
-6811.41	12380.9	0
-6788.61	12368.7	0
-6822.55	12378	0
-6796.53	12355.9	0
-6790.07	12367.8	0
-6844.22	12361.4	0
-6773.43	12350.9	0
-6828.04	12356.5	0
-6801.95	12352.5	0
-6827.52	12335.6	0
-6789.13	12353.1	0
-6828.41	12336.2	0
-6826.45	12330.8	0
-6782.19	12342.9	0
-6855.15	12319.1	0
-6790.78	12334.5	0
-6837.16	12317.7	0
-6798.95	12319.8	0
-6848.3	12318.7	0
-6804.31	12310	0
-6816.21	12305.9	0
-6852.25	12313.5	0
-6797.88	12293.3	0
-6843.82	12302.7	0
-6809.72	12298.9	0
-6859.78	12285.5	0
-6785.44	12292.4	0
-6869.06	12287	0
-6823.92	12275.7	0
-6807.07	12283	0
-6868.86	12273.9	0
-6811.93	12268.5	0
-6844.12	12275.9	0
-6822.5	12256.1	0
-6865	12267	0
-6806.88	12260.3	0
-6846.67	12249.6	0
-6862.98	12259.9	0
-6804.19	12240.5	0
-6867.38	12249.8	0
-6823.18	12240.6	0
-6868.09	12241.1	0
-6805.86	12231.2	0
-6881.01	12237.8	0
-6828.63	12220.4	0
-6838.05	12231.7	0
-6867.15	12220.2	0
-6831.67	12218.1	0
-6856.41	12213.6	0
-6836.28	12215.8	0
-6880.9	12200.4	0
-6813.73	12212.4	0
-6878.57	12198.5	0
-6855.66	12192	0
-6836.35	12206.3	0
-6871.38	12178.1	0
-6848.44	12190.9	0
-6878.25	12189.1	0
-6818.19	12167.6	0
-6910.09	12188.9	0
-6830.82	12168.7	0
-6864.18	12162.9	0
-6877.43	12172.6	0
-6858.55	12159.7	0
-6866.26	12157.6	0
-6855.12	12153.9	0
-6906.04	12156.2	0
-6814.37	12143.8	0
-6915.85	12139.4	0
-6854.71	12153.5	0
-6864.72	12123.7	0
-6887.21	12133.9	0
-6867.08	12139.5	0
-6891.73	12111	0
-6842.37	12127.2	0
-6926.13	12123.4	0
-6841.81	12103.5	0
-6888.46	12121.8	0
-6898.17	12102	0
-6868.4	12105.1	0
-6886.79	12106	0
-6886.16	12089.1	0
-6906.24	12099.5	0
-6847.11	12089.9	0
-6935.01	12083.3	0
-6868.37	12089.5	0
-6895.32	12076.9	0
-6898.66	12076	0
-6896.9	12073.3	0
-6901.06	12070.5	0
-6876.27	12061.9	0
-6944.48	12067.3	0
-6861.89	12053.2	0
-6916.24	12060.3	0
-6920.08	12047.6	0
-6886.24	12051.9	0
-6914.19	12043.1	0
-6909.27	12039.1	0
-6927.82	12039.9	0
-6868.51	12036.7	0
-6965.51	12028.8	0
-6883.42	12027.3	0
-6921.28	12024	0
-6932.45	12019.5	0
-6908.03	12014.9	0
-6926.21	12014.7	0
-6910.12	12009.1	0
-6957.05	12001.6	0
-6885.2	12008.8	0
-6955.01	11988.7	0
-6923.19	12001.7	0
-6923.99	11991.4	0
-6937.86	11985.6	0
-6932.4	11978.9	0
-6941.38	11988.8	0
-6912.75	11967.8	0
-6977.14	11982.4	0
-6909.05	11960.3	0
-6952.27	11977.1	0
-6948.44	11952.4	0
-6938.82	11969.7	0
-6945.32	11947.8	0
-6947.81	11959.8	0
-6966.71	11947.4	0
-6921.13	11942.8	0
-6981.29	11951.7	0
-6948.14	11929.9	0
-6943.78	11938.7	0
-6975.24	11938.3	0
-6950.29	11921.4	0
-6971.42	11927.8	0
-6936.64	11930.2	0
-7007.71	11908.2	0
-6917.37	11920.7	0
-6998.48	11918.3	0
-6959.69	11903.3	0
-6965.69	11906.7	0
-6972.26	11913.2	0
-6969.4	11885.3	0
-6993.93	11909.3	0
-6934.08	11888.9	0
-7023.65	11891.1	0
-6947.01	11891.5	0
-6985.86	11880.5	0
-6989.43	11887.1	0
-6972.74	11873.7	0
-6993.49	11879.3	0
-6963.62	11872.8	0
-7029.77	11867.4	0
-6936.81	11872.8	0
-7029.57	11858.6	0
-6974.3	11865.1	0
-6993.96	11853.3	0
-6992.23	11856.8	0
-7000.14	11853.9	0
-7005.55	11845	0
-6962.81	11849.2	0
-7052.2	11835.7	0
-6958.1	11843.5	0
-7010.4	11832.9	0
-7022.24	11828.4	0
-6981.74	11837.2	0
-7014.48	11815.3	0
-7003.85	11830.3	0
-7024.84	11817.4	0
-6972.72	11810.8	0
-7045.92	11819.9	0
-6998.07	11802.9	0
-7005.69	11809.6	0
-7026.95	11797.4	0
-7015.03	11802.4	0
-7013.15	11796.4	0
-7005.01	11787.1	0
-7057.99	11790.7	0
-6972.82	11788.2	0
-7051.68	11775.9	0
-7029.72	11782.5	0
-6991.31	11772.7	0
-7061.23	11772.4	0
-6999.16	11764.3	0
-7056.43	11773.4	0
-6990.22	11751.6	0
-7076.5	11763.2	0
-6996.18	11755.3	0
-7041.69	11746.3	0
-7039.8	11751	0
-7029.95	11744.7	0
-7034.16	11740.3	0
-7029.44	11736.1	0
-7065.05	11737.6	0
-6998.74	11731.5	0
-7068.65	11727.8	0
-7042.06	11724.2	0
-7015.38	11721.9	0
-7075.52	11720.6	0
-7021.99	11708.8	0
-7060.48	11719.8	0
-7020.44	11703.4	0
-7086.77	11698.7	0
-7012.65	11713.9	0
-7063.28	11685.8	0
-7064.59	11695.4	0
-7024.49	11696.3	0
-7076.77	11681.6	0
-7036.95	11688.4	0
-7080.06	11676	0
-7018.31	11682.8	0
-7098.18	11670	0
-7034.21	11672.6	0
-7055.27	11665.5	0
-7086.96	11667.7	0
-7032.82	11652.8	0
-7086	11665.7	0
-7043.87	11647	0
-7093.05	11652.2	0
-7036.24	11645	0
-7090	11645.7	0
-7067.87	11637.3	0
-7050.85	11640.3	0
-7099.83	11626.8	0
-7049.12	11634.9	0
-7095.61	11624	0
-7053.27	11618.4	0
-7102.13	11626.6	0
-7062.98	11612.6	0
-7066.3	11606.7	0
-7123.9	11621.1	0
-7031.93	11592	0
-7120.48	11607.8	0
-7070.19	11598	0
-7097.12	11598.1	0
-7068.82	11581.3	0
-7113.95	11603.4	0
-7082.8	11573.7	0
-7070.53	11590.8	0
-7143.27	11575	0
-7049.72	11582.5	0
-7126.23	11564.3	0
-7087.78	11578.5	0
-7116.75	11563.9	0
-7080.51	11567.1	0
-7119.23	11559.4	0
-7120.87	11561.9	0
-7068.4	11557.2	0
-7156.93	11548.6	0
-7078.57	11551.9	0
-7129.53	11554.7	0
-7106.19	11533.6	0
-7126.78	11546.3	0
-7114.37	11540.7	0
-7101.76	11530.9	0
-7160.75	11530.4	0
-7081.89	11537.6	0
-7148.64	11519.1	0
-7120.93	11524.4	0
-7126.71	11523.9	0
-7120.6	11513.3	0
-7139.06	11511.1	0
-7144.46	11517.7	0
-7090.33	11502.8	0
-7194.6	11501.4	0
-7092.18	11508.9	0
-7151.81	11487.6	0
-7145.27	11503.2	0
-7134.17	11481.6	0
-7145.19	11500.1	0
-7135.81	11473.6	0
-7173.58	11489	0
-7100.91	11474.5	0
-7190.92	11478.3	0
-7133.14	11465.9	0
-7146.22	11473.4	0
-7162.29	11462.9	0
-7150.16	11463.7	0
-7162.41	11456.3	0
-7129.76	11459.5	0
-7205.95	11445.5	0
-7110.85	11454.3	0
-7185.58	11441.7	0
-7170.62	11445.1	0
-7137.74	11434.9	0
-7188.43	11436.6	0
-7152.29	11433.1	0
-7184.01	11426.6	0
-7140.4	11430.7	0
-7208.62	11414.9	0
-7149.96	11424.8	0
-7168.8	11412.7	0
-7201.72	11409.1	0
-7147.96	11418.7	0
-7199.2	11396.4	0
-7160.99	11403.9	0
-7207.2	11400.3	0
-7146.12	11394.2	0
-7212.69	11388.7	0
-7184.67	11396.7	0
-7155.5	11374.8	0
-7236.25	11390	0
-7147.47	11372.7	0
-7218.63	11381.4	0
-7170.23	11363.5	0
-7218.56	11379.6	0
-7175.03	11357.6	0
-7197.18	11370.8	0
-7227.75	11351.9	0
-7150.72	11362.3	0
-7247.17	11349.8	0
-7179.78	11351.6	0
-7207.86	11348.1	0
-7208.11	11338.5	0
-7208.34	11342.8	0
-7212.29	11335.9	0
-7188.51	11331.7	0
-7253.57	11333.4	0
-7165.97	11323.3	0
-7247.36	11325.9	0
-7206.23	11313.4	0
-7213.53	11325.7	0
-7222.22	11301.9	0
-7219.99	11321.5	0
-7230.87	11295.6	0
-7192.85	11309.6	0
-7275.48	11293.6	0
-7176.15	11299.6	0
-7254.41	11288.9	0
-7230.43	11288.2	0
-7219.32	11291.1	0
-7239.46	11277.1	0
-7226.36	11280.6	0
-7260.1	11275.9	0
-7191.47	11273.7	0
-7286.99	11265.2	0
-7213.17	11264.7	0
-7233.99	11268.6	0
-7269.4	11247.7	0
-7214.57	11258.4	0
-7269.2	11261.8	0
-7217.5	11230.6	0
-7286.22	11256.5	0
-7209.17	11242.3	0
-7268.72	11225.7	0
-7264.4	11243.9	0
-7215.08	11226	0
-7290.9	11225.9	0
-7230.29	11225.3	0
-7269.1	11216.5	0
-7240.21	11222.8	0
-7277.86	11204.4	0
-7250.39	11212.8	0
-7243.29	11206.7	0
-7300.41	11196.3	0
-7220.5	11200.4	0
-7291.33	11198.3	0
-7250.3	11182.5	0
-7281.35	11190	0
-7246.2	11185.6	0
-7283.34	11177.7	0
-7277.78	11170.1	0
-7236.89	11177.9	0
-7315.01	11167.2	0
-7243.33	11160.4	0
-7279.33	11161.1	0
-7285.68	11159.7	0
-7263.95	11146.1	0
-7286.61	11153.5	0
-7262.47	11146.8	0
-7310.82	11135	0
-7233.26	11141.7	0
-7326.22	11132.4	0
-7258.73	11131	0
-7283.4	11123.4	0
-7293.21	11122.3	0
-7278.79	11121.5	0
-7291.15	11110	0
-7272.55	11110.2	0
-7315.83	11110.2	0
-7250.84	11099.3	0
-7312.33	11095.8	0
-7298.22	11098.8	0
-7259.36	11088	0
-7327.61	11082.2	0
-7265.65	11088.8	0
-7319.64	11072.1	0
-7263.77	11079.9	0
-7333.29	11066.8	0
-7268.24	11065.3	0
-7299.8	11068.7	0
-7329.15	11052.9	0
-7253.82	11052.6	0
-7341.7	11057.1	0
-7281.17	11042.3	0
-7306.65	11038.4	0
-7306.51	11048.6	0
-7300.41	11025.1	0
-7318.22	11030.8	0
-7278.05	11034	0
-7355.24	11016	0
-7258.47	11016.4	0
-7349.98	11021	0
-7290.42	11005.2	0
-7319.85	11007.3	0
-7314.1	11003.2	0
-7308.11	10999.4	0
-7335.94	10996	0
-7284.43	10986.6	0
-7357.51	10990.5	0
-7292.83	10981.3	0
-7323.35	10982.2	0
-7341.86	10973.3	0
-7296.74	10976.2	0
-7347.9	10965.7	0
-7304.55	10969.3	0
-7362.77	10953.4	0
-7284.44	10969.2	0
-7369.52	10941.8	0
-7322.68	10955.9	0
-7313.91	10954.5	0
-7368.64	10933.6	0
-7313.33	10944.7	0
-7355.28	10944.6	0
-7319.18	10922.1	0
-7378.73	10943.3	0
-7309.77	10922.3	0
-7357.76	10924.1	0
-7370.97	10923	0
-7303.89	10917.3	0
-7390.24	10911.4	0
-7338.22	10919.5	0
-7354.81	10897.3	0
-7348.69	10911.5	0
-7370.85	10902.1	0
-7355.08	10892.7	0
-7338.93	10895.8	0
-7408.85	10898	0
-7313.98	10879.3	0
-7394.93	10888.3	0
-7364.27	10885.9	0
-7357.74	10873.9	0
-7380.9	10878.1	0
-7361.92	10870.4	0
-7397.52	10874.6	0
-7332.1	10857.3	0
-7428.78	10868	0
-7345.72	10861.3	0
-7377.97	10848.9	0
-7412.14	10856.3	0
-7343.23	10853.1	0
-7417.91	10839.8	0
-7360.15	10841.8	0
-7415.02	10849.3	0
-7358.78	10826.4	0
-7416.11	10833.6	0
-7386.88	10833.3	0
-7373.8	10823.9	0
-7431.95	10817	0
-7367.15	10824.4	0
-7412.39	10810.8	0
-7395.37	10812.5	0
-7411.28	10805.7	0
-7387.76	10806.4	0
-7411.99	10799.5	0
-7424.18	10791.5	0
-7366.34	10801.6	0
-7456.36	10781	0
-7382.39	10790.3	0
-7415.8	10782	0
-7424.43	10779	0
-7410.44	10769.1	0
-7417.78	10778.5	0
-7405.89	10762.7	0
-7459.58	10765.7	0
-7367.3	10765.3	0
-7467.8	10744.6	0
-7413.89	10768	0
-7404.23	10742.1	0
-7462.42	10744.4	0
-7400.38	10749	0
-7450.53	10732.3	0
-7412.26	10740	0
-7459.87	10726.3	0
-7407.67	10735.6	0
-7444.57	10716.2	0
-7454.85	10722.6	0
-7403.47	10725.3	0
-7475.19	10703.7	0
-7418.78	10719.5	0
-7457.74	10700.1	0
-7424.96	10711.9	0
-7468.11	10688.6	0
-7436	10707	0
-7430.25	10689.8	0
-7496.11	10689.1	0
-7395.83	10684.2	0
-7485.94	10685.4	0
-7450.1	10675.1	0
-7438.92	10676.7	0
-7471.16	10665.9	0
-7447.47	10678.3	0
-7476.33	10654.1	0
-7416.92	10662.7	0
-7521.27	10663.2	0
-7411.38	10646.7	0
-7478.91	10649.1	0
-7485.79	10655	0
-7430.73	10635	0
-7494.74	10640.4	0
-7455.42	10639.8	0
-7481.31	10634.8	0
-7448.27	10620.9	0
-7497.96	10633.3	0
-7467.97	10621.8	0
-7447.82	10621.4	0
-7523.86	10605.2	0
-7428.36	10629.1	0
-7510.48	10595.3	0
-7465.19	10608	0
-7490.22	10601.7	0
-7473.9	10602.5	0
-7484.93	10585.3	0
-7501.55	10599	0
-7451.4	10584.9	0
-7529.16	10583.2	0
-7460.11	10575.1	0
-7495.29	10588.2	0
-7509.61	10565.6	0
-7466.94	10567.1	0
-7521.92	10576.3	0
-7470.36	10558.5	0
-7530.89	10553.9	0
-7460.53	10568.5	0
-7531.54	10546.1	0
-7500.35	10548.4	0
-7475.92	10554.1	0
-7548.35	10537.8	0
-7472.6	10538.1	0
-7530.9	10542.4	0
-7493.76	10527.6	0
-7535.56	10532.9	0
-7489.9	10526.5	0
-7521.57	10518.7	0
-7541.18	10525.2	0
-7472.91	10512.5	0
-7562.75	10511.2	0
-7499.96	10515.4	0
-7522.17	10499.8	0
-7538.49	10507.5	0
-7511.15	10498.7	0
-7545.58	10493.4	0
-7498.16	10495.1	0
-7579.1	10482.7	0
-7480.12	10497	0
-7570.28	10469.9	0
-7527.02	10484.4	0
-7521.21	10474.8	0
-7566.21	10463.5	0
-7514.25	10478.5	0
-7562.9	10452.5	0
-7518.12	10467	0
-7574.68	10456.7	0
-7521.27	10448.2	0
-7548.15	10450	0
-7581.12	10447.7	0
-7497.62	10437.7	0
-7604.58	10440.1	0
-7517.43	10432.8	0
-7576.04	10430.6	0
-7541.16	10421.3	0
-7571.44	10431.1	0
-7557.21	10409.2	0
-7540.24	10421.1	0
-7608.69	10411.8	0
-7513.09	10406.7	0
-7600.11	10405.9	0
-7567.64	10398	0
-7540.85	10398	0
-7608.49	10396.5	0
-7544.19	10386.9	0
-7596.36	10391	0
-7552.1	10384.8	0
-7608.18	10373.2	0
-7556.73	10385.7	0
-7578.67	10371.1	0
-7620.27	10367.7	0
-7528.02	10373.2	0
-7635.23	10357.8	0
-7563.16	10369.1	0
-7592.97	10347.1	0
-7596.11	10364.5	0
-7584.71	10346.5	0
-7608.8	10346.7	0
-7564.16	10347.1	0
-7641.41	10342.6	0
-7554.22	10325.6	0
-7624.97	10351.2	0
-7599.11	10315.3	0
-7587.46	10338.7	0
-7619.59	10317	0
-7590.92	10329.3	0
-7623.48	10304.4	0
-7581.61	10323.7	0
-7638.43	10310.8	0
-7593.1	10299.3	0
-7598.81	10309.8	0
-7653.89	10300.9	0
-7563.92	10294.2	0
-7652.42	10288.2	0
-7600.29	10300.3	0
-7623.12	10276.1	0
-7612.56	10287.4	0
-7631.95	10281.3	0
-7623.89	10275.4	0
-7595.75	10271.8	0
-7673.58	10267.9	0
-7579.85	10273.1	0
-7648.11	10256.1	0
-7636.14	10259.4	0
-7608.01	10260.3	0
-7654.64	10253.6	0
-7611.24	10241.4	0
-7658.17	10253.1	0
-7601.37	10243.1	0
-7668.8	10232.3	0
-7625.47	10236.9	0
-7616.27	10242.1	0
-7684.86	10216.9	0
-7595.54	10232.4	0
-7671.27	10227.9	0
-7631.07	10212.2	0
-7647.62	10220.1	0
-7642.7	10211.9	0
-7643.03	10211	0
-7672.03	10205.5	0
-7597.17	10206.3	0
-7711.01	10199	0
-7608.49	10196.9	0
-7657.14	10189.1	0
-7672.84	10194.6	0
-7629.34	10186.2	0
-7670.83	10181.7	0
-7641.18	10180.7	0
-7680.8	10178.2	0
-7618.76	10172	0
-7694.57	10169.5	0
-7649.18	10169.4	0
-7633.89	10161.7	0
-7711.04	10159.1	0
-7616.49	10165.2	0
-7689.38	10146.3	0
-7661.66	10154.5	0
-7654.48	10148.2	0
-7676.89	10147.1	0
-7657.51	10139.3	0
-7693.22	10139.9	0
-7624.28	10136.9	0
-7727.27	10133.7	0
-7633.64	10125.8	0
-7679.21	10135.2	0
-7704.1	10115.8	0
-7636.88	10122.8	0
-7709.54	10117.7	0
-7657.77	10112.3	0
-7703.17	10111.3	0
-7650.87	10104.5	0
-7705.96	10110.5	0
-7684.78	10093.3	0
-7651.55	10102.3	0
-7738.34	10098.4	0
-7642.83	10087.5	0
-7708.38	10089.1	0
-7687.73	10092.6	0
-7681.92	10077.6	0
-7701.38	10080.8	0
-7677.87	10081.7	0
-7717.54	10072	0
-7657.59	10070.4	0
-7730.76	10068.9	0
-7679.63	10072.5	0
-7681.52	10054	0
-7741.64	10062.1	0
-7649.06	10062.3	0
-7734.37	10048	0
-7684.57	10049.7	0
-7711.47	10053.1	0
-7687.6	10040.1	0
-7717.21	10043.1	0
-7711.62	10039.2	0
-7667.87	10040.3	0
-7764.07	10024.2	0
-7657.93	10035.7	0
-7731.72	10031.2	0
-7714.71	10016.2	0
-7691.38	10025.8	0
-7735.28	10020.8	0
-7688.84	10010.8	0
-7745.51	10018.3	0
-7675.68	10005.2	0
-7751.18	10009.1	0
-7705.21	10004	0
-7696.04	10001.3	0
-7767.8	9995.9	0
-7667.09	10004	0
-7754.53	9979.34	0
-7710.33	9996.33	0
-7719.36	9988.47	0
-7726.56	9976.69	0
-7717.65	9980.97	0
-7744.13	9983.91	0
-7683.31	9963.35	0
-7775.81	9976.93	0
-7692.34	9966.64	0
-7725.19	9962.06	0
-7761	9960.5	0
-7686.1	9961.37	0
-7758.63	9948.15	0
-7712.04	9955.36	0
-7744.17	9944.97	0
-7708.93	9943.12	0
-7748.8	9945.26	0
-7734.12	9932.07	0
-7695.63	9939.47	0
-7789.29	9925.28	0
-7678.81	9928.31	0
-7759.12	9927.49	0
-7735.07	9916.08	0
-7722.11	9920.42	0
-7740.36	9911.62	0
-7728.45	9908.92	0
-7751.8	9905.32	0
-7702.34	9904.87	0
-7772.2	9895.45	0
-7714.55	9900.27	0
-7725.06	9886.94	0
-7774.29	9894.13	0
-7686.89	9885.04	0
-7776.06	9877.13	0
-7715.78	9885.58	0
-7738.86	9871.13	0
-7742.06	9870.74	0
-7727.69	9871.22	0
-7753.55	9865.95	0
-7703.98	9863.28	0
-7783.76	9853.63	0
-7688.45	9864.69	0
-7762.73	9845.98	0
-7746.75	9844.12	0
-7703.11	9858.32	0
-7777.07	9831.35	0
-7707.95	9840.78	0
-7759.47	9837.73	0
-7719.63	9833.48	0
-7756.11	9817.83	0
-7737.91	9838.33	0
-7712.79	9811.56	0
-7792.13	9825.74	0
-7681.42	9807.84	0
-7779.16	9813.43	0
-7736.98	9810.81	0
-7717.76	9800.09	0
-7767.22	9798.76	0
-7726.71	9804.89	0
-7754.49	9783.18	0
-7714.06	9796.02	0
-7784.42	9786	0
-7703.39	9779.05	0
-7748.85	9783.27	0
-7781.17	9769.53	0
-7675.91	9773.75	0
-7803.89	9771.88	0
-7707.76	9752.55	0
-7755.04	9770.63	0
-7748.71	9753.19	0
-7730.97	9752.93	0
-7764.96	9745.34	0
-7717.28	9756.9	0
-7782.93	9730.28	0
-7706.86	9738.66	0
-7767.93	9741.43	0
-7754.31	9725.6	0
-7705.43	9724.99	0
-7800.77	9726.11	0
-7703.09	9722.96	0
-7771.35	9706.07	0
-7735.35	9723.34	0
-7755.96	9699.83	0
-7746.45	9709.19	0
-7728.51	9705.72	0
-7790.47	9689.16	0
-7697.14	9705.63	0
-7786.44	9686.39	0
-7734.03	9689.01	0
-7741.38	9683.38	0
-7770.07	9689.09	0
-7725.46	9668.8	0
-7773	9681.5	0
-7726.89	9670.51	0
-7771.32	9668.51	0
-7736.12	9665.05	0
-7745.3	9662.5	0
-7780.85	9661.53	0
-7698.44	9650.95	0
-7808.3	9651.06	0
-7707.4	9655.72	0
-7764.84	9640.82	0
-7764.54	9639.88	0
-7722.7	9639.01	0
-7778.7	9640.63	0
-7721.29	9624.03	0
-7783.45	9628.5	0
-7717.62	9634.36	0
-7773.21	9608.57	0
-7748.81	9620.87	0
-7729.3	9624.41	0
-7789.12	9597.76	0
-7708.57	9613.48	0
-7779.5	9603.58	0
-7743.02	9600.68	0
-7740.47	9591.09	0
-7767.16	9599.17	0
-7733.98	9581.36	0
-7771.07	9596.64	0
-7716.71	9571.18	0
-7794.44	9578.44	0
-7716.45	9585.38	0
-7751.32	9560.87	0
-7783.11	9566.5	0
-7702.29	9574.4	0
-7794.65	9546.19	0
-7723.72	9561.24	0
-7757.59	9554.6	0
-7752.57	9547.05	0
-7745.14	9538.36	0
-7764.52	9550.69	0
-7720.34	9535.45	0
-7797.08	9533.45	0
-7704.91	9531.85	0
-7772.5	9526.04	0
-7766.93	9528.66	0
-7711.74	9513	0
-7790.8	9526.19	0
-7733.24	9510.08	0
-7755.32	9514.65	0
-7747.43	9502.97	0
-7763.44	9507.55	0
-7753.43	9503.82	0
-7722.41	9493.98	0
-7808.69	9495.81	0
-7696.32	9493.5	0
-7787.27	9486.45	0
-7747.3	9485.55	0
-7735.62	9481.68	0
-7783.41	9479.81	0
-7722.42	9470.67	0
-7774.76	9479.1	0
-7738.06	9458.45	0
-7763.82	9476.65	0
-7746.71	9452.02	0
-7740.75	9462.19	0
-7790.57	9453.13	0
-7695.67	9455.65	0
-7805.24	9437.74	0
-7725.73	9452.71	0
-7748.06	9435.37	0
-7772.5	9437.32	0
-7727.81	9430.5	0
-7775.98	9437.36	0
-7722.19	9421.26	0
-7785.41	9418.7	0
-7724.81	9420.54	0
-7754.04	9421.61	0
-7780.05	9398.81	0
-7697.76	9410.74	0
-7808.32	9414.54	0
-7709.16	9384.92	0
-7759.59	9404.13	0
-7769.34	9394.68	0
-7718.7	9385.21	0
-7775.83	9385.82	0
-7726.95	9380.8	0
-7775.93	9379.45	0
-7716.55	9369.8	0
-7770.56	9371.44	0
-7756.86	9368.2	0
-7704.04	9356.72	0
-7805.83	9360.58	0
-7699.34	9355.45	0
-7767.44	9348.87	0
-7750.82	9343.32	0
-7721.51	9348.18	0
-7777.21	9335.5	0
-7712.49	9330.64	0
-7772.68	9340.18	0
-7711.05	9318.52	0
-7781.52	9326.75	0
-7715.5	9318.77	0
-7730.63	9316.22	0
-7795.1	9311.41	0
-7673.44	9307.22	0
-7781.66	9304.92	0
-7736.7	9300.17	0
-7720.77	9296.19	0
-7759.4	9294.22	0
-7721.37	9288.33	0
-7762.86	9277.31	0
-7696.69	9292.99	0
-7781	9266.41	0
-7710.7	9279.85	0
-7729.6	9263.3	0
-7771.19	9273.25	0
-7684.33	9251.1	0
-7780.95	9263.86	0
-7706.62	9249.66	0
-7739.77	9250.02	0
-7741.43	9243.81	0
-7721.77	9239.41	0
-7749.29	9243.32	0
-7703.06	9220.8	0
-7773.15	9236.74	0
-7688.63	9218.66	0
-7757.55	9222.95	0
-7736.65	9212.24	0
-7696.31	9213.24	0
-7779.24	9205.85	0
-7682.55	9204.16	0
-7757.01	9198.66	0
-7731.81	9190.54	0
-7708.5	9193.41	0
-7749.99	9184.96	0
-7712.75	9178.25	0
-7746.65	9178	0
-7694.13	9177.65	0
-7768.46	9159.46	0
-7707.49	9161.55	0
-7700.47	9169.62	0
-7786.38	9145.21	0
-7664.01	9147.31	0
-7758.96	9154.13	0
-7721.29	9135.99	0
-7710.77	9135.22	0
-7737.45	9131.33	0
-7706.22	9133.45	0
-7746.79	9112.6	0
-7684.6	9121.7	0
-7757.91	9113.9	0
-7696.03	9113.94	0
-7710.26	9086.72	0
-7760.42	9115.06	0
-7651.15	9086.96	0
-7778.77	9093.33	0
-7683.68	9077.43	0
-7708.5	9084.91	0
-7739.32	9081.4	0
-7690.26	9054.47	0
-7733.49	9078.74	0
-7681.05	9059.77	0
-7759.98	9054.01	0
-7665.13	9047.44	0
-7727.58	9056.44	0
-7734.89	9040.53	0
-7663.9	9026.73	0
-7760.91	9046.98	0
-7675.19	9026.51	0
-7721.98	9020.07	0
-7718.39	9018.13	0
-7687.04	9022.39	0
-7739.31	9007.9	0
-7677.44	8994.07	0
-7740.53	9020.79	0
-7679.72	8984.69	0
-7726.4	8993.49	0
-7715.47	8990.46	0
-7671.01	8980.27	0
-7766.2	8983.93	0
-7654.83	8966.67	0
-7733.09	8972.98	0
-7716.54	8970.35	0
-7678.65	8945.68	0
-7740.01	8967.24	0
-7679.58	8946.72	0
-7733.06	8944.34	0
-7684.62	8938.82	0
-7725.74	8942.55	0
-7701.13	8929	0
-7690.28	8918.7	0
-7751.7	8930.15	0
-7651.08	8918.28	0
-7750.25	8899.98	0
-7698.14	8918.58	0
-7683.78	8899.72	0
-7745.17	8891.38	0
-7673.93	8898.45	0
-7734.7	8887.3	0
-7681.42	8886.13	0
-7733.45	8868.58	0
-7689.94	8885.09	0
-7704.63	8861.44	0
-7737.83	8866.76	0
-7651.35	8857.5	0
-7768.51	8856.87	0
-7671.17	8847.07	0
-7702.6	8846	0
-7746.12	8839.16	0
-7655.61	8836.91	0
-7745.37	8824.59	0
-7691.46	8827.28	0
-7713.27	8824.94	0
-7699.29	8806.82	0
-7711.12	8814.92	0
-7727.32	8805.09	0
-7658.3	8799.89	0
-7768.55	8791.23	0
-7663.65	8795.8	0
-7714.19	8783.9	0
-7734.35	8779.14	0
-7663.03	8778.87	0
-7751.89	8771.27	0
-7673.65	8769.31	0
-7726.25	8752.47	0
-7700.88	8770.5	0
-7701.57	8744.59	0
-7727.36	8747.22	0
-7667.64	8744.9	0
-7757.05	8736.81	0
-7663.04	8734.11	0
-7728.18	8726.82	0
-7718.37	8724.21	0
-7668.47	8721.42	0
-7757.84	8707.29	0
-7668.37	8714.52	0
-7723.08	8697.98	0
-7712.58	8703.61	0
-7695.13	8688.47	0
-7721.57	8693.67	0
-7684.15	8680.8	0
-7749.2	8684.85	0
-7648.09	8668.36	0
-7754.69	8672.2	0
-7700.83	8672.27	0
-7666.33	8648.36	0
-7769.14	8664.88	0
-7652.49	8652.61	0
-7733.35	8642.48	0
-7711.36	8639.08	0
-7682.05	8641.48	0
-7739.12	8635.32	0
-7677.65	8613.83	0
-7732.07	8639.39	0
-7677.23	8611.3	0
-7743.78	8603.19	0
-7680.63	8620.84	0
-7698.17	8603	0
-7763.06	8588.07	0
-7631.97	8604.83	0
-7763.03	8587.67	0
-7691.06	8573.88	0
-7691.78	8591.8	0
-7737.57	8567.66	0
-7673.76	8566.66	0
-7737.93	8574.07	0
-7680.31	8548.7	0
-7726.25	8560.02	0
-7695.33	8545.44	0
-7705.05	8550.68	0
-7733.14	8534.89	0
-7653.58	8541.73	0
-7769.31	8521.69	0
-7671.22	8533.3	0
-7691.59	8517.4	0
-7760.4	8518.66	0
-7648.77	8508.39	0
-7744.75	8510.42	0
-7691.42	8501.76	0
-7715.31	8493.75	0
-7701.73	8500.07	0
-7703.03	8484.71	0
-7731.33	8482.19	0
-7661.02	8482.28	0
-7763.71	8472.99	0
-7666.89	8469.56	0
-7707.36	8464.53	0
-7750.26	8461.62	0
-7645.97	8453.45	0
-7759.89	8458.46	0
-7679.63	8437.92	0
-7715.58	8451.6	0
-7712.1	8427.72	0
-7696.44	8442.07	0
-7727.43	8419.06	0
-7681.66	8431.05	0
-7739.92	8416.82	0
-7676.18	8409.23	0
-7726.15	8420.05	0
-7726.58	8396.02	0
-7649.09	8402.59	0
-7787.71	8399.81	0
-7644.92	8387.74	0
-7729.22	8383.62	0
-7725.66	8392.54	0
-7675.69	8366.07	0
-7735.89	8380.63	0
-7684.14	8365.53	0
-7736.78	8362.11	0
-7682.82	8363.24	0
-7714.9	8350.11	0
-7722.08	8350.71	0
-7674.4	8348.15	0
-7750.79	8337.73	0
-7662.76	8333.19	0
-7737.92	8340.32	0
-7706.66	8317.68	0
-7672.8	8320.03	0
-7758.47	8330.09	0
-7662.94	8302.34	0
-7729.04	8309.88	0
-7702.36	8302.4	0
-7704.61	8308.55	0
-7710.47	8279.42	0
-7690.31	8296.63	0
-7745.84	8290.5	0
-7655.32	8274.62	0
-7743.66	8270.36	0
-7712.43	8284.75	0
-7658.63	8260.16	0
-7773.65	8261.54	0
-7653.7	8256.38	0
-7734.11	8263.87	0
-7706.26	8238.14	0
-7698.13	8249.08	0
-7727.94	8240.42	0
-7682.69	8242.56	0
-7737.61	8218.49	0
-7686.24	8232.19	0
-7726.68	8230.7	0
-7700.25	8208.01	0
-7702.82	8214.18	0
-7747.3	8219.03	0
-7649.84	8195.3	0
-7766.77	8201.91	0
-7689.31	8197.08	0
-7688.39	8192.45	0
-7759.33	8187.53	0
-7661.86	8180.92	0
-7751.73	8176.51	0
-7686.03	8180.62	0
-7721.23	8161.77	0
-7719.25	8168.14	0
-7687.5	8161.44	0
-7752.51	8153.04	0
-7660.22	8154.7	0
-7772.24	8141.89	0
-7666.86	8144.49	0
-7722.67	8141.97	0
-7748	8126.02	0
-7657.94	8136.86	0
-7758.49	8123.58	0
-7697.67	8118.14	0
-7710.24	8118.54	0
-7732.81	8113.92	0
-7688.75	8106.28	0
-7753.18	8101.65	0
-7672.96	8104.05	0
-7755.6	8089.87	0
-7697.1	8096.05	0
-7710.09	8088.24	0
-7757.59	8076.47	0
-7655.87	8080.14	0
-7779.84	8082.2	0
-7685.51	8058.2	0
-7714.38	8070.38	0
-7755.43	8066.92	0
-7673.06	8046.2	0
-7762.52	8059.98	0
-7691.62	8042.56	0
-7735.87	8051.27	0
-7722.83	8032.37	0
-7702.13	8034.8	0
-7755.12	8040.35	0
-7682.08	8014.58	0
-7764.86	8022.63	0
-7691.12	8026.75	0
-7726.33	8005.74	0
-7756.22	8006.73	0
-7665.23	8012.61	0
-7779.17	7995.35	0
-7694.51	7995.23	0
-7726	7994.14	0
-7739.69	7985.07	0
-7705.2	7990.79	0
-7747.65	7969.83	0
-7700.28	7980.51	0
-7759.33	7972.47	0
-7702.18	7956.65	0
-7737.46	7971.99	0
-7746.97	7957.15	0
-7689.5	7945.46	0
-7784.4	7960.63	0
-7691.13	7936.05	0
-7739.4	7948.62	0
-7765.67	7927.13	0
-7676.95	7941.6	0
-7797.47	7921.92	0
-7691.92	7923.46	0
-7753.79	7921.54	0
-7738.52	7912.2	0
-7729.07	7910.36	0
-7756.38	7905.38	0
-7707.54	7902.64	0
-7785.06	7891.6	0
-7699.15	7899.73	0
-7756.23	7880.92	0
-7769.71	7885.75	0
-7681.51	7879.3	0
-7813.09	7878.52	0
-7696.89	7859.38	0
-7759.05	7878.51	0
-7761.85	7853.74	0
-7712.78	7856.45	0
-7786.73	7854.27	0
-7714.22	7848.29	0
-7770.85	7839.89	0
-7737.93	7839.73	0
-7752.04	7832.08	0
-7767.47	7834.47	0
-7708.54	7815.18	0
-7812.83	7823.56	0
-7697.3	7819.04	0
-7772.49	7800.97	0
-7780.77	7806.88	0
-7695.86	7803.21	0
-7809.88	7793.7	0
-7723.69	7788.04	0
-7760.41	7789.1	0
-7768.94	7775.25	0
-7737.8	7784.99	0
-7781.01	7759.58	0
-7727.2	7772.3	0
-7793.94	7763.68	0
-7725.78	7750.74	0
-7775.89	7751.21	0
-7774.23	7753.97	0
-7718.6	7734.93	0
-7812.36	7740.37	0
-7723.85	7726.83	0
-7769.25	7733.02	0
-7791.99	7721.89	0
-7709.31	7708.43	0
-7817.78	7718.32	0
-7731.39	7711.65	0
-7774.23	7692.59	0
-7770.49	7702.78	0
-7752.06	7693.48	0
-7793.24	7682.93	0
-7721.06	7688.3	0
-7824.63	7666.98	0
-7719.97	7687.19	0
-7787.13	7658.79	0
-7788.51	7658.2	0
-7720.86	7665.32	0
-7827.07	7655.9	0
-7728.91	7631.32	0
-7786.53	7657.78	0
-7785.84	7631.98	0
-7741.44	7626.86	0
-7808.86	7632.05	0
-7738.37	7622.24	0
-7802.52	7615.17	0
-7760.18	7614.87	0
-7768.71	7603.14	0
-7797.22	7603.04	0
-7741.41	7597.91	0
-7820.22	7594.33	0
-7730.19	7581.68	0
-7806.85	7581.82	0
-7787.91	7587.02	0
-7724.36	7556.08	0
-7848.45	7574.21	0
-7726.5	7565.65	0
-7797.32	7553.9	0
-7788.18	7541.14	0
-7755.81	7558.67	0
-7811.86	7541.04	0
-7744.97	7523.3	0
-7807.59	7543.8	0
-7772.33	7522.38	0
-7773.2	7511.33	0
-7804.69	7529.4	0
-7741.37	7499.69	0
-7841.53	7506.86	0
-7724.81	7506.41	0
-7802.16	7481.78	0
-7820.3	7496.45	0
-7711.27	7486.93	0
-7853.41	7470.07	0
-7740.21	7479.79	0
-7799.82	7466.14	0
-7794.35	7462.13	0
-7754.54	7456.63	0
-7822.46	7453.18	0
-7761.05	7448.05	0
-7791.45	7435.94	0
-7788.93	7443.18	0
-7784.86	7424.83	0
-7798.92	7424.39	0
-7748.32	7425.32	0
-7846.01	7407.77	0
-7737.52	7411.41	0
-7794.57	7405.75	0
-7826.97	7399.05	0
-7729.2	7387.12	0
-7843.3	7394.55	0
-7752.93	7378.53	0
-7795.29	7377.76	0
-7808.3	7372.63	0
-7756.91	7362.25	0
-7820.67	7365.71	0
-7764.62	7356.25	0
-7809.13	7336.81	0
-7774.34	7357.14	0
-7790.5	7338.99	0
-7815.28	7321.47	0
-7736.9	7335.74	0
-7850.31	7324.08	0
-7743.81	7309.77	0
-7805.55	7308.65	0
-7810.91	7315.4	0
-7739	7291.51	0
-7846.46	7289.76	0
-7752.12	7298.48	0
-7795.08	7269.16	0
-7812.37	7285.21	0
-7756.32	7266.37	0
-7823.86	7262.51	0
-7756.04	7260.68	0
-7819.9	7253.72	0
-7771.7	7242.16	0
-7784.01	7243.66	0
-7818.71	7230.56	0
-7743.76	7238.78	0
-7837.49	7209.91	0
-7759.43	7223.71	0
-7788.7	7215.06	0
-7825.37	7200.4	0
-7730.51	7201.51	0
-7849.2	7197.12	0
-7755.33	7182.49	0
-7790.7	7189.3	0
-7818.56	7171.31	0
-7747.13	7169.4	0
-7834.62	7173.3	0
-7752.66	7149.16	0
-7813.98	7151.47	0
-7780.21	7156.63	0
-7782.03	7136.69	0
-7818.49	7128.26	0
-7743.99	7137.72	0
-7836.78	7121.62	0
-7762.26	7113.38	0
-7784.42	7114.45	0
-7831.44	7104.8	0
-7722.12	7095.2	0
-7854.56	7101.22	0
-7755.35	7078.13	0
-7777.81	7082.81	0
-7828.72	7082.36	0
-7749.46	7064.72	0
-7810.46	7055.5	0
-7772.57	7067.13	0
-7809.35	7051.68	0
-7770.81	7036.79	0
-7774.83	7040.22	0
-7833.6	7043.72	0
-7728.13	7015.34	0
-7830.47	7023.37	0
-7767.66	7013.07	0
-7779.04	7014.93	0
-7823.59	6995.86	0
-7720.17	6995.11	0
-7848.3	6992.31	0
-7760.69	6990	0
-7760.44	6966.75	0
-7835.5	6974.09	0
-7735.51	6970.07	0
-7816.68	6955.02	0
-7762.72	6949.2	0
-7793.34	6951.2	0
-7789.48	6941.47	0
-7760.59	6933.65	0
-7814.69	6925.67	0
-7742.48	6920.3	0
-7819.12	6924.29	0
-7765.15	6906.89	0
-7759.49	6894.63	0
-7833.79	6910.01	0
-7720.33	6890.93	0
-7820.21	6877.97	0
-7773.53	6881.91	0
-7748.3	6880.32	0
-7834.11	6860.41	0
-7721.35	6863.57	0
-7811.01	6858.8	0
-7773.89	6839.74	0
-7760.08	6859.58	0
-7801.61	6820.41	0
-7741.6	6829.02	0
-7821.89	6845.63	0
-7727.31	6802.55	0
-7806.19	6801.61	0
-7776.35	6830.29	0
-7736.78	6790.95	0
-7830.26	6783.47	0
-7710.26	6796.59	0
-7817.92	6788.99	0
-7764.77	6764.01	0
-7734.34	6769.21	0
-7831.13	6768.48	0
-7715.77	6759.74	0
-7796.99	6746.31	0
-7766.95	6741.33	0
-7748.91	6741.01	0
-7801.79	6736.58	0
-7728.33	6725.52	0
-7796.2	6706.8	0
-7751.38	6728.82	0
-7768.85	6707	0
-7771.96	6686.76	0
-7736.35	6703.44	0
-7817.94	6692.21	0
-7698.15	6680.62	0
-7800.3	6666.96	0
-7772.57	6673.29	0
-7708.14	6672.63	0
-7825.85	6651.46	0
-7708.51	6635.47	0
-7775.43	6668.58	0
-7778.83	6629.02	0
-7714.87	6623.93	0
-7800.7	6634.09	0
-7725.83	6619.32	0
-7772.16	6613.62	0
-7750.73	6596.47	0
-7745.32	6609.25	0
-7786.06	6601.2	0
-7707.28	6574.92	0
-7801.66	6587.42	0
-7724.6	6579.16	0
-7752.26	6569.63	0
-7785.05	6558.52	0
-7697.2	6556.31	0
-7817.29	6558.63	0
-7703.02	6542.93	0
-7756.98	6532.25	0
-7791.64	6539.28	0
-7684.43	6525.39	0
-7805.48	6520.93	0
-7723.48	6506.6	0
-7741.29	6514.69	0
-7778.84	6502.54	0
-7706.32	6490.03	0
-7788.06	6487.68	0
-7710.08	6485.84	0
-7774	6476.94	0
-7730.62	6461.4	0
-7737.89	6471.67	0
-7776.28	6455.02	0
-7689.23	6448.42	0
-7800.46	6444.77	0
-7705.67	6433.99	0
-7732.71	6440.11	0
-7787.94	6413.64	0
-7672.55	6422.77	0
-7793.89	6409.73	0
-7720.88	6409.84	0
-7712.84	6393.96	0
-7782.59	6383.81	0
-7690.35	6404.33	0
-7765.66	6361.57	0
-7715.98	6375	0
-7737.82	6371.75	0
-7743.2	6355.31	0
-7699.08	6348.07	0
-7772.55	6346.19	0
-7684.06	6341.56	0
-7762.77	6332.23	0
-7714.95	6321.96	0
-7697.04	6317.44	0
-7784.27	6317.54	0
-7664.21	6305.27	0
-7753.49	6287.43	0
-7727.31	6301.47	0
-7682.25	6283.62	0
-7772.35	6277.01	0
-7658.59	6267.23	0
-7759.14	6273.09	0
-7708.56	6254.51	0
-7681.8	6247.5	0
-7758.03	6246.82	0
-7675.45	6243.79	0
-7735.31	6224.39	0
-7690.61	6227.13	0
-7715.44	6218.86	0
-7726.13	6216.23	0
-7662.46	6201.05	0
-7755.22	6194.83	0
-7663.83	6201.32	0
-7721.85	6183.61	0
-7710.38	6168.78	0
-7655.28	6185.64	0
-7764.97	6159.86	0
-7645.31	6156.14	0
-7707.14	6156.19	0
-7728.1	6147.53	0
-7642.48	6132.79	0
-7744.35	6141.88	0
-7652.42	6120.34	0
-7711.42	6117.84	0
-7696.12	6121.56	0
-7662.27	6101.47	0
-7721.21	6095.18	0
-7658.1	6103.18	0
-7707.67	6080.07	0
-7677.95	6080.29	0
-7670.07	6078.03	0
-7719.1	6060.66	0
-7631.51	6064.91	0
-7731.68	6048.71	0
-7648.74	6051.99	0
-7673.51	6033.48	0
-7722.81	6039.15	0
-7612.66	6023.81	0
-7729.29	6020.64	0
-7655.37	6013.69	0
-7660.25	6002.27	0
-7714.91	6003.04	0
-7615.88	5993.73	0
-7730.1	5982.38	0
-7633.6	5979.49	0
-7672.87	5975.7	0
-7693.21	5959.58	0
-7639.96	5967.98	0
-7695.39	5938.99	0
-7636.35	5957.66	0
-7700.25	5931.63	0
-7647.24	5929.11	0
-7652.47	5925.55	0
-7711.6	5925.75	0
-7605.36	5901.29	0
-7706.75	5903.82	0
-7652.65	5903.32	0
-7634.19	5888.76	0
-7716.53	5873.9	0
-7599.06	5886.43	0
-7697.83	5865.78	0
-7666.22	5864.25	0
-7605.86	5851.43	0
-7729.36	5853.63	0
-7606.24	5843.18	0
-7666.94	5828.54	0
-7674.04	5839.2	0
-7633.35	5814.27	0
-7669.78	5818.81	0
-7638.66	5810.29	0
-7679.55	5799.33	0
-7625	5795.07	0
-7657.62	5794.44	0
-7680.28	5773.56	0
-7595.97	5778.74	0
-7708.68	5768.4	0
-7613.66	5762.59	0
-7644.75	5751.72	0
-7693.89	5750.91	0
-7579.73	5737.23	0
-7711.48	5744.58	0
-7611.17	5715.91	0
-7633.35	5720.16	0
-7700.59	5725.12	0
-7578.32	5706.39	0
-7691.11	5688.37	0
-7628.33	5705.95	0
-7635.25	5694.05	0
-7660.69	5665.58	0
-7613.57	5682.25	0
-7672.86	5667.99	0
-7614.85	5665.65	0
-7647.9	5644.38	0
-7646.52	5650.48	0
-7614.72	5644.26	0
-7684	5632.4	0
-7565.48	5623.73	0
-7702.51	5621.01	0
-7615.29	5614.72	0
-7590.77	5611.93	0
-7710.83	5586.13	0
-7566.05	5602.11	0
-7668.39	5590.47	0
-7626.16	5570.23	0
-7599.61	5578.19	0
-7688.37	5557.14	0
-7567.77	5573.05	0
-7657.36	5544.12	0
-7632.58	5541.83	0
-7604.84	5546.04	0
-7646.63	5535.69	0
-7598.08	5514.77	0
-7656.12	5519.81	0
-7598.7	5521.83	0
-7622.62	5493.73	0
-7644.9	5499.21	0
-7584.83	5492.93	0
-7661.15	5483.51	0
-7582.11	5478.07	0
-7629.44	5464.44	0
-7649.01	5470.91	0
-7547.58	5444.29	0
-7694.46	5465.14	0
-7563.49	5429.36	0
-7615.74	5435.39	0
-7655.82	5435.13	0
-7546.8	5418.8	0
-7671.78	5412.92	0
-7579.09	5403.18	0
-7601.23	5407.75	0
-7642.33	5392.78	0
-7566.72	5375.13	0
-7637.1	5389.4	0
-7587.02	5372.82	0
-7610.24	5356.91	0
-7604.2	5356.63	0
-7583.45	5360.63	0
-7638.48	5331.52	0
-7547.36	5340.63	0
-7641.79	5328.72	0
-7577.39	5317.68	0
-7581.79	5319.33	0
-7638.37	5299.55	0
-7542.36	5307.63	0
-7622.28	5283.51	0
-7605.08	5292.69	0
-7537.17	5278.39	0
-7656.76	5269.08	0
-7538.86	5263	0
-7608.17	5262.47	0
-7598.58	5245.04	0
-7545.51	5247.19	0
-7644.43	5229.57	0
-7527.82	5238.29	0
-7616.86	5214.14	0
-7581.66	5216.29	0
-7561.24	5207.83	0
-7607.29	5206.33	0
-7547.78	5185.21	0
-7616.07	5191.44	0
-7547.26	5177.99	0
-7579.68	5175.46	0
-7609.3	5168.78	0
-7521.13	5149.66	0
-7621.93	5159.05	0
-7549.96	5148.2	0
-7565.57	5127.4	0
-7605.86	5134.43	0
-7510.03	5130.83	0
-7632.55	5110.41	0
-7532.14	5107.98	0
-7552.11	5107.76	0
-7618.28	5091.82	0
-7507.81	5093.32	0
-7596.56	5076.83	0
-7555.43	5070.68	0
-7544.12	5079.65	0
-7594.03	5051.52	0
-7514.88	5049.65	0
-7595.51	5050.74	0
-7538.21	5042.27	0
-7550.49	5024.99	0
-7573.76	5023.61	0
-7519.36	5019.76	0
-7598.42	5016.76	0
-7499.98	4994.96	0
-7580.61	4988.69	0
-7552.19	5000.86	0
-7503.91	4983.17	0
-7606.63	4956.73	0
-7490.26	4975.33	0
-7566.06	4967.06	0
-7564.06	4945.33	0
-7478.86	4938.04	0
-7611.37	4949.6	0
-7486.37	4928.95	0
-7542.86	4916.65	0
-7573.29	4916.47	0
-7470.24	4914.78	0
-7589.87	4902.86	0
-7503.49	4882.05	0
-7523.48	4894.31	0
-7561.44	4890.61	0
-7490.39	4857.01	0
-7559.19	4870.92	0
-7500.07	4865.21	0
-7546.13	4847.81	0
-7515.67	4844.49	0
-7509.17	4835.92	0
-7559.43	4834.38	0
-7467.27	4823.54	0
-7562.56	4813.31	0
-7510.46	4806.44	0
-7484.3	4812.25	0
-7571.99	4784.74	0
-7464.35	4790.99	0
-7539.44	4781.42	0
-7522.5	4770.37	0
-7468.47	4771.37	0
-7576.59	4749.27	0
-7445.04	4757.68	0
-7544.14	4746.96	0
-7519.19	4729.47	0
-7451.5	4736.79	0
-7571.41	4717.91	0
-7464.65	4715.84	0
-7501.95	4711.62	0
-7525.76	4695.59	0
-7475.02	4696.04	0
-7522.43	4686.34	0
-7470.21	4684.94	0
-7528.91	4657.69	0
-7472.48	4674.1	0
-7491.85	4660.91	0
-7518.37	4640.1	0
-7449.27	4645.88	0
-7540.04	4641.17	0
-7452.5	4616.21	0
-7480.09	4632.02	0
-7545.09	4607.37	0
-7404.18	4601.8	0
-7542.92	4607.12	0
-7471.95	4590.54	0
-7446.77	4569.25	0
-7533.49	4592.55	0
-7422.75	4563.57	0
-7515.68	4561.62	0
-7470.8	4548.13	0
-7431.94	4555.17	0
-7541.44	4534.76	0
-7407.16	4530.97	0
-7499.76	4527.31	0
-7476.19	4512.81	0
-7433.7	4512.92	0
-7501.78	4504.87	0
-7432	4492.64	0
-7486.66	4478.53	0
-7445.05	4505.75	0
-7454.73	4454.74	0
-7491.7	4466.75	0
-7403.68	4468.84	0
-7508.36	4457.69	0
-7427.07	4421.96	0
-7441.87	4459.05	0
-7499.94	4421.79	0
-7378.61	4424.72	0
-7517.25	4417.42	0
-7413.86	4404.55	0
-7430.37	4405.63	0
-7503.88	4390.06	0
-7371.81	4390.81	0
-7491.76	4376.67	0
-7439.02	4368.92	0
-7395.91	4369.87	0
-7507.74	4359.8	0
-7373.98	4339.17	0
-7469.21	4345.88	0
-7439.57	4346.12	0
-7399.79	4315.51	0
-7478.62	4314.02	0
-7388.6	4329.49	0
-7451.38	4292.98	0
-7429.91	4298.19	0
-7413.15	4291.94	0
-7445.25	4282.44	0
-7400.82	4274.61	0
-7451.19	4262.66	0
-7401.74	4263.93	0
-7416.97	4250.01	0
-7454.11	4245.33	0
-7366.4	4236.69	0
-7468.17	4227.04	0
-7389.42	4222.05	0
-7405.84	4215.46	0
-7463.62	4205.1	0
-7339.57	4203.34	0
-7476.37	4179.49	0
-7387.01	4197.99	0
-7377.82	4170.93	0
-7480.36	4160.71	0
-7325.34	4168.79	0
-7462.96	4158.64	0
-7393.37	4138.19	0
-7367.95	4131.61	0
-7460.91	4146.19	0
-7350.01	4117.8	0
-7426.44	4109.89	0
-7392.9	4111.74	0
-7382.66	4100.55	0
-7432.03	4097.86	0
-7354.09	4082.05	0
-7417.99	4070.61	0
-7392.52	4082.89	0
-7379.58	4060.82	0
-7409.27	4045.62	0
-7357.85	4060.42	0
-7433.97	4030.3	0
-7351.67	4039.9	0
-7386.58	4018.47	0
-7427.94	4024.99	0
-7320.27	4000.88	0
-7446.3	4011.98	0
-7354.11	3983.78	0
-7361.32	3991.53	0
-7441.39	3975.66	0
-7313.62	3975.96	0
-7421.18	3957.11	0
-7380.22	3957.64	0
-7333.56	3943.92	0
-7445.28	3948.36	0
-7311.74	3924	0
-7406.91	3924.1	0
-7379.48	3916.46	0
-7337.86	3918.41	0
-7423.46	3881.7	0
-7315.63	3904.08	0
-7406.2	3884.2	0
-7366.69	3879.34	0
-7339.38	3856.96	0
-7402.93	3872.3	0
-7336.6	3853.67	0
-7380.17	3836.94	0
-7356.88	3844.12	0
-7351.51	3829.56	0
-7391.03	3817.95	0
-7317.99	3820.56	0
-7400	3799.7	0
-7331.14	3803.65	0
-7352.3	3790.04	0
-7400.66	3780.82	0
-7282.76	3772.68	0
-7416.43	3773.58	0
-7334.31	3755.93	0
-7322.27	3751.06	0
-7406.64	3744.77	0
-7299.84	3734.62	0
-7368.8	3731.18	0
-7367.34	3717.17	0
-7297.26	3716.91	0
-7412.81	3698.31	0
-7284.79	3704.33	0
-7377.88	3684.25	0
-7354.29	3681.57	0
-7288.59	3674.73	0
-7415	3666.28	0
-7286.36	3655.49	0
-7351.2	3648.31	0
-7369.65	3648.19	0
-7287.04	3627.79	0
-7382.97	3621.43	0
-7310.32	3635.48	0
-7338.6	3594.32	0
-7347.85	3600.82	0
-7307.14	3615.19	0
-7367.15	3565.9	0
-7293.31	3585.93	0
-7354.83	3576.98	0
-7336.97	3561.13	0
-7286.32	3550.13	0
-7388.17	3558.98	0
-7272.43	3529.74	0
-7349.72	3539.17	0
-7341.39	3523.96	0
-7273.15	3520.7	0
-7385.27	3498.5	0
-7274.29	3514.95	0
-7333.21	3481.7	0
-7343.14	3496.39	0
-7261.93	3469.26	0
-7389.46	3472.78	0
-7259.63	3461.4	0
-7322.04	3463.18	0
-7364.41	3431.14	0
-7230.42	3442.71	0
-7381.04	3440.44	0
-7279.31	3412.87	0
-7298.63	3413.94	0
-7347.85	3411.29	0
-7251.25	3398.06	0
-7353.85	3395.39	0
-7286.05	3378.09	0
-7289.19	3376.34	0
-7331.58	3377.87	0
-7272.5	3351.38	0
-7327.5	3356.4	0
-7274.46	3342.07	0
-7307.13	3345.78	0
-7308.92	3326.14	0
-7260.99	3318.55	0
-7335.16	3318.97	0
-7259.16	3303.36	0
-7301.82	3304.25	0
-7314.03	3281.73	0
-7229.91	3288.56	0
-7351.42	3279.94	0
-7248.92	3257.73	0
-7280.72	3264.83	0
-7321.11	3250.62	0
-7227.45	3249.13	0
-7329.01	3229.13	0
-7263.33	3230.37	0
-7248.76	3228.88	0
-7336.44	3201.68	0
-7213.33	3213.58	0
-7318.12	3193.6	0
-7255.11	3189.78	0
-7250.75	3185.59	0
-7325.6	3163.15	0
-7201.23	3175.27	0
-7304.81	3160.2	0
-7270.5	3132.57	0
-7222.59	3152.11	0
-7318.49	3143.87	0
-7208.34	3107.46	0
-7281.97	3118.1	0
-7272.86	3119.82	0
-7219.81	3096.95	0
-7287.33	3084.24	0
-7227.57	3089.31	0
-7271.24	3078.45	0
-7247.08	3070.75	0
-7223.36	3049.37	0
-7291.19	3056.83	0
-7205.56	3049.23	0
-7266.27	3031.26	0
-7247.77	3020.07	0
-7204.26	3034.74	0
-7302.92	2998.23	0
-7173.23	3011.95	0
-7268.53	2991.85	0
-7252.92	2982.87	0
-7172.14	2985.5	0
-7305.54	2975.52	0
-7170.02	2944.76	0
-7249.81	2971.95	0
-7251.75	2939.51	0
-7160.54	2945.06	0
-7298.24	2919.6	0
-7173.58	2932	0
-7206.97	2913.06	0
-7284.19	2910.46	0
-7134.18	2890.83	0
-7270.77	2896.71	0
-7191.67	2888.57	0
-7198.75	2867.9	0
-7248.11	2870.94	0
-7150.38	2857.3	0
-7247.43	2855.38	0
-7200.12	2842.29	0
-7160.95	2835.04	0
-7258.4	2820.87	0
-7141.89	2838.95	0
-7226.47	2790.45	0
-7195.86	2815.39	0
-7158.71	2796.15	0
-7233.45	2788.65	0
-7151.33	2771.67	0
-7208.61	2789.07	0
-7170.13	2752.45	0
-7177.28	2758.93	0
-7210.07	2751.31	0
-7130.78	2743.04	0
-7219	2729.5	0
-7156.29	2728.94	0
-7149.06	2710.92	0
-7231.08	2726.2	0
-7095.01	2683.03	0
-7209.3	2710.25	0
-7175.39	2673.47	0
-7108.97	2692.96	0
-7227.04	2663.12	0
-7102.24	2659.41	0
-7180.88	2661.16	0
-7180.82	2649	0
-7081.74	2634.08	0
-7227.07	2633.59	0
-7104.01	2623	0
-7143.98	2616.14	0
-7187.55	2616.37	0
-7076.44	2590.43	0
-7203.4	2592.51	0
-7104.35	2598.48	0
-7132.34	2563.09	0
-7170.09	2575.93	0
-7078.9	2565.72	0
-7177.5	2545.08	0
-7108.36	2557.83	0
-7101	2538.16	0
-7177.3	2518.92	0
-7065.26	2536.09	0
-7151.74	2518.76	0
-7108.86	2496.5	0
-7097.63	2501.59	0
-7142.45	2507.34	0
-7068.31	2471.24	0
-7143.25	2475.66	0
-7086.11	2475.49	0
-7087.26	2462.65	0
-7142.01	2448.99	0
-7039.85	2445.68	0
-7138.71	2438.71	0
-7073.09	2433.2	0
-7073.97	2421.53	0
-7133.63	2409.04	0
-7019.6	2410.29	0
-7132.3	2402.37	0
-7069.68	2386.66	0
-7040.95	2380.22	0
-7136.56	2379.43	0
-7013.74	2371.35	0
-7096.74	2347.32	0
-7089.26	2361.02	0
-6998.63	2347.24	0
-7141.29	2325.51	0
-7005.58	2332.76	0
-7059.11	2326.01	0
-7105.56	2306.24	0
-6974.36	2308.53	0
-7111.61	2293.21	0
-7029.82	2295.13	0
-7019.51	2280.81	0
-7086.81	2266.69	0
-6993.15	2274.75	0
-7073.09	2251.98	0
-7023.49	2258.78	0
-7001.29	2235.58	0
-7082.62	2228.39	0
-6978.5	2236.98	0
-7051.76	2216.17	0
-7014.7	2206.35	0
-6992.51	2199.85	0
-7075.46	2203.72	0
-6952.46	2176.54	0
-7032.82	2185.72	0
-7022.81	2164	0
-6976.04	2162.78	0
-7036.62	2162.37	0
-6955.53	2136.67	0
-7029.2	2138.24	0
-6993.85	2134.85	0
-6961.14	2121.55	0
-7030.16	2111.2	0
-6943.99	2106.94	0
-7011.64	2095.13	0
-6985.03	2097.56	0
-6932.38	2076.15	0
-7032.5	2074.84	0
-6929.36	2066.76	0
-6982.81	2057.33	0
-6983.06	2054.71	0
-6910.12	2034.5	0
-7032.74	2034.69	0
-6899.74	2035.09	0
-6962.2	2018.57	0
-6994.76	1996.23	0
-6879.06	2012.37	0
-7010.35	1998.49	0
-6914.17	1988.24	0
-6915.89	1961.18	0
-7004.54	1987.07	0
-6865.57	1965.56	0
-6965.8	1942.91	0
-6942.49	1953.86	0
-6880.29	1937.76	0
-6984.29	1934.65	0
-6870.3	1919.44	0
-6941	1919.79	0
-6938.9	1902.17	0
-6853.04	1899.48	0
-6984.51	1899.5	0
-6858.83	1876.59	0
-6906.65	1873.84	0
-6947.16	1870.05	0
-6840.55	1868.12	0
-6947.27	1838.02	0
-6871.53	1849.56	0
-6884.04	1838.08	0
-6926.02	1820.15	0
-6844.18	1826.75	0
-6914.7	1807.66	0
-6869.37	1801.46	0
-6870.61	1798.27	0
-6905.63	1781.12	0
-6831.9	1783.94	0
-6905.6	1760.49	0
-6852.19	1770.74	0
-6856.42	1749.95	0
-6895.08	1745.12	0
-6806.97	1736.23	0
-6901.18	1726.71	0
-6841.78	1727.68	0
-6826.53	1707.18	0
-6889.98	1700.33	0
-6796.89	1699.66	0
-6874.7	1695.51	0
-6842.56	1668.77	0
-6787.44	1665.28	0
-6896.15	1678.26	0
-6783.59	1650.08	0
-6839.02	1636.48	0
-6849.24	1649.32	0
-6759.67	1620.59	0
-6890.05	1634.19	0
-6768.27	1604.18	0
-6814.45	1606.82	0
-6841.66	1597.14	0
-6744.23	1593.42	0
-6873.28	1577.63	0
-6764.59	1564.39	0
-6755.01	1576.21	0
-6885.48	1556.8	0
-6711.63	1532.3	0
-6820.04	1551.99	0
-6780.27	1532.62	0
-6753.83	1514.11	0
-6841.88	1517.84	0
-6703.39	1511.62	0
-6788.62	1495.81	0
-6808.88	1488.18	0
-6705.73	1483.68	0
-6810.61	1470.87	0
-6716.91	1468.47	0
-6778.11	1456.62	0
-6772.56	1447.32	0
-6695.71	1445.01	0
-6792.8	1423.17	0
-6735.12	1434.12	0
-6713.93	1414.58	0
-6780.73	1404.79	0
-6691.15	1393.99	0
-6762.38	1402.22	0
-6719.82	1383.13	0
-6709.21	1364.46	0
-6761.29	1373.46	0
-6670.85	1358.59	0
-6750.05	1350.15	0
-6709.11	1338.88	0
-6688.85	1331.77	0
-6746.57	1327.91	0
-6658.7	1321.87	0
-6738.37	1295.97	0
-6693.8	1303.29	0
-6666.46	1304	0
-6735.79	1275.06	0
-6652.02	1267.43	0
-6713.03	1281.75	0
-6677.77	1254.1	0
-6645.78	1250.28	0
-6738.98	1242.55	0
-6628.72	1231.66	0
-6670.02	1234.6	0
-6708.07	1212.98	0
-6601.71	1212.26	0
-6727.02	1196.34	0
-6622.11	1200.92	0
-6635.34	1187.8	0
-6714.57	1171.65	0
-6585.27	1167.43	0
-6684.04	1164.69	0
-6638.8	1158.56	0
-6599.26	1139.29	0
-6711.56	1128.82	0
-6564.82	1144.04	0
-6654.38	1114.98	0
-6647.09	1108.6	0
-6575.22	1103.47	0
-6692.09	1106.45	0
-6544.31	1077.18	0
-6645.51	1084.91	0
-6653.86	1071.98	0
-6521.25	1060.13	0
-6678.17	1060.76	0
-6577.49	1045.85	0
-6583.06	1036.44	0
-6640.79	1039.73	0
-6529.69	1013.76	0
-6647.29	1028.05	0
-6570.19	996.291	0
-6547.95	997.296	0
-6642.38	999.249	0
-6528.63	982.636	0
-6586.87	964.542	0
-6598.56	969.88	0
-6515.01	965.015	0
-6621.08	943.513	0
-6525.41	940.977	0
-6560.27	934.927	0
-6585.75	927.868	0
-6505.96	909.755	0
-6590.71	921.364	0
-6520.99	885.291	0
-6532.04	900.09	0
-6580.92	888.125	0
-6483.17	865.045	0
-6561.93	874.612	0
-6523.9	859.862	0
-6513.17	849.575	0
-6547.78	840.668	0
-6476.33	838.925	0
-6554.22	823.737	0
-6500.39	829.439	0
-6485.12	792.15	0
-6550.45	814.773	0
-6459.98	792.694	0
-6513.82	788.799	0
-6520.66	767.499	0
-6438.65	780.17	0
-6546.04	758.143	0
-6445.06	746.371	0
-6493.58	757.868	0
-6499.06	722.507	0
-6422.89	732.592	0
-6540.14	728.143	0
-6422.43	703.72	0
-6463.82	699.081	0
-6508.44	711.294	0
-6394.77	677.19	0
-6507.9	675.013	0
-6437.81	678.807	0
-6413.32	662.538	0
-6512.59	653.067	0
-6377.08	640.412	0
-6472.81	645.184	0
-6445.8	631.423	0
-6376.26	613.253	0
-6511.07	619.222	0
-6350.57	605.26	0
-6442.86	590.376	0
-6469.95	594.289	0
-6322.84	574.736	0
-6485.36	576.814	0
-6390.51	562.574	0
-6368.97	548.081	0
-6469.43	547.491	0
-6327.82	551.817	0
-6438.43	515.431	0
-6398.05	518.892	0
-6333.52	526.003	0
-6461.79	499.424	0
-6317.5	493.146	0
-6396.09	493.111	0
-6409.07	480.521	0
-6297.07	472.287	0
-6442.83	460.347	0
-6323.13	460.81	0
-6340.39	447.141	0
-6420.9	437.716	0
-6276.95	433.569	0
-6401.27	426.06	0
-6335.59	405.813	0
-6303.53	415.145	0
-6409.14	400.617	0
-6273.2	384.62	0
-6349.42	378.746	0
-6363.97	384.099	0
-6258.4	363.985	0
-6378.21	351.257	0
-6292.6	351.745	0
-6300.87	340.337	0
-6352.89	334.427	0
-6249.46	326.394	0
-6352.31	311.318	0
-6278.35	304.922	0
-6278.77	307.769	0
-6340.59	289.911	0
-6231.27	276.712	0
-6319.27	280.059	0
-6290.07	261.363	0
-6242.03	266.007	0
-6314.51	248.491	0
-6238.88	231.001	0
-6282.58	244.093	0
-6279.49	233.2	0
-6212.95	202.638	0
-6313.19	210.837	0
-6220.09	207.029	0
-6245.82	200.731	0
-6277.53	169.573	0
-6204.51	178.125	0
-6270.82	177.039	0
-6219.94	161.073	0
-6221.42	148.161	0
-6262.63	138.406	0
-6180.6	149.767	0
-6249.32	120.318	0
-6215.46	124.774	0
-6187.72	106.893	0
-6251.9	104.16	0
-6159.03	106.909	0
-6235.12	69.4498	0
-6202.33	89.8871	0
-6150.44	74.957	0
-6246.86	54.1084	0
-6147.08	51.0666	0
-6192.97	56.6923	0
-6206.08	33.2026	0
-6118.03	26.5501	0
-6222.93	25.4499	0
-6154.65	12.7212	0
-6144.05	3.69845	0
-6190.72	-5.17671	0
-6109.47	-8.38487	0
-6209.66	-15.696	0
-6120.52	-31.7045	0
-6106.66	-43.0169	0
-6215.85	-30.1691	0
-6078.73	-61.3715	0
-6144.19	-58.9784	0
-6152.65	-65.9196	0
-6069	-77.1531	0
-6195.68	-91.9668	0
-6062.81	-85.9962	0
-6105.72	-99.8331	0
-6162.53	-113.515	0
-6038.94	-121.636	0
-6157.78	-119.843	0
-6070.76	-131.51	0
-6061.21	-155.347	0
-6168.46	-142.182	0
-6012.06	-161.302	0
-6110.1	-164.833	0
-6095.85	-186.832	0
-6024.42	-170.528	0
-6134.16	-200.985	0
-6023.52	-192.894	0
-6055.52	-225.679	0
-6116.9	-201.29	0
-5977.41	-226.808	0
-6114.19	-244.481	0
-6030.05	-237.984	0
-5997.57	-239.639	0
-6126.08	-274.263	0
-5964.02	-267.02	0
-6051.77	-267.129	0
-6056.14	-279.84	0
-5966.44	-308.607	0
-6090.76	-291.314	0
-5965.15	-307.144	0
-6007.83	-315.714	0
-6072.17	-337.573	0
-5912.95	-319.731	0
-6074.77	-347.509	0
-5977.46	-357.021	0
-5949.82	-355.897	0
-6059.28	-360.427	0
-5919.14	-389.105	0
-6013.67	-384.773	0
-5991.51	-379.402	0
-5896.67	-418.969	0
-6066.34	-403.205	0
-5904.98	-420.372	0
-5946.09	-431.786	0
-6012.31	-428.678	0
-5886.89	-459.974	0
-6004.96	-443.601	0
-5910.82	-458.256	0
-5909.78	-482.443	0
-6019.13	-477.949	0
-5853.04	-482.803	0
-5954.21	-502.697	0
-5943.44	-507.235	0
-5868.53	-512.458	0
-5984.41	-520.845	0
-5853.03	-544.446	0
-5914.26	-533.796	0
-5961.39	-547.211	0
-5809.76	-558.077	0
-5963.34	-580.761	0
-5880.36	-568.578	0
-5850.21	-575.16	0
-5943.81	-610.191	0
-5825.9	-604.483	0
-5906.68	-605.726	0
-5883.32	-614.187	0
-5812.54	-650.97	0
-5939.88	-631.657	0
-5811.19	-637.838	0
-5851.39	-667.293	0
-5908.79	-670.171	0
-5770.47	-669.254	0
-5909.81	-685.41	0
-5827.52	-697.814	0
-5796.2	-695.86	0
-5894.01	-718.331	0
-5785.06	-721.903	0
-5846.94	-718.505	0
-5828.2	-755.206	0
-5770.44	-741.326	0
-5886.79	-751.61	0
-5758.02	-772.272	0
-5805.96	-773.769	0
-5845.47	-785.874	0
-5743.59	-788.28	0
-5834.88	-808.185	0
-5780.36	-806.677	0
-5757.8	-821.112	0
-5838.53	-834.936	0
-5726.54	-835.197	0
-5800.36	-839.176	0
-5781.05	-868.411	0
-5725.27	-864.03	0
-5815.09	-870.337	0
-5730.51	-885.348	0
-5749.84	-898.112	0
-5783.84	-902.837	0
-5706.48	-907.44	0
-5775.6	-910.86	0
-5739.04	-951.737	0
-5704.39	-930.686	0
-5782.34	-936.47	0
-5682.72	-961.848	0
-5747.66	-975.546	0
-5728.92	-969.271	0
-5680.24	-978.767	0
-5756.81	-995.182	0
-5681.58	-1009.9	0
-5699.88	-1009.15	0
-5736.41	-1005	0
-5641.73	-1044.46	0
-5740.21	-1038.88	0
-5676.16	-1042.7	0
-5653.75	-1048	0
-5732.54	-1071.65	0
-5631.37	-1079.19	0
-5700.91	-1075.38	0
-5669.83	-1085.09	0
-5632.81	-1112.84	0
-5709.87	-1105.05	0
-5616.86	-1116.09	0
-5665.66	-1123.75	0
-5673.88	-1148.22	0
-5592.15	-1138.84	0
-5695.52	-1150.4	0
-5614.84	-1169.29	0
-5612.39	-1170.29	0
-5679.35	-1180.3	0
-5580.76	-1192.65	0
-5639.93	-1200.95	0
-5632.18	-1204.89	0
-5578.62	-1211.23	0
-5648.98	-1238.77	0
-5582.1	-1234.29	0
-5603.86	-1238.38	0
-5627	-1252.23	0
-5543.95	-1277.06	0
-5640.95	-1269.09	0
-5567.98	-1272.37	0
-5562.94	-1295.24	0
-5625.88	-1309.82	0
-5532.41	-1310.62	0
-5592.48	-1296.67	0
-5573.27	-1344.44	0
-5531.27	-1343.13	0
-5614.47	-1331.19	0
-5510.19	-1365.1	0
-5552.31	-1364.06	0
-5594.09	-1364.81	0
-5489.7	-1387.42	0
-5576.19	-1394.15	0
-5524.01	-1399.28	0
-5524.18	-1401.59	0
-5565.45	-1424.78	0
-5475.6	-1425.38	0
-5542.99	-1437.47	0
-5533.64	-1437.27	0
-5476.55	-1455.61	0
-5549.65	-1466.74	0
-5470.88	-1476.04	0
-5498.7	-1461.02	0
-5543.56	-1493.77	0
-5436	-1509.63	0
-5519.04	-1502.69	0
-5478.91	-1502.17	0
-5468.24	-1532.87	0
-5505.6	-1531.91	0
-5436.53	-1541.51	0
-5474.48	-1548.51	0
-5495.75	-1554.63	0
-5411.85	-1573.54	0
-5496.28	-1582.42	0
-5423.82	-1568.43	0
-5439.97	-1609.59	0
-5492.06	-1595.62	0
-5378.35	-1611.84	0
