-121244	88316.3	0
-15457.1	-10637.8	0
-15424.8	-10658.5	0
-15375.4	-10705.6	0
-15392.8	-10712.6	0
-15370.9	-10758.1	0
-15349.3	-10784.2	0
-15301.8	-10805.3	0
-15280	-10848.1	0
-15293.1	-10866	0
-15261.3	-10901.6	0
-15232	-10931.9	0
-15192.5	-10953.2	0
-15186	-10994.1	0
-15186	-11013.4	0
-15149.2	-11046.4	0
-15121	-11082.6	0
-15078.1	-11097.2	0
-15098.1	-11140.5	0
-15067.2	-11165	0
-15042.7	-11190.9	0
-14994.9	-11228.5	0
-14990.7	-11249.8	0
-14981.9	-11285.8	0
-14960.9	-11308.6	0
-14916.3	-11344.5	0
-14890.6	-11370.7	0
-14881.2	-11399	0
-14882.5	-11428.7	0
-14832.2	-11464.2	0
-14807.4	-11479.8	0
-14778.2	-11527.5	0
-14781.9	-11542.4	0
-14760.1	-11578.6	0
-14719.2	-11608.7	0
-14690.5	-11633.5	0
-14674.9	-11666.3	0
-14676.2	-11698.7	0
-14637.4	-11719.5	0
-14607.7	-11760.8	0
-14577.1	-11778.4	0
-14578.4	-11818.5	0
-14555.6	-11845.2	0
-14527.1	-11866.8	0
-14483.7	-11910.7	0
-14475.7	-11920.7	0
-14468.1	-11970.4	0
-14431.4	-11984.9	0
-14413.1	-12018.6	0
-14363.6	-12051.8	0
-14374.1	-12070.7	0
-14344.7	-12111.8	0
-14321.6	-12131.3	0
-14283.7	-12162	0
-14260.2	-12197.4	0
-14262.8	-12218.3	0
-14223.2	-12251.6	0
-14205.8	-12282.1	0
-14160.8	-12305.3	0
-14164.1	-12341.5	0
-14127.8	-12362	0
-14121	-12400.3	0
-14069.9	-12422.7	0
-14057.3	-12453.4	0
-14044.8	-12484.3	0
-14011.2	-12511.3	0
-13994.9	-12540.1	0
-13949.6	-12575.8	0
-13946	-12592.3	0
-13918.2	-12639	0
-13891.8	-12649.3	0
-13872.7	-12694.8	0
-13829.4	-12712.1	0
-13837.8	-12743.5	0
-13781.9	-12777.1	0
-13782	-12797.4	0
-13740	-12832.7	0
-13720.9	-12859	0
-13706.6	-12885.8	0
-13666.2	-12918	0
-13662.5	-12939.9	0
-13620.5	-12974.1	0
-13607.3	-13001.2	0
-13579.4	-13025.4	0
-13552.1	-13061.1	0
-13539.2	-13081.2	0
-13504.5	-13118.8	0
-13486.3	-13135.8	0
-13455.5	-13175.1	0
-13433.9	-13193.9	0
-13425.1	-13232	0
-13383.7	-13255.5	0
-13365.8	-13278.6	0
-13333.3	-13319.8	0
-13321.8	-13332.8	0
-13304.8	-13374	0
-13259.1	-13393.3	0
-13240.3	-13428.8	0
-13217.8	-13448.9	0
-13203.2	-13488	0
-13179	-13500.8	0
-13131.5	-13548	0
-13113.7	-13556.5	0
-13104.6	-13601.8	0
-13077.7	-13614.4	0
-13056.8	-13657.7	0
-12995.5	-13677.2	0
-12998.8	-13704.7	0
-12987.4	-13737.6	0
-12953.9	-13760.7	0
-12918.1	-13793.6	0
-12874	-13816.8	0
-12886.3	-13847.5	0
-12864.3	-13876.3	0
-12821.4	-13897.1	0
-12786.8	-13938.7	0
-12764.2	-13947.4	0
-12763.5	-13994.7	0
-12743.1	-14005.9	0
-12686	-14044.7	0
-12666.5	-14068.9	0
-12644	-14093.1	0
-12653.3	-14128.6	0
-12605.6	-14145.4	0
-12560.6	-14186.2	0
-12535.4	-14202.3	0
-12544	-14237.7	0
-12520.5	-14263	0
-12475.4	-14286.4	0
-12428.6	-14319.6	0
-12424.8	-14342.5	0
-12425.4	-14372.2	0
-12384.4	-14402.4	0
-12340.4	-14423.4	0
-12303.2	-14454.2	0
-12311.9	-14484.1	0
-12295.6	-14505	0
-12248.6	-14539.7	0
-12207	-14560.1	0
-12188.3	-14589.4	0
-12189	-14622	0
-12166.6	-14635.1	0
-12109	-14683	0
-12080.3	-14684	0
-12073.9	-14740	0
-12064.5	-14737.4	0
-12028.3	-14789	0
-11974.2	-14801.4	0
-11960.2	-14835.1	0
-11956.1	-14856.5	0
-11923.8	-14888.6	0
-11893.5	-14910.8	0
-11842.3	-14939.6	0
-11835.7	-14970.1	0
-11828.2	-14986	0
-11777	-15025.6	0
-11762.5	-15045.4	0
-11701.6	-15067.8	0
-11720	-15110.3	0
-11677.7	-15114	0
-11644.8	-15166.1	0
-11618.4	-15168.6	0
-11584.8	-15212.3	0
-11573.8	-15229.7	0
-11536.6	-15263.2	0
-11504.4	-15281.9	0
-11491.8	-15315.5	0
-11440.3	-15335.1	0
-11439.6	-15367.6	0
-11388.7	-15388.9	0
-11375.8	-15413.2	0
-11341.8	-15448.4	0
-11313.1	-15462.4	0
-11279.9	-15502	0
-11259.1	-15515	0
-11237.9	-15554.2	0
-11196.2	-15569.6	0
-11171	-15602	0
-11128.5	-15623.7	0
-11134.4	-15654.7	0
-11090.1	-15676.8	0
-11051.5	-15701.3	0
-11023.7	-15735.7	0
-10993.4	-15743.4	0
-10995.8	-15794.6	0
-10945.8	-15790.4	0
-10900.3	-15843.8	0
-10878.6	-15850.2	0
-10866.8	-15884.1	0
-10846.9	-15909.8	0
-10798.9	-15926.2	0
-10744.2	-15966.8	0
-10745.5	-15970.7	0
-10732.1	-16015.4	0
-10692.3	-16026.4	0
-10646.6	-16058.9	0
-10600	-16085.6	0
-10611.2	-16099.3	0
-10583.3	-16140.6	0
-10537	-16147.8	0
-10485.1	-16184.3	0
-10465.1	-16203.1	0
-10464	-16227.9	0
-10433.2	-16254.7	0
-10368.2	-16272.8	0
-10340	-16305.1	0
-10322.3	-16325.3	0
-10310.8	-16345.1	0
-10267.8	-16378.8	0
-10212.1	-16395.1	0
-10188.2	-16418.3	0
-10185.8	-16453.8	0
-10140.5	-16461.9	0
-10108.6	-16503.8	0
-10059.3	-16509.6	0
-10045.3	-16550.7	0
-10022.1	-16560.1	0
-9985.67	-16593.8	0
-9945.05	-16615.2	0
-9913.92	-16638.1	0
-9889.73	-16663.5	0
-9863.22	-16684.9	0
-9822.89	-16712.6	0
-9796.35	-16730.2	0
-9760.9	-16762.9	0
-9732.46	-16778.8	0
-9692.98	-16804.2	0
-9672.05	-16832	0
-9636.63	-16847.6	0
-9605.4	-16883.6	0
-9562.09	-16894.2	0
-9536.66	-16927.4	0
-9519.25	-16948.1	0
-9481	-16969.8	0
-9433.64	-17000.1	0
-9399.32	-17016	0
-9382.55	-17047.1	0
-9367.04	-17063.8	0
-9315.28	-17086.6	0
-9267.39	-17120.3	0
-9235.25	-17129.5	0
-9241.86	-17167	0
-9196.59	-17180.8	0
-9150.12	-17204	0
-9096.4	-17235	0
-9093.17	-17249.3	0
-9083.4	-17280.5	0
-9026.97	-17292.9	0
-8979.29	-17324.9	0
-8941.68	-17344.2	0
-8944.06	-17358.8	0
-8915.46	-17399	0
-8850.23	-17397.5	0
-8819.16	-17444.9	0
-8786.62	-17441.9	0
-8785.9	-17483.1	0
-8739.13	-17495.6	0
-8681.84	-17518	0
-8658.71	-17545	0
-8636.18	-17562.1	0
-8607.71	-17582.9	0
-8573.59	-17611.8	0
-8513.47	-17621	0
-8505.7	-17659.1	0
-8464.32	-17661.8	0
-8441.77	-17702.7	0
-8392.98	-17711.1	0
-8370.39	-17739.5	0
-8329.94	-17760.4	0
-8300.8	-17774.7	0
-8264.81	-17807.9	0
-8238.01	-17818.9	0
-8207.08	-17847.9	0
-8161.71	-17864.3	0
-8125.09	-17891.6	0
-8107.51	-17905.2	0
-8076.75	-17931.3	0
-8043.83	-17953.4	0
-7986.58	-17970.7	0
-7957.95	-17998	0
-7953.95	-18011.4	0
-7914.03	-18039	0
-7867.98	-18052.1	0
-7813.54	-18084.9	0
-7804.88	-18094.6	0
-7790.57	-18123.8	0
-7747.99	-18139.4	0
-7683.8	-18164.7	0
-7656.19	-18182.1	0
-7648.45	-18206.5	0
-7625.43	-18223	0
-7566.26	-18251.3	0
-7517.84	-18262.9	0
-7496.47	-18293.7	0
-7492.26	-18308.5	0
-7439.62	-18329.4	0
-7401.92	-18354.6	0
-7344.42	-18368.6	0
-7355.57	-18396.5	0
-7301.58	-18407.8	0
-7283.45	-18436.9	0
-7217.46	-18454.6	0
-7206.54	-18473.4	0
-7169.93	-18502.3	0
-7141.86	-18510	0
-7097.55	-18542.4	0
-7076.44	-18559.1	0
-7028.43	-18572.2	0
-7007.55	-18604.4	0
-6960.43	-18618.8	0
-6944.88	-18638.3	0
-6906.64	-18663.3	0
-6864.42	-18674	0
-6821.99	-18705.1	0
-6804.04	-18718.5	0
-6782.72	-18738.1	0
-6740.02	-18768.5	0
-6684.2	-18770.9	0
-6654.92	-18810	0
-6644.78	-18819.2	0
-6621.06	-18839.1	0
-6556.25	-18867.4	0
-6518.66	-18875	0
-6486.01	-18910.3	0
-6497.47	-18914.9	0
-6432.46	-18945.5	0
-6391.33	-18962	0
-6345.27	-18980.2	0
-6340.46	-19004.2	0
-6318.46	-19018.5	0
-6265.78	-19042.7	0
-6211.94	-19055.4	0
-6192.8	-19080.7	0
-6174.58	-19095.1	0
-6138.53	-19111.6	0
-6087.99	-19137.6	0
-6055.57	-19141.9	0
-6028.99	-19177.8	0
-5994.03	-19175.4	0
-5959.54	-19211.6	0
-5923.83	-19217.7	0
-5888.44	-19241.9	0
-5856.13	-19252	0
-5812.73	-19276.7	0
-5784.27	-19290.3	0
-5762.55	-19307.9	0
-5714.76	-19326.9	0
-5671.74	-19340.7	0
-5626.38	-19365	0
-5631.95	-19371.1	0
-5581.52	-19404.9	0
-5536.77	-19401.1	0
-5478.88	-19435	0
-5475.01	-19443.5	0
-5452.75	-19461.7	0
-5408.12	-19481.2	0
-5346.74	-19495.5	0
-5313.41	-19512.9	0
-5303.91	-19532.1	0
-5282.22	-19545.6	0
-5221.03	-19564.2	0
-5170.59	-19583.3	0
-5155.38	-19591	0
-5130.07	-19618.5	0
-5099.71	-19625.9	0
-5034.55	-19649.9	0
-5011.92	-19658.6	0
-4977.32	-19681.7	0
-4949.32	-19695	0
-4912.44	-19710.8	0
-4861.62	-19728.9	0
-4845.06	-19744	0
-4797.51	-19759.6	0
-4754.01	-19780.3	0
-4742.11	-19788.7	0
-4687.35	-19813.3	0
-4675.74	-19825.6	0
-4597.05	-19844.5	0
-4578.28	-19858.4	0
-4570.4	-19874.3	0
-4518.56	-19894.3	0
-4479.37	-19901.5	0
-4413.05	-19933.9	0
-4413.32	-19926.8	0
-4393.01	-19967.9	0
-4339.53	-19958.1	0
-4276.7	-19993.4	0
-4259.48	-20001.1	0
-4227.06	-20013	0
-4219.39	-20038.9	0
-4143.88	-20042	0
-4099.65	-20069.2	0
-4088.42	-20079.6	0
-4045.05	-20089.8	0
-4028.99	-20118.3	0
-3952.88	-20115.5	0
-3936.56	-20149	0
-3904.36	-20151.4	0
-3861.65	-20174.8	0
-3827.65	-20187.3	0
-3797.6	-20199.2	0
-3751.15	-20222.9	0
-3724.47	-20232.8	0
-3663.6	-20246.3	0
-3658.3	-20267.9	0
-3620	-20275.6	0
-3579.67	-20296.8	0
-3515.58	-20309.2	0
-3500.82	-20323.6	0
-3478.82	-20343.4	0
-3450.08	-20351.7	0
-3380.26	-20370.1	0
-3332.69	-20389.2	0
-3335.56	-20395.4	0
-3295.85	-20420.4	0
-3259.85	-20422	0
-3194.22	-20458	0
-3159.31	-20451.4	0
-3168.19	-20486	0
-3101.45	-20485.2	0
-3079.11	-20512.5	0
-3014.24	-20518	0
-3002.67	-20539.7	0
-2967.75	-20550.7	0
-2926.78	-20567	0
-2891.01	-20580.8	0
-2864.38	-20601.5	0
-2815.48	-20607.5	0
-2782.62	-20630.6	0
-2744.55	-20640.1	0
-2735.35	-20657.4	0
-2680.82	-20672.2	0
-2634.4	-20684.6	0
-2594.51	-20705.8	0
-2583.65	-20713.8	0
-2560.38	-20733.4	0
-2498.43	-20748.3	0
-2446.65	-20757.4	0
-2428.54	-20782.5	0
-2412.41	-20783.9	0
-2383.47	-20808.4	0
-2306.88	-20821.9	0
-2283.67	-20828.1	0
-2253.54	-20857.6	0
-2245.66	-20856.3	0
-2179.85	-20877.7	0
-2148.41	-20891.4	0
-2107.15	-20902	0
-2092.05	-20921.6	0
-2044.68	-20928.4	0
-2009.84	-20946	0
-1981.59	-20960.2	0
-1938.95	-20969.2	0
-1902.56	-20986.5	0
-1857.87	-21001.1	0
-1848.56	-21006.9	0
-1810.23	-21033.3	0
-1755.77	-21028.3	0
-1709.08	-21062.3	0
-1697.07	-21058.4	0
-1675.7	-21079.9	0
-1638.18	-21096.1	0
-1559.54	-21097.2	0
-1548.32	-21126.8	0
-1520.04	-21125.1	0
-1510.87	-21147.4	0
-1435.32	-21157.1	0
-1401.58	-21166.7	0
-1373.96	-21187.2	0
-1354.32	-21193.1	0
-1310.89	-21209.3	0
-1267.56	-21224.6	0
-1228.86	-21227	0
-1211.04	-21255.9	0
-1155.86	-21250	0
-1138.47	-21279.5	0
-1095.79	-21280.7	0
-1074.9	-21295.5	0
-1013.91	-21311	0
-982.116	-21316.9	0
-959.128	-21331.7	0
-947.368	-21349.8	0
-881.51	-21347.2	0
-838.348	-21375	0
-797.4	-21371.6	0
-806.515	-21396.3	0
-757.12	-21399.1	0
-705.612	-21414.8	0
-652.518	-21424.2	0
-650.171	-21435.2	0
-616.503	-21443.1	0
-583.401	-21464.3	0
-515.262	-21457.9	0
-508.745	-21490.3	0
-465.146	-21479.9	0
-438.393	-21507.6	0
-396.479	-21508.1	0
-364.707	-21524	0
-335.015	-21530.7	0
-281.124	-21546.1	0
-256.349	-21554.3	0
-225.767	-21559	0
-210.276	-21579.5	0
-146.344	-21578.7	0
-102.16	-21593.8	0
-79.3165	-21604.3	0
-73.9945	-21605.7	0
-29.2335	-21634.6	0
35.429	-21619.2	0
67.9655	-21652.7	0
76.6084	-21646.8	0
107.995	-21664.2	0
150.892	-21673.9	0
206.613	-21676.7	0
223.269	-21697.6	0
253.797	-21698.1	0
289.74	-21710	0
331.069	-21720.3	0
354.102	-21729.7	0
402.926	-21733.8	0
427.728	-21755.2	0
481.552	-21743.6	0
478.243	-21778.1	0
526.441	-21765.7	0
572.876	-21787.8	0
623.308	-21792.6	0
629.171	-21802.4	0
650.658	-21810.9	0
696.737	-21823.4	0
754.74	-21821.4	0
788.658	-21847.4	0
789.527	-21841	0
826.378	-21855.2	0
878.273	-21867.5	0
921.317	-21867.6	0
940.415	-21881.4	0
970.997	-21894.7	0
1007.29	-21888.4	0
1052.28	-21917	0
1065.52	-21898.5	0
1124.03	-21935.8	0
1148.46	-21920.1	0
1194.24	-21948.3	0
1191.47	-21936.2	0
1247.13	-21962.6	0
1296.22	-21960.1	0
1342.53	-21969.2	0
1335.22	-21984.6	0
1380.44	-21979.4	0
1409.48	-22006.3	0
1489.77	-21998.4	0
1491.12	-22007.4	0
1517.8	-22027.5	0
1549.04	-22021.5	0
1608	-22031.6	0
1635.71	-22053.6	0
1671.29	-22035.6	0
1689.19	-22075.3	0
1747.57	-22047.3	0
1760.02	-22090	0
1803.99	-22069.1	0
1837.59	-22090.8	0
1897.88	-22099.4	0
1893.5	-22096.7	0
1938.52	-22116.2	0
1958.42	-22110.7	0
2037.5	-22134.4	0
2057.08	-22123.4	0
2065.33	-22148.2	0
2095.13	-22139.8	0
2158.4	-22162.6	0
2196.27	-22152.9	0
2224.08	-22172.4	0
2233.88	-22174.9	0
2285.38	-22177.1	0
2325.9	-22191.9	0
2353.56	-22187.8	0
2390.82	-22204.7	0
2429.45	-22202.1	0
2456.36	-22215.2	0
2486.31	-22215.7	0
2512.74	-22225.7	0
2577.03	-22228	0
2609.89	-22237.6	0
2616.56	-22243.6	0
2646.67	-22246.5	0
2693.28	-22255.3	0
2755.77	-22257	0
2771.68	-22266.3	0
2786.05	-22271.5	0
2818.46	-22271.2	0
2884.28	-22282.9	0
2906.64	-22281.4	0
2941.71	-22293.8	0
2962.4	-22293.5	0
3013.82	-22297.3	0
3035.67	-22309.7	0
3076.81	-22299.3	0
3106.34	-22323.3	0
3166.31	-22304.5	0
3171.51	-22327.5	0
3203.33	-22326.8	0
3238.79	-22323.1	0
3303.44	-22342.7	0
3332.59	-22324.7	0
3336.8	-22350.7	0
3368.4	-22337.6	0
3425.36	-22350.8	0
3471.34	-22351.6	0
3492.62	-22350.9	0
3508.59	-22364.2	0
3557.16	-22356.8	0
3592.23	-22367.2	0
3627.48	-22365.5	0
3651.48	-22371.6	0
3708.69	-22374.1	0
3721.08	-22376.1	0
3754.86	-22377.8	0
3780.01	-22379.6	0
3839.99	-22383.3	0
3883.47	-22387.4	0
3880.91	-22387	0
3908.19	-22389.3	0
3961.32	-22398.4	0
4013.12	-22387.6	0
4032.87	-22405.8	0
4055.28	-22394.2	0
4070.54	-22400.2	0
4152.12	-22407.4	0
4150.99	-22397	0
4200.35	-22412.2	0
4230.05	-22404.8	0
4262.37	-22405.6	0
4295.96	-22415.1	0
4316.06	-22405.5	0
4365.78	-22412	0
4427.36	-22419.6	0
4415.52	-22403.1	0
4463.15	-22424.1	0
4479.25	-22407.4	0
4563.72	-22418.9	0
4574.4	-22414.5	0
4597.15	-22414.1	0
4615.09	-22421.5	0
4679.08	-22411.4	0
4709.87	-22422	0
4740.05	-22416.3	0
4764.72	-22420.9	0
4811.68	-22413.2	0
4835.43	-22422.8	0
4858.76	-22421.4	0
4912.86	-22414.1	0
4948.24	-22427.4	0
4985.46	-22412.2	0
4982.12	-22431.2	0
5031.21	-22413.3	0
5081.52	-22424.9	0
5127.89	-22419.1	0
5127.13	-22422.8	0
5161.01	-22421.2	0
5196.17	-22418.7	0
5257.04	-22423.1	0
5268.47	-22417.4	0
5307.58	-22420	0
5335.25	-22416.2	0
5376.93	-22419.4	0
5393.27	-22414.5	0
5442.82	-22415.7	0
5475.34	-22419.7	0
5531.81	-22405.1	0
5506.08	-22421.6	0
5574.26	-22405.6	0
5589.37	-22415.9	0
5680.57	-22405.1	0
5652.02	-22416.3	0
5700.41	-22397.2	0
5721.54	-22413.5	0
5784.16	-22401	0
5804.24	-22404	0
5826.63	-22403.8	0
5868.38	-22392.5	0
5901.44	-22404.6	0
5917.95	-22393.2	0
5955.56	-22393.7	0
6006.64	-22395.2	0
6036.15	-22386.1	0
6057.43	-22394.9	0
6058.68	-22386.9	0
6132.16	-22385.4	0
6168.64	-22387.2	0
6196.5	-22379.5	0
6201.8	-22384.7	0
6244.27	-22375.9	0
6285.16	-22378.4	0
6329.38	-22370.3	0
6335.53	-22378.1	0
6389.2	-22362.5	0
6411.38	-22372.1	0
6444.15	-22356.7	0
6457.53	-22370	0
6529.28	-22353.5	0
6549.93	-22360	0
6589.2	-22350.2	0
6571.65	-22350.9	0
6652.33	-22349.8	0
6676.93	-22341.5	0
6735.39	-22341.5	0
6711.07	-22331	0
6783.6	-22345.5	0
6787.76	-22318.1	0
6861.34	-22335.1	0
6849.54	-22321.6	0
6920.62	-22315.3	0
6932.63	-22320.9	0
6968.85	-22305.9	0
6976.48	-22311.6	0
7040.67	-22300	0
7075.64	-22300.5	0
7112.94	-22293.5	0
7097.08	-22293.8	0
7158.03	-22281.6	0
7198.05	-22286.7	0
7242.72	-22272.8	0
7248.05	-22275.2	0
7278.14	-22266.2	0
7319.09	-22264.2	0
7347.17	-22257.2	0
7376.69	-22255.1	0
7408.81	-22246.1	0
7456.86	-22243.7	0
7469.7	-22240.1	0
7477.69	-22226.2	0
7534.03	-22240.8	0
7582.77	-22206.3	0
7604.07	-22232.4	0
7618.11	-22201.5	0
7631.5	-22211.7	0
7705.42	-22199.7	0
7715.72	-22193	0
7754.76	-22194.6	0
7772.49	-22176.4	0
7811.7	-22182.9	0
7842.55	-22163.8	0
7853.51	-22168.4	0
7909.7	-22157.7	0
7948.67	-22147.7	0
7962.4	-22150.8	0
7978.39	-22133.1	0
8010.22	-22137.7	0
8072.55	-22122	0
8100.99	-22121.2	0
8106.46	-22115.3	0
8142.12	-22099.2	0
8171.5	-22114	0
8222.28	-22078.4	0
8233.04	-22100.2	0
8273.86	-22070.3	0
8312.33	-22081.8	0
8330.79	-22064.7	0
8343.76	-22059.7	0
8398.12	-22060.5	0
8436.24	-22038.1	0
8480.29	-22050.8	0
8458.49	-22023.9	0
8515.42	-22033.3	0
8542.38	-22020.4	0
8613.02	-22007.4	0
8585.88	-22014.6	0
8659.47	-21988.2	0
8654.49	-21997.2	0
8718.31	-21979.5	0
8720.16	-21972.9	0
8764.54	-21969.7	0
8814.68	-21956.6	0
8833.75	-21954	0
8827.94	-21940.8	0
8888.62	-21938	0
8923.71	-21924.2	0
8971	-21923.2	0
8968.81	-21911.6	0
8991.34	-21900.8	0
9053.2	-21900.9	0
9062.93	-21878.2	0
9106.76	-21888.9	0
9125.98	-21860.3	0
9172.88	-21865.6	0
9183.19	-21847.6	0
9206.19	-21842.7	0
9237.85	-21835.7	0
9314.98	-21820.2	0
9304.2	-21816.1	0
9331.56	-21802.5	0
9348.84	-21800.2	0
9409.91	-21782	0
9437.41	-21780.8	0
9458.74	-21761.4	0
9480.78	-21762	0
9527.58	-21747.2	0
9539.84	-21737.6	0
9569.84	-21729.6	0
9605.23	-21718.1	0
9663.06	-21710	0
9661.28	-21703.4	0
9679.67	-21685	0
9709.39	-21687.5	0
9780.17	-21666.9	0
9785.87	-21663.4	0
9815.84	-21651.8	0
9823.19	-21650.7	0
9879.68	-21623.1	0
9893.91	-21635.4	0
9923.02	-21603.9	0
9962.8	-21605.8	0
9994.5	-21594.9	0
10009	-21575	0
10014.9	-21575.7	0
10072.6	-21554.2	0
10111.8	-21553.5	0
10136.1	-21533.4	0
10130.8	-21527.3	0
10177.5	-21512.2	0
10200.1	-21506.3	0
10255.9	-21488.3	0
10236.1	-21488.6	0
10317.1	-21462.5	0
10304.5	-21465.2	0
10348.8	-21446.1	0
10347.6	-21443.8	0
10407.4	-21419.6	0
10448.6	-21419.7	0
10451.7	-21405.3	0
10454.9	-21383.5	0
10507.7	-21392.3	0
10528.4	-21357.7	0
10582.5	-21366.8	0
10562.9	-21337.7	0
10624.7	-21341	0
10633.8	-21312.6	0
10655.1	-21316.3	0
10685.8	-21290.1	0
10722.3	-21293.7	0
10770.6	-21268.5	0
10751.7	-21264.4	0
10784.2	-21253.6	0
10814.4	-21233.7	0
10876.7	-21237.2	0
10868.1	-21210.4	0
10905.7	-21203.9	0
10915	-21196.4	0
10966.8	-21175.9	0
10964.7	-21175.7	0
11009.4	-21155	0
11043	-21144.3	0
11074.7	-21137.5	0
11066.4	-21116.2	0
11092.6	-21115.2	0
11152.2	-21093.4	0
11177.1	-21087.7	0
11191	-21070	0
11204.1	-21064.5	0
11238.1	-21047.5	0
11276.3	-21035.5	0
11281.9	-21025.4	0
11316.7	-21008.7	0
11366.7	-21003.9	0
11363.6	-20977.6	0
11381.4	-20983.4	0
11405.2	-20953.2	0
11461.8	-20950	0
11490.4	-20933.3	0
11488.1	-20918.5	0
11506	-20906.8	0
11554.9	-20893.3	0
11571.5	-20877.5	0
11599.1	-20865.2	0
11619.7	-20852.2	0
11671.1	-20838.8	0
11657.9	-20824.2	0
11692	-20810.7	0
11706	-20797.8	0
11783.2	-20786.2	0
11772.7	-20764.9	0
11791.2	-20762.5	0
11811.7	-20734.3	0
11853.2	-20738.1	0
11873.9	-20706.8	0
11898.6	-20706	0
11926.8	-20683	0
11963.4	-20673.7	0
11964	-20658	0
11977.6	-20644.7	0
12037.8	-20622.7	0
12066	-20622.1	0
12085.3	-20593	0
12081.6	-20590.5	0
12127.4	-20567.8	0
12151.4	-20558.7	0
12196.3	-20541.9	0
12185.5	-20528.2	0
12249.5	-20508.5	0
12254.2	-20505.9	0
12273.4	-20475.4	0
12286	-20477.6	0
12355.6	-20447.6	0
12366.8	-20443.3	0
12392.8	-20425.9	0
12383.9	-20403.4	0
12440.9	-20406.3	0
12465.4	-20370	0
12492.9	-20374.2	0
12506.5	-20347.8	0
12560	-20335.9	0
12552.6	-20331.2	0
12586.8	-20295	0
12599.9	-20306	0
12660.6	-20268.8	0
12687.6	-20271.9	0
12676.5	-20242.2	0
12711.6	-20239.3	0
12742.1	-20216.3	0
12787.3	-20205.5	0
12779.2	-20191.9	0
12844.6	-20171	0
12837.1	-20164.4	0
12890.8	-20143	0
12859.5	-20127.2	0
12938	-20122.1	0
12963.9	-20095.3	0
12992.8	-20086.1	0
12972.3	-20073.2	0
13032.1	-20046.9	0
13047.8	-20049.2	0
13086.5	-20014.4	0
13097.8	-20016.4	0
13133.7	-19990.5	0
13162.2	-19978.9	0
13167.7	-19961.7	0
13179.3	-19948.1	0
13243.3	-19933.8	0
13265	-19916.4	0
13281.8	-19900.1	0
13284.1	-19885.2	0
13323.1	-19868.5	0
13355.4	-19853.1	0
13372.4	-19840.4	0
13404.6	-19818.2	0
13423.9	-19809.8	0
13470.9	-19784.1	0
13438.2	-19776.2	0
13500	-19754.4	0
13519.1	-19741.6	0
13582.1	-19718.8	0
13546.4	-19714.3	0
13593.2	-19685.6	0
13615.4	-19677.6	0
13646.9	-19652.6	0
13660.9	-19649.1	0
13691.2	-19615.7	0
13736.8	-19613.1	0
13734	-19590.7	0
13736.5	-19571.6	0
13788.6	-19561.5	0
13815.2	-19540.3	0
13850.2	-19522.3	0
13846.9	-19509.1	0
13866	-19496.9	0
13916.1	-19466.6	0
13909.3	-19468.1	0
13948.4	-19431.4	0
13980.6	-19432	0
14010.6	-19407.6	0
14007.7	-19387.1	0
14021.4	-19382.1	0
14060.2	-19352.4	0
14110.4	-19346	0
14105.3	-19323	0
14128.2	-19311	0
14150.8	-19287.4	0
14186.3	-19280.1	0
14173.5	-19250.8	0
14232.5	-19245	0
14249.8	-19220.8	0
14289.4	-19207.8	0
14264.4	-19190.3	0
14300.8	-19170.6	0
14339.1	-19156.1	0
14368.5	-19140.4	0
14376.6	-19120.8	0
14395.5	-19102	0
14438.1	-19091	0
14428.1	-19064.4	0
14462.6	-19056.3	0
14482.6	-19035.5	0
14545.4	-19016.7	0
14529.3	-19005.6	0
14542.6	-18985.5	0
14568.3	-18967.3	0
14615.7	-18950.3	0
14613.3	-18936.5	0
14649.4	-18914.7	0
14666.2	-18906.6	0
14702.7	-18876.6	0
14685.8	-18872.3	0
14719.8	-18848.7	0
14759.2	-18830.7	0
14795.4	-18819	0
14784	-18797.7	0
14806.7	-18779.8	0
14834.9	-18767.7	0
14867.2	-18746.7	0
14867.3	-18729.5	0
14902.8	-18719.5	0
14945.2	-18692.5	0
14935.6	-18683.3	0
14956.5	-18662.1	0
14961.7	-18645.3	0
15038.1	-18633.8	0
15025.7	-18607.6	0
15054.4	-18599.2	0
15061	-18577.8	0
15101.5	-18558.9	0
15100.7	-18543.6	0
15130.4	-18530.2	0
15160.2	-18502.4	0
15205	-18501	0
15179.6	-18467	0
15216.4	-18460.8	0
15225.2	-18441.9	0
15283.3	-18419.2	0
15277	-18409.9	0
15300.3	-18386.8	0
15334.2	-18369.7	0
15337.5	-18355.1	0
15357.3	-18336.2	0
15361.7	-18315.3	0
15438.8	-18304.7	0
15429.2	-18279.2	0
15438.7	-18268.3	0
15452.3	-18248.3	0
15494.4	-18226.1	0
15505	-18216.8	0
15525.4	-18190.7	0
15550.4	-18174.7	0
15588.3	-18159.4	0
15577.5	-18136.8	0
15593.9	-18122.2	0
15617.6	-18099.8	0
15680.3	-18083.7	0
15661.7	-18069	0
15692.7	-18040.2	0
15704.7	-18038.4	0
15736.3	-17999	0
15743.8	-18006.7	0
15763	-17958.6	0
15818.6	-17969.1	0
15818.8	-17923.6	0
15833.6	-17930	0
15828	-17890.8	0
15899.2	-17884.4	0
15897.1	-17865.1	0
15925.2	-17833.4	0
15937.1	-17835.5	0
15981.1	-17796.2	0
15971.9	-17787.2	0
15993	-17770.5	0
16019.7	-17736.9	0
16075.6	-17739.6	0
16064.2	-17698.3	0
16086.6	-17689.5	0
16091.7	-17677.5	0
16151.5	-17633.1	0
16131.6	-17646.2	0
16171.7	-17597.3	0
16214.2	-17590.3	0
16213.3	-17573.3	0
16232.2	-17539.1	0
16225.6	-17535.4	0
16291.2	-17499.4	0
16306.1	-17491	0
16315.5	-17464	0
16333.8	-17445	0
16368.2	-17428.3	0
16373.7	-17398.6	0
16384.3	-17391.6	0
16421.8	-17355.7	0
16466.3	-17351.4	0
16459.7	-17311.7	0
16480.6	-17313.3	0
16478.8	-17273	0
16548.4	-17263.7	0
16525.9	-17240.5	0
16571.3	-17217.9	0
16592.3	-17204	0
16616.9	-17174.8	0
16610.1	-17162.1	0
16629.6	-17136.2	0
16671.8	-17117.9	0
16699.9	-17102.1	0
16709.5	-17071.7	0
16709.2	-17059.8	0
16768.9	-17035	0
16745.4	-17013.6	0
16785.4	-16998.1	0
16793.5	-16970.3	0
16863.2	-16953.4	0
16830.2	-16933.3	0
16866.4	-16910.1	0
16858	-16889.1	0
16929.1	-16871.1	0
16904.4	-16846.3	0
16950	-16832.2	0
16963.8	-16802.4	0
17000.2	-16791	0
16976.5	-16759.9	0
17009.4	-16749.2	0
17042.1	-16718.6	0
17076.1	-16704.9	0
17072.9	-16681.2	0
17087.5	-16655.9	0
17129.3	-16646.3	0
17120.1	-16610.5	0
17151.3	-16603.3	0
17160	-16569.4	0
17231.5	-16557	0
17196.6	-16531.1	0
17228.2	-16510.8	0
17235.6	-16490.2	0
17277.9	-16467.4	0
17282.7	-16448.2	0
17302.3	-16426.5	0
17337.9	-16396.4	0
17354.2	-16393.9	0
17340.8	-16352.4	0
17366.5	-16346.9	0
17400.8	-16314.5	0
17435	-16297.7	0
17422.2	-16281.6	0
17449.6	-16243.1	0
17481.6	-16247.7	0
17471.2	-16201.1	0
17500.2	-16196.9	0
17508.8	-16171.1	0
17579.2	-16146.1	0
17543.5	-16132.8	0
17579.7	-16104.4	0
17566.9	-16087.1	0
17637.9	-16067.3	0
17602.2	-16041.9	0
17652.7	-16025.7	0
17676.8	-16003.6	0
17691.1	-15980.7	0
17682.5	-15960.1	0
17701.9	-15947.2	0
17739.9	-15906.6	0
17763.4	-15913	0
17767	-15866.7	0
17781.8	-15859.8	0
17827.8	-15836.1	0
17799.8	-15805.3	0
17829.5	-15801.9	0
17857.4	-15763.2	0
17898.8	-15753.3	0
17887.1	-15726.3	0
17909.4	-15708.9	0
17917.2	-15681.9	0
17955.9	-15664.6	0
17944.3	-15638.4	0
17982.4	-15622.2	0
18011.2	-15593.4	0
18035.2	-15579.1	0
18004.9	-15548.8	0
18050.9	-15536.3	0
18066.2	-15506.3	0
18088.6	-15486.1	0
18100.8	-15467.6	0
18118.4	-15441.7	0
18159.3	-15419.6	0
18134.4	-15398.2	0
18156.3	-15379.5	0
18185.4	-15351.2	0
18230.5	-15340.9	0
18207.9	-15299.4	0
18247.4	-15302.4	0
18248.3	-15256.9	0
18280	-15247.2	0
18264.8	-15223.8	0
18304.5	-15198.7	0
18334.2	-15176.5	0
18357.1	-15157.1	0
18327.4	-15132.7	0
18374.7	-15109	0
18386.6	-15092.8	0
18394.7	-15060.5	0
18417.4	-15048.2	0
18442.2	-15015.6	0
18471.5	-15006.5	0
18452.5	-14968.5	0
18470.2	-14961.6	0
18497.2	-14921.3	0
18529.9	-14919.3	0
18521.9	-14878.8	0
18552.9	-14868.9	0
18579.1	-14843.8	0
18579.3	-14816.3	0
18567.3	-14802.2	0
18619	-14771.2	0
18632.6	-14756.8	0
18662.2	-14725.1	0
18641.5	-14713	0
18684.5	-14681.6	0
18694.2	-14666.1	0
18688.1	-14636.7	0
18715.4	-14617.5	0
18751.8	-14598	0
18768.7	-14568.9	0
18760.2	-14550.4	0
18781.1	-14528.4	0
18796.3	-14501.7	0
18825.8	-14483.3	0
18805.7	-14458.9	0
18869.3	-14437	0
18872.1	-14414.3	0
18881.1	-14390.7	0
18868.9	-14365	0
18914	-14345.8	0
18922	-14321.5	0
18944.9	-14299.9	0
18943.3	-14275	0
18993.4	-14251.4	0
18982.4	-14233	0
18984.9	-14201.4	0
19003.3	-14192.4	0
19040.1	-14154.6	0
19059.3	-14142.3	0
19045.7	-14117	0
19091.1	-14087.2	0
19089.9	-14071.6	0
19098.3	-14044.6	0
19094.1	-14018	0
19153.7	-14006.2	0
19154.7	-13965.7	0
19171	-13955.4	0
19156.8	-13928.6	0
19212	-13903.4	0
19185.8	-13880	0
19217.1	-13865.6	0
19226	-13825.3	0
19279.8	-13820.8	0
19255	-13779.9	0
19267.8	-13766.3	0
19283.1	-13740.9	0
19309.8	-13712.2	0
19311.4	-13695.6	0
19319.4	-13666.1	0
19378	-13641.7	0
19354.2	-13623.3	0
19380.8	-13591.4	0
19352.1	-13571.7	0
19436.1	-13548.5	0
19394.1	-13519.5	0
19454.5	-13501.4	0
19433.1	-13475.4	0
19490.7	-13445.1	0
19459.5	-13432.3	0
19471	-13397.6	0
19507.6	-13377.4	0
19526.3	-13355.4	0
19534.4	-13326.8	0
19536.9	-13304.9	0
19577.3	-13283.5	0
19559.8	-13248.7	0
19577.5	-13237.6	0
19577.9	-13201.2	0
19640.6	-13182.3	0
19620.5	-13159.6	0
19639.4	-13126.4	0
19644.5	-13112	0
19676.3	-13076	0
19652.3	-13061.3	0
19691	-13029.5	0
19700	-13008.3	0
19748.8	-12984.6	0
19709.2	-12954.2	0
19743.6	-12938.6	0
19754.4	-12901	0
19766.9	-12891.8	0
19763.5	-12851.9	0
19802.2	-12836.8	0
19829.1	-12807.1	0
19819.1	-12785.1	0
19818	-12756.8	0
19842.9	-12736.5	0
19870.6	-12702.9	0
19849.9	-12688.3	0
19897.4	-12652	0
19902.4	-12637.6	0
19926.2	-12604	0
19897.4	-12580	0
19929.1	-12558.3	0
19953.5	-12522.8	0
19954.7	-12515.9	0
19972.4	-12461.9	0
19991.5	-12464	0
20013.7	-12416.5	0
19991.9	-12397	0
20011	-12375.6	0
20031.2	-12340.6	0
20066.7	-12317.2	0
20039.4	-12297.7	0
20090	-12258.7	0
20081.2	-12242.9	0
20102.4	-12214	0
20069.6	-12183.3	0
20134.8	-12159.4	0
20126.4	-12138.4	0
20154.2	-12099.6	0
20141	-12087	0
20177.7	-12053.4	0
20179.7	-12020.6	0
20160.3	-12013.4	0
20200.3	-11962.7	0
20206.5	-11957.7	0
20252.1	-11921.6	0
20200.7	-11890	0
20268.2	-11876.7	0
20240.3	-11836.6	0
20265.7	-11816.5	0
20249.3	-11793.4	0
20309.3	-11760.4	0
20304.9	-11738.8	0
20315.1	-11708	0
20305.4	-11684.8	0
20349.2	-11655	0
20329.1	-11634.3	0
20347.7	-11601.3	0
20362.5	-11575.5	0
20405.1	-11557.9	0
20384.5	-11514.5	0
20392.1	-11506.8	0
20417.1	-11468.3	0
20419.7	-11445.2	0
20428.5	-11414.1	0
20431.6	-11394	0
20489.2	-11362.4	0
20464.4	-11334.4	0
20480.1	-11314.8	0
20470.2	-11271.7	0
20517.6	-11268.5	0
20496.6	-11216.4	0
20514	-11207.6	0
20548.6	-11171.2	0
20557.9	-11145.2	0
20549.2	-11121	0
20543.7	-11092.1	0
20587.9	-11061	0
20575	-11042.1	0
20596.2	-11005.7	0
20595	-10988.1	0
20653	-10951.4	0
20607.1	-10935.8	0
20635.3	-10897.4	0
20627.9	-10876.8	0
20680.7	-10851.8	0
20636.1	-10818.9	0
20694.1	-10799.7	0
20692.4	-10762.9	0
20711.1	-10744.8	0
20682	-10712.2	0
20712.6	-10692.8	0
20727.4	-10652.1	0
20736.4	-10641.5	0
20733.1	-10600.1	0
20771.6	-10580.8	0
20782.3	-10555.4	0
20746.5	-10516.6	0
20784.3	-10511.1	0
20780.3	-10452.9	0
20818.2	-10462.1	0
20790.3	-10400.6	0
20838.4	-10400.8	0
20835.7	-10358.3	0
20842.6	-10331.7	0
20816.9	-10314.1	0
20866.6	-10275.5	0
20866.3	-10255	0
20870.2	-10226.8	0
20890.7	-10192.6	0
20897.4	-10175.4	0
20919.3	-10141.6	0
20877.8	-10112.8	0
20930	-10091.3	0
20920.2	-10052.6	0
20955	-10040.7	0
20930.1	-9993.61	0
20980.4	-9985.72	0
20968.4	-9941.45	0
20959.5	-9924.9	0
20963.8	-9890.83	0
21006.6	-9867.43	0
20994.3	-9834.66	0
21003.4	-9813.22	0
21027	-9778.73	0
21035	-9753.65	0
21022	-9725.18	0
21025.2	-9697.13	0
21048.9	-9667.67	0
21066.1	-9642.37	0
21058.5	-9610.88	0
21071.2	-9583.38	0
21106.7	-9558.59	0
21076.5	-9524.05	0
21087.5	-9502.83	0
21089	-9474.83	0
21136.2	-9438.06	0
21103.2	-9423.96	0
21140.6	-9386.35	0
21141.1	-9359.24	0
21156.4	-9338.21	0
21133.1	-9300.87	0
21144.7	-9279.83	0
21185.1	-9252.49	0
21163.8	-9218.1	0
21193.9	-9198.95	0
21181.6	-9165.73	0
21234	-9136.3	0
21171.2	-9114.47	0
21212.4	-9080.01	0
21213.5	-9055.4	0
21242.4	-9028.4	0
21219.5	-8997.58	0
21260.9	-8971.9	0
21254.3	-8944.9	0
21264.6	-8909.5	0
21235.5	-8893.61	0
21280	-8852.78	0
21285.1	-8838.86	0
21280.2	-8794.53	0
21295.7	-8784.96	0
21318.4	-8738.02	0
21318.8	-8725.19	0
21283.4	-8689.48	0
21338.5	-8659.64	0
21312.2	-8643.99	0
21362.2	-8599.29	0
21315.9	-8581.12	0
21388.8	-8550.44	0
21359.6	-8520.39	0
21357.9	-8493.89	0
21361.8	-8464.28	0
21386.2	-8436.71	0
21394.5	-8405.62	0
21376.5	-8387.73	0
21427.6	-8343.44	0
21416.8	-8327.73	0
21420.9	-8292.77	0
21399.5	-8266.44	0
21445.3	-8235.55	0
21427.6	-8211.01	0
21449.2	-8173.79	0
21441.3	-8155.6	0
21493.2	-8113.54	0
21456.1	-8095.83	0
21462.1	-8062.77	0
21472.2	-8026.34	0
21492.2	-8009.11	0
21482.8	-7970.76	0
21482.9	-7942.04	0
21541.1	-7917.85	0
21499.8	-7885.25	0
21521.2	-7849.53	0
21499.5	-7833.02	0
21550.9	-7793.36	0
21504.3	-7765.95	0
21546.9	-7743.47	0
21545	-7695.99	0
21576	-7686.8	0
21546.8	-7645.88	0
21552.8	-7614.69	0
21580.9	-7594.81	0
21560.1	-7553.05	0
21566	-7528.67	0
21591.7	-7502.2	0
21608.8	-7468.9	0
21590.2	-7438.62	0
21596.3	-7414.74	0
21605.1	-7378.25	0
21616.6	-7352.49	0
21583.6	-7325.16	0
21632.3	-7286.61	0
21624.8	-7266.68	0
21649.2	-7234.17	0
21607.5	-7199.01	0
21656.9	-7177.51	0
21636.2	-7142.74	0
21630.1	-7110.88	0
21638.6	-7083.8	0
21666.5	-7055.7	0
21669.1	-7018.11	0
21658.2	-6996.52	0
21668.9	-6959.6	0
21683.4	-6930.26	0
21668.2	-6905.22	0
21646.6	-6865.5	0
21719.9	-6840.99	0
21672.8	-6812.84	0
21710.4	-6773.44	0
21688.2	-6754.4	0
21731.1	-6713.83	0
21687	-6689.15	0
21708.1	-6654.46	0
21698.7	-6630.78	0
21745.6	-6591.64	0
21710	-6566.44	0
21727.2	-6531.57	0
21765.4	-6504.89	0
21714.5	-6469.75	0
21744.6	-6444.68	0
21721.1	-6406.46	0
21772	-6380.51	0
21727	-6347.04	0
21774.2	-6313.89	0
21758.1	-6286.78	0
21789	-6252.57	0
21740.3	-6217.6	0
21769.3	-6199.5	0
21779.1	-6146.75	0
21765.9	-6139.3	0
21773.9	-6092.63	0
21791.9	-6062.55	0
21815.8	-6037.98	0
21765.7	-6004.38	0
21801.3	-5964.34	0
21786.2	-5948.17	0
21806.5	-5903.51	0
21772.2	-5879.89	0
21827.5	-5846.87	0
21808.2	-5814.5	0
21825.4	-5781.66	0
21793.3	-5758.01	0
21826.5	-5713.28	0
21820.8	-5694.88	0
21787.2	-5652.55	0
21831.7	-5630.43	0
21831.2	-5588.03	0
21835.3	-5569.13	0
21815.1	-5525.85	0
21854.7	-5501.15	0
21822.4	-5472.23	0
21831.8	-5428	0
21814.3	-5417.67	0
21862.5	-5360.22	0
21833.8	-5354.03	0
21853.4	-5301.23	0
21842.4	-5286.13	0
21872.6	-5238.78	0
21830.2	-5225.05	0
21835.1	-5180.19	0
21869.7	-5150.02	0
21845.2	-5129.07	0
21861.4	-5080.27	0
21857.9	-5068.18	0
21893	-5021.24	0
21842	-4994.71	0
21868	-4965.6	0
21854.7	-4929.39	0
21880.4	-4901.92	0
21845.6	-4865.28	0
21877	-4839.23	0
21894.6	-4799.51	0
21874.3	-4775.22	0
21872.5	-4736.8	0
21871.5	-4706.21	0
21893.5	-4673.5	0
21845.4	-4642.38	0
21892.4	-4607.3	0
21889.5	-4577.16	0
21897.7	-4548.31	0
21868.5	-4507.66	0
21906.4	-4485.28	0
21870.9	-4442.09	0
21888.5	-4417.9	0
21848.6	-4384.84	0
21913.3	-4346.12	0
21873.7	-4316.92	0
21882.3	-4289.53	0
21890.3	-4247.62	0
21885.9	-4225.68	0
21883.1	-4183.67	0
21841.2	-4156.72	0
21900.7	-4119.83	0
21853.7	-4093.21	0
21882.2	-4050.03	0
21862.5	-4033.13	0
21904.9	-3981.39	0
21855	-3962.87	0
21864.7	-3921.13	0
21865.9	-3892.78	0
21867.6	-3860.45	0
21854.2	-3819.5	0
21848.8	-3801.18	0
21899	-3748.48	0
21845.1	-3739.18	0
21874.3	-3680.36	0
21839.4	-3670.23	0
21887.7	-3620.61	0
21810.9	-3593.21	0
21866.6	-3562.42	0
21847.8	-3520.99	0
21872.7	-3495.83	0
21828	-3462.09	0
21873.6	-3422.01	0
21843.5	-3397.94	0
21842.4	-3352.4	0
21823.5	-3328.63	0
21844.1	-3295.14	0
21848.9	-3252.61	0
21820.2	-3230.04	0
21853.3	-3190.37	0
21842	-3155.21	0
21843.3	-3131.41	0
21797.9	-3085.61	0
21851.4	-3063.57	0
21806.3	-3019.79	0
21823.4	-2994.01	0
21807.3	-2954.53	0
21849.3	-2928.72	0
21813.4	-2883.71	0
21802.7	-2862.81	0
21834.2	-2815.43	0
21792.3	-2794.35	0
21811.5	-2751.93	0
21776.9	-2723.31	0
21834.8	-2684.2	0
21789.4	-2656.69	0
21806.7	-2617.54	0
21796.4	-2589.91	0
21819.6	-2550.69	0
21770.2	-2520.11	0
21776	-2488.89	0
21806.6	-2448.04	0
21766.2	-2422.13	0
21785.7	-2379.59	0
21784.2	-2352.82	0
21802.4	-2317.29	0
21755.2	-2280.82	0
21783.6	-2250.81	0
21756.1	-2208.78	0
21783.5	-2184.76	0
21728.7	-2142.79	0
21780.4	-2112.86	0
21768.1	-2077.07	0
21761.7	-2041.23	0
21744.7	-2013.08	0
21767.9	-1972.82	0
21751.7	-1937.85	0
21712.6	-1917.5	0
21757.3	-1863.67	0
21730.4	-1848.19	0
21740.5	-1798.96	0
21717	-1774.72	0
21750.9	-1733.9	0
21718.6	-1702.43	0
21715.7	-1670.56	0
21691.4	-1626.14	0
21729.2	-1608.25	0
21678.5	-1554.59	0
21694.2	-1536.1	0
21705	-1492.87	0
21700.9	-1459.77	0
21679.1	-1424.49	0
21670.5	-1398.7	0
21694.6	-1346.8	0
21643.2	-1327.61	0
21657.8	-1287.57	0
21652.4	-1245.42	0
21667.4	-1223.87	0
21631.7	-1183.16	0
21655.3	-1140.75	0
21645.7	-1124.19	0
21636.8	-1068.92	0
21601.2	-1050.09	0
21626.9	-1005.23	0
21620.9	-975.515	0
21584.4	-940.978	0
21613.3	-904.544	0
21608.8	-873.888	0
21605.8	-834.567	0
21563.2	-808.282	0
21606.1	-758.767	0
21561.5	-743.82	0
21570.1	-696.883	0
21534	-665.255	0
21586.1	-631.585	0
21538.7	-594.626	0
21544.2	-561.187	0
21555.4	-522.217	0
21531.7	-501.854	0
21530.8	-438.154	0
21487.6	-438.175	0
21543	-371.094	0
21478.5	-358.624	0
21506.4	-311.821	0
21486.5	-282.377	0
21520.4	-240.79	0
21465.4	-209.122	0
21478.4	-176.14	0
21483.5	-132.386	0
21446.8	-106.32	0
21452.3	-65.789	0
21431.8	-30.0032	0
21472.3	4.87903	0
21410.7	33.6299	0
21448.2	83.293	0
21425.5	100.08	0
21435.4	153.601	0
21374.7	175.719	0
21415.3	218.604	0
21385.7	248.914	0
21380.1	295.095	0
21364.5	309.791	0
21395.5	374.058	0
21368.8	382.334	0
21347.8	437.875	0
21363.2	462.052	0
21341.7	504.898	0
21329.2	537.963	0
21294.5	569.254	0
21348.1	617.308	0
21284.9	633.117	0
21316	692.9	0
21279	709.463	0
21323.8	755.434	0
21252.3	788.545	0
21268.6	827.475	0
21263.6	856.998	0
21240.1	900.859	0
21232.3	934.065	0
21222.9	968.912	0
21251.9	1012.18	0
21195.3	1041.14	0
21222.3	1077.91	0
21194.1	1126.02	0
21207.4	1144.98	0
21140.1	1195.72	0
21181.5	1224.29	0
21152.4	1269.5	0
21149.2	1292.62	0
21124.7	1344.98	0
21152.3	1366.71	0
21129.6	1412.43	0
21091.7	1446.93	0
21121	1476.32	0
21077	1527.1	0
21088.3	1547.5	0
21026.5	1594.33	0
21098.9	1633.54	0
21023.8	1651.71	0
21049.3	1721.75	0
21031	1714.4	0
21031.6	1798.84	0
21009.2	1798.69	0
20969.5	1847.04	0
21013.6	1893.73	0
20950.1	1915.34	0
20961.5	1959.86	0
20942	1998.68	0
20973.8	2031.99	0
20913.1	2069.05	0
20933.1	2112.88	0
20916.8	2130.68	0
20905.1	2191.58	0
20864.4	2210.24	0
20882.2	2257.08	0
20866.7	2286.08	0
20841.7	2328.7	0
20847.2	2364.68	0
20837	2400.28	0
20850.3	2439.4	0
20776.6	2470.07	0
20829	2514.43	0
20776.6	2549.38	0
20772.7	2582.3	0
20738	2626.9	0
20772.4	2657.3	0
20728.6	2701.42	0
20719.6	2732.06	0
20734.2	2776.04	0
20707.2	2807.4	0
20693	2855.65	0
20659.4	2877.22	0
20686.4	2931.08	0
20627.9	2958.13	0
20635.5	2995.87	0
20611.6	3042.22	0
20638.5	3067.93	0
20578.9	3116.07	0
20589.5	3145.83	0
20595.9	3187.16	0
20551.2	3226.08	0
20532.7	3259.78	0
20532.8	3298.41	0
20522.5	3339.16	0
20474.1	3372.27	0
20500.2	3411.41	0
20469.5	3452.3	0
20480.7	3479.26	0
20418.4	3530.65	0
20460.6	3550.69	0
20409.7	3606.78	0
20390.2	3624.95	0
20375.5	3674.95	0
20373.8	3710.67	0
20351	3730.44	0
20315.5	3800.76	0
20347.3	3807	0
20309.3	3856.33	0
20291.8	3902.63	0
20269.2	3919.71	0
20289.1	3973.75	0
20213.5	4007.17	0
20227.3	4036.16	0
20206.1	4088.04	0
20199.1	4116.48	0
20163.4	4147.21	0
20160.5	4204.62	0
20170.7	4221.41	0
20112.7	4268.76	0
20116.6	4307.69	0
20092.5	4341.04	0
20092.1	4378.46	0
20017	4418.9	0
20061.8	4452.43	0
20014.6	4488.98	0
20001.4	4531	0
19992.7	4563.26	0
19979	4603.6	0
19980.7	4641.7	0
19911.1	4673.06	0
19941.2	4713.95	0
19903	4750.41	0
19875.4	4785.98	0
19848.9	4819.11	0
19872.3	4865.73	0
19814.8	4888.43	0
19820.7	4937.47	0
19799.7	4964.2	0
19797.3	5010.18	0
19754.4	5030.99	0
19730.9	5087.32	0
19748	5103.75	0
19683.8	5155.21	0
19677.8	5180.87	0
19662.4	5221.43	0
19672.2	5254.98	0
19596.2	5289.17	0
19636.7	5334.59	0
19597.9	5352.49	0
19581.4	5403.93	0
19541.4	5433.43	0
19546.8	5460.04	0
19518.3	5520.21	0
19468.6	5525.6	0
19488.7	5585.22	0
19445.5	5600.05	0
19455.9	5652.33	0
19387.8	5671.78	0
19437.5	5720.88	0
19372.6	5746.23	0
19357.5	5779.89	0
19332.3	5828.03	0
19334.2	5841.63	0
19277.7	5897.66	0
19258.1	5914.61	0
19278.2	5959.32	0
19220.2	5995.64	0
19213.2	6017.03	0
19198.8	6067.56	0
19198.5	6089.6	0
19128.8	6132.15	0
19154.5	6161.31	0
19096.5	6201.13	0
19103.6	6227.97	0
19033.6	6272.38	0
19058.7	6297.57	0
19032.6	6339.36	0
18984.4	6370.25	0
18994.7	6401.51	0
18966.7	6438.94	0
18959.8	6477.2	0
18883.9	6502.11	0
18933.2	6545.81	0
18857.7	6576.79	0
18845.3	6605.45	0
18813	6647.48	0
18830.2	6672.92	0
18761.1	6716.8	0
18760.4	6740.23	0
18766	6787.42	0
18708.2	6803.06	0
18709.4	6858.25	0
18658.3	6875.97	0
18682.8	6912.24	0
18593.5	6956.2	0
18611.1	6978.42	0
18570.4	7016.64	0
18563.4	7050.6	0
18513	7083.87	0
18519.2	7112.09	0
18506.1	7157.18	0
18445.7	7183.39	0
18455.5	7213.3	0
18413.2	7263.2	0
18412.9	7278.4	0
18325.4	7324.81	0
18373.8	7357.19	0
18302.8	7378.96	0
18285.1	7431.79	0
18259.8	7449.14	0
18275	7493.22	0
18204.8	7516.39	0
18202	7564.54	0
18195.1	7578.23	0
18141.8	7634.56	0
18131	7647.19	0
18086.6	7695.34	0
18093.8	7720.42	0
18023.9	7759.36	0
18030.7	7786.48	0
17997.7	7826.63	0
17996.6	7855.55	0
17929.8	7890.16	0
17950.5	7924.86	0
17922.4	7957.67	0
17862.7	7988.72	0
17867	8027.29	0
17829.1	8053.65	0
17811.9	8092.68	0
17746.2	8126.56	0
17777	8152.72	0
17720.4	8196.8	0
17699.7	8222.92	0
17682.1	8257.83	0
17673.2	8291.06	0
17634.7	8328.72	0
17592.9	8353.68	0
17614.2	8399.37	0
17537.5	8420.33	0
17536.8	8459.28	0
17481.3	8497.59	0
17511.4	8521.72	0
17409.5	8557.78	0
17446	8598.6	0
17398.9	8615.51	0
17388.3	8664.71	0
17339.2	8687.79	0
17335.2	8724.84	0
17320.2	8761.34	0
17244.4	8786.9	0
17258.9	8823.65	0
17212.2	8860.94	0
17197.8	8889.07	0
17126.1	8924.46	0
17173.2	8956.13	0
17093.5	8992.23	0
17081.3	9022.96	0
17069	9057.6	0
17046.5	9089.23	0
17008.9	9122.32	0
16965.9	9154.97	0
16987.9	9189.97	0
16899.5	9222.14	0
16908.9	9253.39	0
16858.8	9291.79	0
16863.9	9313.94	0
16794.2	9365.36	0
16797.5	9382.39	0
16781.9	9418.98	0
16740.3	9460.65	0
16710.7	9478.7	0
16704.5	9527.23	0
16681	9548.96	0
16603.8	9583.15	0
16638	9619.69	0
16567.7	9648.72	0
16557.5	9682.37	0
16505.7	9714.84	0
16517.6	9747.13	0
16472.5	9779.46	0
16432.3	9812.34	0
16438.4	9838.9	0
16404.4	9884	0
16363.6	9898.59	0
16337.9	9944.73	0
16344.4	9970.51	0
16265.5	10003.9	0
16264.8	10032.3	0
16220.3	10071.1	0
16228.3	10095.5	0
16145.4	10129.1	0
16160.3	10170.3	0
16142	10178.7	0
16080.9	10234.4	0
16084.4	10255.9	0
16047.9	10278.1	0
16043.6	10329.5	0
15953.1	10343.8	0
16006.1	10379.3	0
15908.7	10416.3	0
15919.6	10439.6	0
15860.3	10475.3	0
15863.3	10509.8	0
15820.4	10537.5	0
15778	10565.8	0
15791.7	10605.1	0
15737.9	10628	0
15725.7	10663.7	0
15671.3	10697.7	0
15712.5	10726.9	0
15594.5	10752.8	0
15626.1	10795.9	0
15577.4	10814.5	0
15553.7	10855.6	0
15503.6	10880.9	0
15498.4	10915.3	0
15487.9	10939.6	0
15405.5	10983	0
15437.5	11001.6	0
15386.9	11037.1	0
15376.7	11069.4	0
15304.4	11092	0
15352.7	11129.5	0
15258.5	11151.8	0
15258.9	11196.8	0
15217.3	11200	0
15203.4	11266.3	0
15158.7	11258.4	0
15118.4	11317.1	0
15141.7	11335	0
15051.9	11361.2	0
15075.3	11402.3	0
15010.7	11420.8	0
15042.5	11456.8	0
14941.5	11483.5	0
14970.7	11513.8	0
14926.4	11545.2	0
14889.9	11568.9	0
14854.4	11603.8	0
14839.1	11632.3	0
14818	11655.6	0
14737.3	11694.1	0
14776.7	11716.3	0
14701.6	11746.4	0
14701.6	11779.1	0
14641.7	11808.1	0
14674.6	11832.3	0
14592.1	11869.7	0
14578.5	11891.6	0
14584.4	11929	0
14509.5	11947.8	0
14513.8	11991.7	0
14446.6	12005.3	0
14473.1	12038.7	0
14379.8	12083.8	0
14391.7	12083.2	0
14356.8	12144.3	0
14325	12151.6	0
14292.9	12185.6	0
14276.5	12218.8	0
14265.3	12251.5	0
14193.7	12262.8	0
14214.1	12318.6	0
14161.3	12324.3	0
14148.2	12361.5	0
14080.6	12398.7	0
14106.2	12415.7	0
14039.9	12451	0
14004.1	12482	0
13998.4	12508.8	0
13962.9	12534.2	0
13930.6	12572.2	0
13880.7	12591.2	0
13920.5	12625.6	0
13811	12654.4	0
13839.7	12686.7	0
13786	12704.6	0
13781.4	12747.9	0
13710.6	12763.7	0
13715.8	12796.4	0
13684.1	12830.2	0
13620.6	12855.2	0
13618.9	12876.5	0
13573.7	12923.9	0
13562.9	12931	0
13481.1	12972	0
13521.8	13006.5	0
13441.3	13015.3	0
13428	13070.7	0
13397.1	13073.1	0
13385.6	13122.4	0
13333.3	13134.3	0
13305.4	13175.8	0
13297.7	13196.4	0
13243.7	13225.4	0
13209.2	13254.4	0
13182.2	13285.9	0
13173.5	13299.8	0
13077.8	13348.4	0
13109	13357.5	0
13043.9	13397.2	0
13020	13418.8	0
12974.5	13449.6	0
12967.8	13472.8	0
12938.3	13509.5	0
12860.5	13531.7	0
12898.9	13559.5	0
12817.9	13587.5	0
12805.5	13618	0
12759.7	13642.4	0
12756.5	13670.1	0
12694.4	13705.9	0
12652.4	13715.2	0
12668	13764	0
12578.2	13772.1	0
12583.5	13813.5	0
12516.7	13831	0
12541.1	13866.6	0
12435.6	13880.2	0
12463.9	13923.9	0
12408.2	13940.5	0
12386.2	13966.8	0
12339.4	14002.4	0
12324.6	14017.5	0
12305.5	14053.7	0
12220.8	14077.1	0
12250.4	14098.2	0
12177.8	14134.9	0
12161.8	14150.7	0
12097.3	14187	0
12118.8	14205.8	0
12030.4	14240.2	0
12008.5	14256.7	0
12004.3	14296.9	0
11935.9	14311.4	0
11927.2	14347.1	0
11865.1	14365.7	0
11890.8	14402	0
11786.6	14418.9	0
11809.5	14452.3	0
11757.3	14475.5	0
11735.2	14501.3	0
11670.7	14529.5	0
11678.2	14556.5	0
11636.6	14586.1	0
11560.6	14598.1	0
11587.1	14642.1	0
11509.5	14648.4	0
11502.2	14693.4	0
11424.4	14706.5	0
11460.7	14736.5	0
11356.6	14757.7	0
11359.1	14786.3	0
11329.6	14813	0
11289.2	14823.3	0
11253.2	14870.2	0
11217.6	14871.7	0
11221.9	14911.3	0
11134.5	14929.8	0
11144.1	14957.1	0
11092.6	14973.4	0
11074.4	15011.2	0
11006.3	15019.2	0
11010.2	15056.1	0
10967.4	15073.6	0
10899.3	15100.3	0
10907.6	15124.7	0
10849.4	15137.8	0
10825.1	15180.2	0
10759.6	15174.8	0
10780.6	15231.1	0
10698.3	15224.9	0
10670.2	15264.4	0
10663.9	15284.6	0
10608.6	15299.6	0
10573.6	15336	0
10540.6	15342	0
10545.3	15380.6	0
10443.4	15384.9	0
10471.2	15424.4	0
10402.5	15439.1	0
10394.3	15458.2	0
10319.1	15488.5	0
10333.6	15511.1	0
10274.3	15519.7	0
10220.5	15565.4	0
10221.7	15561.2	0
10164.3	15598	0
10140.8	15618.2	0
10072	15636.2	0
10107.5	15659.7	0
9989.24	15681.7	0
10018.6	15704.6	0
9945.89	15719.8	0
9949.7	15748.8	0
9873.42	15767.7	0
9859.67	15781.2	0
9853.89	15819	0
9762.89	15822.2	0
9779.19	15855.2	0
9722.06	15869.4	0
9712.58	15893.5	0
9629.07	15910	0
9659.63	15937.7	0
9584.09	15955.4	0
9546.56	15970.9	0
9536.5	16004.4	0
9490.35	16008.9	0
9456.27	16038.6	0
9393.16	16058.9	0
9427.87	16074.4	0
9310.33	16099.7	0
9330.71	16119.5	0
9277.35	16133.7	0
9251.91	16165.7	0
9196.32	16175.4	0
9179.44	16196.7	0
9165.15	16222.4	0
9074.69	16230.9	0
9096.86	16267.7	0
9035.21	16267.4	0
9016.8	16303.6	0
8952.49	16310.5	0
8968.35	16341.6	0
8891.35	16352.3	0
8874.84	16376.1	0
8845.31	16394.5	0
8804.57	16409.7	0
8782.05	16437.4	0
8710.48	16444.1	0
8750.94	16479.2	0
8628.63	16478.2	0
8657.7	16513.7	0
8592.51	16529.9	0
8582.01	16536.8	0
8506.13	16569	0
8514.3	16582.9	0
8476.15	16593.3	0
8391.84	16619.8	0
8425.74	16642.6	0
8337.24	16637.4	0
8339.8	16686.4	0
8253.95	16681.4	0
8290.51	16706.2	0
8194.74	16726.5	0
8177.78	16740.9	0
8163.14	16757.6	0
8104.98	16781.4	0
8081.04	16793.3	0
8030.66	16810.7	0
8038.75	16836.1	0
7945.97	16841.1	0
7953.73	16873.8	0
7911.71	16874.2	0
7872.67	16913.9	0
7826.44	16910.1	0
7816.55	16936.9	0
7776.74	16964.7	0
7705.42	16960.2	0
7733.26	16995.8	0
7645.81	17011.6	0
7644.57	17017.2	0
7572.26	17044.4	0
7593.14	17068.6	0
7505.36	17062.1	0
7484.78	17106.8	0
7476.29	17110.2	0
7404.43	17121.1	0
7391.65	17157.2	0
7336.13	17160	0
7345.36	17181.8	0
7241	17200.6	0
7266.56	17220.9	0
7209.93	17231.3	0
7163.97	17253.6	0
7135.29	17270.1	0
7106.07	17282.3	0
7080.39	17310.3	0
6990.25	17317.7	0
7044.51	17341.8	0
6927.4	17353.7	0
6942.73	17376.4	0
6867.68	17388	0
6888.89	17407.3	0
6791.44	17430.7	0
6786.95	17440.5	0
6768.02	17455.2	0
6696.17	17482.8	0
6683.22	17489.2	0
6640.15	17515.5	0
6633.22	17525.2	0
6529.72	17545.9	0
6574.29	17558.4	0
6493.37	17581.5	0
6456.3	17593.6	0
6442.81	17610.6	0
6400.31	17628.8	0
6358.72	17639	0
6316.57	17663	0
6311.76	17671.4	0
6238.32	17694.1	0
6231.06	17699.6	0
6172.7	17724.1	0
6171.17	17733.3	0
6093.34	17747.6	0
6077.84	17768.3	0
6066.77	17777.9	0
5973.1	17792.8	0
5987.28	17812.2	0
5924.51	17819.3	0
5918.97	17838.9	0
5818.2	17854.4	0
5867.58	17864.4	0
5775.22	17884.8	0
5736.07	17894.5	0
5737.92	17911.1	0
5677.88	17926.3	0
5638.36	17938	0
5598.78	17959.2	0
5600.3	17963.9	0
5507.82	17990.7	0
5508.57	17989.2	0
5470.28	18022.4	0
5425.82	18020.8	0
5376.15	18048.8	0
5370.01	18049.8	0
5321.67	18075.8	0
5260.82	18083	0
5270.88	18101.9	0
5192.97	18115	0
5192.05	18125.8	0
5109.21	18147.9	0
5138.37	18155	0
5043.11	18173.4	0
5021.55	18188.5	0
5015.78	18197	0
4931.46	18220.3	0
4931.14	18228.3	0
4864.32	18246	0
4871.39	18265.4	0
4775.55	18267.6	0
4785.79	18293.2	0
4732.78	18303	0
4694.07	18316.7	0
4650.86	18327.9	0
4629.34	18353.7	0
4596.83	18348.5	0
4506.52	18378	0
4553.79	18393.6	0
4444.27	18387.7	0
4440.53	18427	0
4388.65	18418.2	0
4376.77	18443.3	0
4301.57	18452.3	0
4272.97	18469.7	0
4277.69	18476	0
4163.08	18493.4	0
4193.27	18516.1	0
4118.66	18505.1	0
4104.77	18550.2	0
4023.48	18538.3	0
4036.13	18563	0
3978.59	18570.3	0
3911.13	18591.9	0
3928.53	18588.1	0
3841.31	18623.2	0
3835.83	18615	0
3760.09	18640.4	0
3777.49	18646.7	0
3680.4	18660.7	0
3670.88	18673.3	0
3644.56	18683.9	0
3576.19	18702.6	0
3563.92	18702	0
3499.61	18729.8	0
3506.42	18726	0
3401.33	18752	0
3425.72	18755	0
3353.35	18770.1	0
3330.07	18785.6	0
3267.64	18791	0
3275.04	18806.6	0
3199.64	18821.8	0
3156.15	18822	0
3168.73	18849.8	0
3070.32	18848.9	0
3071.1	18860.5	0
3005.48	18883.8	0
3013.77	18879.9	0
2905.62	18897.7	0
2928.03	18912.5	0
2873.3	18918.2	0
2806.42	18925.7	0
2807.08	18950.4	0
2740.43	18944.2	0
2729.61	18964.5	0
2642.55	18974.5	0
2672.32	18983.1	0
2578.19	18993.5	0
2554	19006.9	0
2530.72	19017.9	0
2478.24	19018.1	0
2444.21	19044.4	0
2379.18	19039.1	0
2411.98	19054.8	0
2273.78	19069.2	0
2317.31	19076.6	0
2243.13	19072.9	0
2207.59	19111.1	0
2162.84	19090.5	0
2138.55	19120.1	0
2105.4	19123.9	0
2021.41	19134.1	0
2055.42	19136.3	0
1949.63	19163.1	0
1957.27	19151.6	0
1879.84	19178.8	0
1884.05	19177.1	0
1814.91	19192.4	0
1768.06	19199.5	0
1781.71	19205	0
1678.02	19222.8	0
1688.08	19224.1	0
1620.67	19235.1	0
1615.06	19249.3	0
1519.89	19249.5	0
1546.69	19262.6	0
1481.63	19277.6	0
1421.6	19273.9	0
1423.66	19290.2	0
1361.12	19300.7	0
1333.52	19305.6	0
1273.88	19312	0
1288.79	19328.7	0
1190.88	19334.1	0
1189.48	19330.9	0
1147.87	19361.8	0
1104.34	19351.7	0
1065.91	19367.8	0
1023.26	19378.2	0
1030.87	19387	0
903.402	19384.5	0
965.039	19407	0
861.861	19410.1	0
850.845	19408.6	0
806.142	19434	0
780.119	19430.3	0
735.93	19437.8	0
675.653	19449.5	0
697.733	19463.8	0
594.295	19454.7	0
607.728	19478.4	0
533.947	19484.9	0
541.539	19477.6	0
454.23	19505.9	0
446.265	19498.6	0
428.253	19512.6	0
333.096	19517.4	0
356.827	19529.8	0
284.157	19527.9	0
268.585	19546.5	0
196.704	19548.6	0
221.262	19552.7	0
121.935	19562.1	0
113.305	19576.8	0
88.6259	19565.7	0
25.5735	19595.8	0
12.4062	19581.4	0
-60.9063	19602.2	0
-29.8816	19603.1	0
-152.496	19611	0
-122.581	19619.3	0
-179.915	19620.4	0
-230.278	19633.2	0
-254.004	19639.1	0
-291.1	19643.6	0
-316.183	19646.9	0
-407.517	19662.3	0
-353.526	19657	0
-475.317	19673.3	0
-471.099	19675.4	0
-512.259	19683.5	0
-551.688	19689.9	0
-593.665	19692.1	0
-636.714	19708.1	0
-631.792	19702.1	0
-741.653	19715.8	0
-709.561	19728.7	0
-788.989	19714.8	0
-796.306	19746.2	0
-871.502	19733.8	0
-865.518	19750.7	0
-920.109	19751.7	0
-986.751	19762.6	0
-963.428	19763.1	0
-1048.6	19777	0
-1069.27	19771	0
-1114.13	19794.5	0
-1117.95	19782.2	0
-1209.85	19799.4	0
-1213.66	19807.2	0
-1229.01	19801.6	0
-1327.16	19820.1	0
-1304.72	19818.7	0
-1381.03	19826.9	0
-1379.85	19825.5	0
-1485.16	19852	0
-1429.31	19824.5	0
-1541.26	19863	0
-1562.46	19848.6	0
-1564.72	19862.8	0
-1646.47	19860.9	0
-1655.64	19880.6	0
-1719.81	19869.9	0
-1705.74	19878.8	0
-1826.51	19899.8	0
-1777.68	19878.3	0
-1871.78	19908.8	0
-1886.5	19897.1	0
-1938.66	19908.1	0
-1957.72	19913.4	0
-2002.15	19914.7	0
-2071.54	19925.9	0
-2040.22	19924.8	0
-2149.66	19934.7	0
-2138.67	19937.1	0
-2203.72	19940.5	0
-2215.6	19948	0
-2276.37	19952.5	0
-2313.53	19958.5	0
-2307.44	19956.7	0
-2421.92	19973.1	0
-2385.73	19967.2	0
-2462.05	19978.6	0
-2489.43	19977.1	0
-2529.28	19994.5	0
-2558.69	19981.4	0
-2599.32	19999.8	0
-2652.75	20002.9	0
-2655.38	19999.7	0
-2722.97	20015.2	0
-2744.22	20011.6	0
-2796.16	20019	0
-2801.1	20020.3	0
-2879.59	20034.4	0
-2895.66	20024.8	0
-2910.14	20040.4	0
-3002.56	20043.3	0
-2983.28	20035.4	0
-3059.75	20061	0
-3063.15	20045.7	0
-3147.83	20061.8	0
-3132.78	20059.6	0
-3191.88	20068.7	0
-3254.74	20073.5	0
-3235.54	20068.8	0
-3323.81	20083	0
-3331.82	20080.3	0
-3394.33	20086.2	0
-3384.48	20093.7	0
-3483.26	20091.5	0
-3475.75	20099.7	0
-3520.55	20098.2	0
-3577.53	20107.1	0
-3595.54	20109	0
-3642.48	20108.6	0
-3657.95	20121.7	0
-3758.68	20110	0
-3699.59	20130.8	0
-3818.51	20117.4	0
-3831.25	20134.1	0
-3841.03	20129.2	0
-3915.29	20133.9	0
-3932.11	20140.6	0
-3985.69	20140.3	0
-3980.76	20138.9	0
-4092.43	20153.9	0
-4053.83	20141.6	0
-4133.73	20159.9	0
-4161.16	20151.7	0
-4195.18	20155.1	0
-4234.56	20165.4	0
-4263.48	20160.7	0
-4337.52	20163.2	0
-4305.9	20172.1	0
-4414	20165.1	0
-4410.71	20171.1	0
-4461.15	20179.8	0
-4489.02	20165.9	0
-4539.04	20181.1	0
-4583.65	20185.5	0
-4572.44	20167.5	0
-4694.3	20190.7	0
-4646.92	20182.7	0
-4737.5	20179.9	0
-4756.06	20193.7	0
-4808.07	20183.3	0
-4816.22	20190	0
-4878.31	20188.3	0
-4934.89	20198.9	0
-4903.32	20181.5	0
-5024.77	20204.1	0
-5007.78	20189.6	0
-5062.48	20193.6	0
-5092.93	20202.6	0
-5150.61	20193.2	0
-5169.86	20199.4	0
-5186.91	20206.3	0
-5296.67	20192.8	0
-5238.59	20211	0
-5356.89	20200.9	0
-5346.93	20208	0
-5416.05	20207	0
-5421.22	20207.6	0
-5489.22	20216.6	0
-5525.29	20203.5	0
-5524.46	20221.1	0
-5621.57	20207.9	0
-5613.39	20211.9	0
-5672.1	20219.8	0
-5697.74	20211.6	0
-5761.81	20214.4	0
-5764.17	20218.9	0
-5815.84	20219.5	0
-5882.86	20208.1	0
-5862.32	20234.3	0
-5961.78	20198.8	0
-5942.56	20232.4	0
-6041.15	20215.3	0
-6006.84	20215.5	0
-6114.5	20224.7	0
-6117.08	20219.4	0
-6137.24	20214.1	0
-6226.38	20225.2	0
-6213.95	20215.4	0
-6290.05	20225.3	0
-6285.65	20216.2	0
-6387.52	20217.1	0
-6353.13	20225.2	0
-6432.38	20212.3	0
-6481.34	20225.8	0
-6467.95	20211	0
-6559.83	20224	0
-6558.16	20214.2	0
-6628.34	20221.7	0
-6617.07	20217.4	0
-6715.53	20215.1	0
-6708.58	20217.9	0
-6743.54	20218.9	0
-6828.01	20214.8	0
-6798.08	20211.5	0
-6901.65	20223.8	0
-6872.16	20207.5	0
-6983.94	20209.9	0
-6944.23	20222.1	0
-7033.68	20201.6	0
-7060.43	20207.1	0
-7071.18	20217.9	0
-7141.77	20192.7	0
-7154.62	20207.3	0
-7213.92	20207.6	0
-7196.16	20193	0
-7323.63	20198.2	0
-7265.93	20205.6	0
-7355.67	20181.8	0
-7385.45	20199.4	0
-7409.05	20188.4	0
-7451.97	20185.5	0
-7481.98	20183.5	0
-7550.23	20186.9	0
-7516.33	20176.8	0
-7633.32	20179.5	0
-7620.51	20176.4	0
-7659.07	20172.4	0
-7714.36	20175.5	0
-7735.91	20158.3	0
-7779.85	20178.7	0
-7791.99	20155.1	0
-7885.04	20158.5	0
-7843.87	20159.7	0
-7940.42	20149.7	0
-7954.55	20146.6	0
-7983.02	20152.8	0
-8032.43	20137.1	0
-8048.29	20140.8	0
-8124.85	20136.5	0
-8086.57	20136.3	0
-8206.97	20120.8	0
-8183.46	20134.7	0
-8230.66	20120.5	0
-8281.09	20118.3	0
-8299.75	20118.1	0
-8344.86	20117.1	0
-8351.96	20104.6	0
-8451.1	20116.9	0
-8396.36	20095	0
-8504.08	20108.1	0
-8507.29	20089.3	0
-8532.56	20105.7	0
-8586.62	20078.4	0
-8599.84	20092.5	0
-8670.19	20081.9	0
-8631.67	20077.5	0
-8762.43	20078	0
-8709.2	20067.1	0
-8786.72	20073.6	0
-8813.66	20057.5	0
-8842.5	20064.7	0
-8879.93	20054.1	0
-8888.36	20056	0
-8987.39	20041.6	0
-8924.15	20049.2	0
-9046.29	20036.1	0
-9029.19	20036.2	0
-9074.14	20030.7	0
-9107.05	20030.7	0
-9144.37	20014.9	0
-9178.58	20023	0
-9177.55	20008.4	0
-9284.15	20005.8	0
-9234.88	19999.5	0
-9317.63	19997.4	0
-9340.56	19986.6	0
-9365.63	19986.2	0
-9399.03	19977.6	0
-9426.33	19970.7	0
-9493.33	19971.5	0
-9454.08	19953.2	0
-9567.28	19964.2	0
-9543.96	19941.5	0
-9592.78	19944.4	0
-9629.37	19938.2	0
-9655.21	19928.6	0
-9697.22	19925.3	0
-9694.55	19919.1	0
-9797.33	19910.5	0
-9741.67	19905.8	0
-9840.38	19897.3	0
-9843.87	19900.6	0
-9878.06	19876.1	0
-9911.42	19887.8	0
-9936.58	19876.2	0
-10001.1	19862.5	0
-9957.22	19869.6	0
-10088.5	19848.4	0
-10038.4	19854.6	0
-10111.1	19842.6	0
-10132.5	19830.1	0
-10163.9	19839.2	0
-10201.4	19816.8	0
-10209.2	19816.2	0
-10295.3	19820.4	0
-10246.8	19788.6	0
-10356.6	19814.2	0
-10343.9	19780.4	0
-10374.8	19791.5	0
-10428.8	19776	0
-10436.1	19771.2	0
-10495.5	19773.1	0
-10476	19754.4	0
-10580.7	19756.4	0
-10540.9	19753.2	0
-10610.9	19729.7	0
-10640.8	19745.1	0
-10654.5	19722.1	0
-10701.3	19726.7	0
-10716.1	19706.3	0
-10787.2	19717.8	0
-10742.1	19692.9	0
-10864.7	19694.8	0
-10828.6	19691.1	0
-10872.8	19673.5	0
-10938.2	19676.6	0
-10916.3	19660.9	0
-10996.7	19666.6	0
-10974.8	19643.5	0
-11075.5	19647.1	0
-11021.5	19638.8	0
-11119.8	19628.7	0
-11130.5	19617.3	0
-11132.5	19630	0
-11204.3	19592.4	0
-11206.1	19610.1	0
-11256.6	19598.4	0
-11251.7	19580.1	0
-11345.1	19578.7	0
-11301.3	19585.4	0
-11373.3	19554.9	0
-11418	19562.9	0
-11395.9	19560.8	0
-11478.2	19536.9	0
-11468.2	19540.5	0
-11541	19534.1	0
-11508.2	19523.1	0
-11609.8	19518.2	0
-11597.7	19509.7	0
-11613.5	19506.4	0
-11699.4	19489.7	0
-11668.6	19494.6	0
-11743.7	19477.9	0
-11730.9	19473.3	0
-11820.2	19469.2	0
-11778.4	19457.2	0
-11858.1	19458.1	0
-11889.8	19434.8	0
-11871.6	19442.2	0
-11958.8	19431.4	0
-11944.7	19414.3	0
-12011.2	19417	0
-11992.8	19407	0
-12083.7	19391.6	0
-12065.4	19394.8	0
-12093.3	19377.6	0
-12172.7	19380.2	0
-12137.1	19355.2	0
-12218.3	19370.2	0
-12205.7	19341.9	0
-12290.2	19342.4	0
-12247.7	19333.1	0
-12338.7	19331.8	0
-12354.1	19306.8	0
-12341.7	19313.9	0
-12441	19305.3	0
-12410.1	19280	0
-12479.8	19293.1	0
-12470.2	19274.1	0
-12552.5	19259.1	0
-12529	19265.1	0
-12575.6	19243.9	0
-12640.5	19239.8	0
-12591.2	19227	0
-12704.2	19223.2	0
-12668.8	19213.3	0
-12739.9	19194.3	0
-12733	19202.7	0
-12791.2	19175.1	0
-12811.6	19180.5	0
-12809.6	19159	0
-12906.8	19159.1	0
-12854.5	19143.7	0
-12946.2	19136.1	0
-12936.9	19128.9	0
-12996.6	19120.1	0
-12990.3	19102	0
-13045.5	19104.5	0
-13081.6	19088.2	0
-13055.9	19074.2	0
-13165.5	19072.2	0
-13123.5	19061.3	0
-13191.1	19042.7	0
-13201	19048.2	0
-13249	19024.2	0
-13256.9	19024.7	0
-13280.6	19000.4	0
-13363.8	19008.8	0
-13296.5	18984.7	0
-13418.8	18976.1	0
-13390	18971.5	0
-13436.8	18957.7	0
-13456.5	18943.1	0
-13498.6	18941.7	0
-13524.1	18922.7	0
-13512.2	18916	0
-13625.2	18903.6	0
-13557.8	18894.3	0
-13641.7	18886.6	0
-13669.5	18862.8	0
-13668.2	18872.4	0
-13724.2	18841.3	0
-13724.2	18844.1	0
-13800.9	18823.3	0
-13745.8	18824.4	0
-13868.7	18794.9	0
-13832.1	18802	0
-13868.2	18779.4	0
-13927.6	18774.6	0
-13919.6	18752.8	0
-13973.1	18754.9	0
-13967.2	18732.8	0
-14063.6	18717.7	0
-13997.2	18720.9	0
-14108	18692.7	0
-14105	18687.6	0
-14105.6	18673.7	0
-14193	18658.7	0
-14155.5	18646.1	0
-14249.9	18638.2	0
-14205.3	18615.9	0
-14310.3	18610.5	0
-14276.7	18588.8	0
-14329.1	18585.5	0
-14372.4	18563.9	0
-14360.6	18556.3	0
-14435	18533.6	0
-14412.5	18535.3	0
-14501.9	18503.5	0
-14453.4	18501.7	0
-14547	18488.2	0
-14549	18467	0
-14541.7	18458.8	0
-14646.6	18447.8	0
-14592.3	18429.7	0
-14671.9	18414.5	0
-14671.7	18409.5	0
-14720.8	18386.4	0
-14715.2	18377.2	0
-14766.9	18357.4	0
-14803.8	18360.2	0
-14771.4	18326	0
-14884.3	18312.8	0
-14833.1	18325.8	0
-14903	18271.5	0
-14905.6	18292.8	0
-14953.7	18257	0
-14956.5	18257	0
-14980	18228.2	0
-15059.8	18225.5	0
-14992.4	18210.8	0
-15101.7	18186.5	0
-15089.7	18178.7	0
-15111	18174	0
-15149.3	18127.5	0
-15174.5	18148	0
-15207.7	18114.3	0
-15179.2	18096.5	0
-15308.3	18093.8	0
-15229	18064.5	0
-15302.6	18063.7	0
-15349.4	18031.9	0
-15326.8	18026.2	0
-15380.3	18014	0
-15399	17986.3	0
-15450.8	17979.2	0
-15405.7	17966.7	0
-15519.1	17942.4	0
-15491.2	17929.4	0
-15510.9	17920.3	0
-15582.4	17895.6	0
-15558.9	17882	0
-15618.9	17869.5	0
-15609.2	17855.9	0
-15692.7	17827.7	0
-15641.8	17825.1	0
-15721.2	17808.5	0
-15749.6	17785.2	0
-15717.2	17769.9	0
-15819.4	17768.1	0
-15781.1	17731.5	0
-15848.2	17732.9	0
-15828.8	17706.6	0
-15910.2	17701.7	0
-15884	17671.5	0
-15917.2	17667.3	0
-15995.1	17651.3	0
-15922.8	17626.3	0
-16035.9	17619	0
-16006.6	17607.2	0
-16053.7	17573.8	0
-16056.3	17577.1	0
-16107.1	17552.8	0
-16119.6	17535.9	0
-16109.6	17518.1	0
-16215.8	17512.8	0
-16139.4	17487.7	0
-16231.2	17472.9	0
-16237.8	17458.1	0
-16245.9	17446.3	0
-16284	17419	0
-16292.9	17415.4	0
-16355.2	17393.7	0
-16291.4	17373.9	0
-16429.6	17363.9	0
-16360.7	17344.2	0
-16412	17324.1	0
-16466	17314.3	0
-16435.8	17293.8	0
-16499.2	17278.7	0
-16491.6	17262.8	0
-16553.9	17247	0
-16521.9	17226.4	0
-16590.1	17210.6	0
-16605.1	17199.2	0
-16595.2	17174.2	0
-16661.7	17164.3	0
-16650.3	17143.4	0
-16698.7	17125.9	0
-16677.9	17116.1	0
-16773.7	17086.7	0
-16714.7	17081.5	0
-16781.8	17052.5	0
-16817.9	17052.8	0
-16776.5	17016.3	0
-16875.8	17008.1	0
-16835.6	16997.6	0
-16898.9	16964.5	0
-16888.5	16958.8	0
-16934.6	16935.1	0
-16951.7	16925.3	0
-16945.1	16897.8	0
-17026	16890.4	0
-16973.5	16865.5	0
-17057.8	16851.2	0
-17046.4	16830.7	0
-17070.9	16817.9	0
-17101.8	16796.7	0
-17110.7	16779	0
-17155.9	16764	0
-17124.1	16743.7	0
-17233	16725.6	0
-17157	16709.7	0
-17248.3	16694.8	0
-17242.9	16668.9	0
-17252.2	16661.4	0
-17304.2	16634.9	0
-17280	16620.7	0
-17364.8	16603.5	0
-17307.2	16583.8	0
-17396.8	16571.3	0
-17381	16544.8	0
-17387.7	16533.3	0
-17455.5	16512.6	0
-17422.9	16499.9	0
-17483.7	16474.5	0
-17468.1	16457.9	0
-17532.2	16449.7	0
-17502.4	16412.8	0
-17550.1	16415	0
-17595.1	16379.5	0
-17540.2	16367.5	0
-17648	16349	0
-17609.9	16334.3	0
-17651.4	16301.7	0
-17660.3	16304.9	0
-17703.2	16268.6	0
-17698.5	16253.1	0
-17706.7	16241.3	0
-17798.4	16215.2	0
-17703	16197	0
-17828.7	16184.6	0
-17792.5	16154.1	0
-17819	16143.7	0
-17851.6	16118.8	0
-17857.4	16103.2	0
-17901.2	16078.4	0
-17860	16066.2	0
-17979	16041.8	0
-17898.3	16015	0
-17968.8	16017	0
-18005.6	15970.7	0
-17967.6	15968.8	0
-18037.7	15946.4	0
-18027.6	15922.3	0
-18075.1	15897.7	0
-18045.5	15896.9	0
-18117.4	15858.2	0
-18117	15838	0
-18099.3	15835.5	0
-18191.1	15799.2	0
-18138.6	15778.6	0
-18200.3	15771.1	0
-18190.7	15742.2	0
-18242	15721.9	0
-18219.3	15697.4	0
-18262.5	15690.8	0
-18298.3	15654.9	0
-18241.8	15633.5	0
-18361.2	15632.8	0
-18294.1	15585.8	0
-18352.2	15587.2	0
-18370	15552.8	0
-18368.5	15539.4	0
-18403.6	15515	0
-18396.3	15496.5	0
-18468.4	15470.7	0
-18398.2	15462	0
-18502	15424.6	0
-18469.9	15418.5	0
-18481.3	15395.2	0
-18538.6	15361.3	0
-18509	15364.9	0
-18563.8	15318.1	0
-18534.8	15317.5	0
-18619.7	15285.1	0
-18557.8	15269.3	0
-18621.5	15249	0
-18655.5	15226.3	0
-18589.3	15202.8	0
-18708.5	15188.8	0
-18643.9	15166.6	0
-18706.4	15138.6	0
-18689.7	15125.6	0
-18742.8	15100.4	0
-18733	15078.2	0
-18722.9	15060.7	0
-18829.6	15040.3	0
-18725.1	15007.9	0
-18836.7	15004.6	0
-18807.7	14963	0
-18832.8	14968.2	0
-18843.7	14915.2	0
-18864.2	14918.6	0
-18894.7	14893	0
-18849.7	14851.8	0
-18964.1	14854.1	0
-18880.5	14827.5	0
-18946.7	14788	0
-18974.6	14780.1	0
-18940.1	14771.5	0
-19004	14713	0
-18989.1	14720.3	0
-19034.6	14694.2	0
-19000	14653.5	0
-19076.6	14651.1	0
-19059.1	14613.3	0
-19044.6	14597.6	0
-19149.2	14571.2	0
-19053	14546.2	0
-19158	14532.3	0
-19124.5	14490.1	0
-19154.7	14492.3	0
-19169.8	14444.2	0
-19174.9	14439.4	0
-19224.1	14404	0
-19166.4	14388.9	0
-19285.7	14357.8	0
-19204.4	14345.5	0
-19267.6	14303.2	0
-19296.3	14304.1	0
-19262.1	14255.4	0
-19326.5	14250	0
-19306.8	14217.2	0
-19358.2	14196.8	0
-19314.5	14167.4	0
-19394.7	14148.8	0
-19377.8	14125.3	0
-19364.2	14092.2	0
-19455.4	14079.1	0
-19389.3	14048.4	0
-19456	14027.2	0
-19444	13994.5	0
-19484.3	13988	0
-19468.8	13946.1	0
-19495.5	13928.9	0
-19546.7	13911.4	0
-19472.6	13876.6	0
-19591.3	13857.3	0
-19526.4	13838.8	0
-19574.8	13803.9	0
-19589.1	13788.6	0
-19586.5	13762.6	0
-19630.6	13738.6	0
-19587.7	13709.2	0
-19694.8	13694.7	0
-19597.1	13667.4	0
-19702	13634.3	0
-19677.3	13622.3	0
-19677.6	13596.5	0
-19734.1	13566.8	0
-19696.3	13545.1	0
-19758.8	13530.1	0
-19720.6	13490.7	0
-19797.3	13473.2	0
-19745.6	13465.7	0
-19791.7	13412.3	0
-19826	13412.1	0
-19768.9	13381.1	0
-19866.7	13353.9	0
-19816.7	13329.9	0
-19850.5	13311.4	0
-19865.8	13284.8	0
-19866.4	13251.7	0
-19899.4	13249.8	0
-19863.7	13203.6	0
-19954.6	13195.9	0
-19877.6	13161.3	0
-19946.9	13151	0
-19955.5	13112.2	0
-19924.2	13096.8	0
-19989.5	13078.5	0
-19958.4	13042.4	0
-20009.7	13023	0
-19962.8	13008.1	0
-20052.8	12966.9	0
-19990.4	12960.9	0
-20033.1	12924.8	0
-20075.1	12902.9	0
-20008.1	12886.4	0
-20108.7	12850.4	0
-20053.8	12832.6	0
-20095.7	12812	0
-20098.7	12775.9	0
-20112.9	12761.4	0
-20129.6	12738.7	0
-20109	12703.5	0
-20191.5	12695.9	0
-20115	12649	0
-20187.4	12653.4	0
-20194.9	12606.3	0
-20159.3	12588.3	0
-20234	12574.1	0
-20190	12534.4	0
-20250.3	12521.3	0
-20199.5	12492.3	0
-20286	12470.4	0
-20235	12447.5	0
-20259.9	12410.6	0
-20315.1	12412	0
-20240.8	12356.8	0
-20340.3	12360.1	0
-20288.6	12314.7	0
-20330	12305.9	0
-20325.1	12265.1	0
-20345.3	12254.3	0
-20361.6	12229.2	0
-20330.4	12189.4	0
-20420.9	12187.6	0
-20338.5	12150.3	0
-20414.7	12118.7	0
-20411.7	12115.3	0
-20393.3	12074.3	0
-20443.3	12052.7	0
-20421.4	12034.6	0
-20463.6	12000.6	0
-20423.5	11980.6	0
-20499	11957.9	0
-20461	11925.4	0
-20464.6	11901.4	0
-20545.3	11884.6	0
-20447.1	11849.4	0
-20556.5	11823.6	0
-20510.1	11813.7	0
-20536.1	11766.9	0
-20551	11753.6	0
-20553.4	11731.2	0
-20583.4	11692.1	0
-20544.1	11679.9	0
-20639.8	11644	0
-20555.2	11628.3	0
-20625.9	11593.9	0
-20640.3	11575.5	0
-20593.4	11542.5	0
-20673.3	11530.2	0
-20632.6	11483.4	0
-20676.5	11482.9	0
-20645.6	11437.9	0
-20712.9	11417.3	0
-20676.7	11395.1	0
-20678	11366.1	0
-20769.9	11337.8	0
-20664.5	11313.3	0
-20759.4	11292.6	0
-20745.3	11257.3	0
-20737.6	11231.8	0
-20765.9	11211.1	0
-20774.8	11177.3	0
-20790.6	11154.4	0
-20752.8	11133.5	0
-20853.1	11091.2	0
-20771.7	11082.4	0
-20824.3	11041.4	0
-20855.2	11024	0
-20808.4	10996	0
-20871.8	10966.6	0
-20841.1	10938.7	0
-20894.3	10918.5	0
-20846.8	10890.5	0
-20913	10854.7	0
-20903.4	10845	0
-20866.5	10805.8	0
-20981.4	10783.2	0
-20871.8	10755.3	0
-20961.2	10738.8	0
-20955.4	10691.9	0
-20934.2	10691.2	0
-20983.6	10645.4	0
-20959.9	10635.9	0
-21009.5	10590.4	0
-20946.2	10584.5	0
-21053.5	10551.2	0
-20979.2	10517.8	0
-21012.9	10502.1	0
-21064.7	10480.1	0
-20994.1	10435.2	0
-21075.4	10428.4	0
-21035.9	10396.5	0
-21082.4	10367.3	0
-21047.3	10340.9	0
-21090.8	10324.7	0
-21111	10281.8	0
-21038.9	10275.6	0
-21174.7	10228.4	0
-21066.7	10226.3	0
-21136.8	10176.5	0
-21143.4	10166.7	0
-21116.4	10135.9	0
-21176.5	10112.6	0
-21129.6	10071.2	0
-21195.8	10073.1	0
-21139.9	10028.8	0
-21214.1	9997.68	0
-21175	9988.85	0
-21189.5	9955.25	0
-21250.2	9922.72	0
-21157.2	9906.59	0
-21274.3	9884.99	0
-21213	9842.87	0
-21237	9835.88	0
-21266.9	9794.45	0
-21241.5	9784.38	0
-21288	9742.19	0
-21236.1	9733.46	0
-21337.3	9696.85	0
-21244	9673.96	0
-21305.2	9644.8	0
-21340.6	9636.53	0
-21262.3	9582.25	0
-21356.7	9577.01	0
-21307.6	9556.71	0
-21351.6	9510.14	0
-21313.2	9494.77	0
-21380.2	9484.4	0
-21343.2	9430.83	0
-21326.9	9425.53	0
-21434.8	9397.9	0
-21306	9360.95	0
-21414.2	9350.17	0
-21388.3	9316.54	0
-21370.6	9294.47	0
-21414.6	9264.91	0
-21392.1	9240.44	0
-21434	9221.52	0
-21377.3	9182.88	0
-21470.9	9171.03	0
-21397.8	9135.93	0
-21432.1	9116.16	0
-21487.9	9081.29	0
-21386	9068.04	0
-21504.7	9034.99	0
-21439.3	9004.49	0
-21470.2	8986.37	0
-21471.1	8952.7	0
-21483.9	8929.52	0
-21485.6	8907.64	0
-21462.4	8868.45	0
-21546.2	8854.39	0
-21449	8825.08	0
-21530.5	8785.32	0
-21524.6	8780.77	0
-21479	8731.53	0
-21562.7	8720.77	0
-21496.4	8687.24	0
-21555	8658.84	0
-21515	8630.41	0
-21563.1	8612.65	0
-21541.4	8575.79	0
-21528.9	8550	0
-21607.9	8526.2	0
-21503.1	8499.73	0
-21608.3	8465.82	0
-21559.1	8444.22	0
-21559.6	8418.47	0
-21610.2	8390.19	0
-21549.7	8351.93	0
-21627.7	8351.3	0
-21551.9	8291.73	0
-21641.7	8289.85	0
-21574.6	8251.25	0
-21609.7	8224.76	0
-21644.2	8199.51	0
-21565.5	8173.37	0
-21674.6	8141.82	0
-21598	8120.87	0
-21642.2	8085.49	0
-21642.3	8063.22	0
-21635.5	8042.13	0
-21656.8	8000.67	0
-21633.6	7982.69	0
-21692.4	7957.85	0
-21615.3	7930.18	0
-21696.9	7889.66	0
-21673.5	7884.18	0
-21638.8	7847.14	0
-21724.4	7809.65	0
-21653.8	7795.84	0
-21701	7770.92	0
-21681.2	7724.72	0
-21716.6	7715.58	0
-21688.4	7687.9	0
-21691.3	7643.06	0
-21762.9	7632.15	0
-21644.5	7602.36	0
-21772.9	7572.08	0
-21711.8	7539.98	0
-21703.7	7523.69	0
-21767.5	7487.69	0
-21709.4	7462.11	0
-21758.6	7435.1	0
-21726.1	7411.81	0
-21768.5	7382.77	0
-21735	7348.41	0
-21755.3	7332.03	0
-21788.7	7303.91	0
-21710.5	7264.08	0
-21828.7	7257.33	0
-21727.6	7205.97	0
-21785.9	7202.62	0
-21796.8	7161.96	0
-21757.3	7134.14	0
-21808.9	7121.23	0
-21765.5	7070.02	0
-21827.5	7069.99	0
-21752	7021.03	0
-21830.6	7008.09	0
-21801.1	6970.41	0
-21775.2	6953.03	0
-21849.6	6918.46	0
-21775.1	6899.82	0
-21831.5	6861.01	0
-21817.5	6848.38	0
-21809.3	6816.17	0
-21834.9	6786	0
-21811.5	6758.46	0
-21849.8	6745.13	0
-21794.6	6708.58	0
-21871.6	6673.6	0
-21812.5	6670.67	0
-21826.6	6624.07	0
-21884	6602.53	0
-21781.5	6583.14	0
-21889.5	6554.8	0
-21823.2	6519.13	0
-21848	6507.03	0
-21856.3	6477.84	0
-21835.9	6447.91	0
-21871.9	6422.63	0
-21820.1	6407.32	0
-21895.2	6369.66	0
-21816.3	6344.92	0
-21874.6	6322.93	0
-21874.1	6299.03	0
-21812.3	6271.31	0
-21914.3	6235.86	0
-21823.2	6231.71	0
-21878.7	6182.23	0
-21856.6	6166.37	0
-21872	6147.36	0
-21868.2	6108.02	0
-21838.3	6085.38	0
-21923.1	6070.42	0
-21803.7	6029.34	0
-21910.7	6006.57	0
-21869.3	5990.32	0
-21837.6	5949.53	0
-21913.7	5935.58	0
-21834.8	5901.14	0
-21897	5881.37	0
-21852.3	5849.74	0
-21885.1	5829.53	0
-21868.5	5797.38	0
-21855.9	5769.54	0
-21906.4	5756.82	0
-21823.2	5711.4	0
-21909.6	5696.46	0
-21858.1	5671.32	0
-21852.8	5639.18	0
-21906.4	5609.76	0
-21830	5603.78	0
-21906.8	5549.15	0
-21834.9	5538.02	0
-21898.1	5518.92	0
-21848.5	5473.21	0
-21866.7	5458.6	0
-21895.8	5433.84	0
-21816.5	5399.53	0
-21928	5374.93	0
-21814.3	5358.35	0
-21894.4	5314.78	0
-21874.3	5296.37	0
-21830.4	5278.54	0
-21905.6	5231.28	0
-21839.5	5220.27	0
-21884.2	5189.76	0
-21844.3	5157.36	0
-21885.2	5140.05	0
-21866.4	5100.89	0
-21827.3	5082.5	0
-21929.1	5055.28	0
-21802.8	5022.12	0
-21895.3	4996.06	0
-21867.4	4976.41	0
-21838.8	4938.24	0
-21889.2	4919.64	0
-21839.7	4888.71	0
-21886.3	4858.34	0
-21832.3	4834.69	0
-21890.6	4808.91	0
-21843.4	4776.76	0
-21850.3	4749.99	0
-21903.8	4723.75	0
-21794.5	4700.57	0
-21910.2	4663.91	0
-21839.9	4647.21	0
-21842.6	4613.04	0
-21880.8	4588.74	0
-21825.4	4556.89	0
-21882.4	4538.54	0
-21815.8	4498.99	0
-21882.4	4480.99	0
-21827.5	4454.19	0
-21841.8	4417.22	0
-21869.9	4400.45	0
-21794	4371.43	0
-21891	4330.27	0
-21792.1	4332.84	0
-21848.2	4274.26	0
-21848.5	4266.12	0
-21797.2	4231.49	0
-21851.5	4208.53	0
-21798.8	4182.76	0
-21852.2	4142.62	0
-21773.6	4136.65	0
-21850	4091.22	0
-21813.1	4071.5	0
-21764	4044.55	0
-21871.8	4013.35	0
-21747.2	3991.8	0
-21824.3	3956.74	0
-21797.5	3937.79	0
-21773.3	3903.48	0
-21816.4	3876.72	0
-21757.2	3852.74	0
-21817.1	3829.18	0
-21744.1	3790.97	0
-21811.8	3776.12	0
-21758.4	3741.83	0
-21749	3718.72	0
-21822.4	3686.87	0
-21698	3664.65	0
-21806.1	3635.37	0
-21742.7	3614.82	0
-21744.2	3578.54	0
-21764.5	3557.26	0
-21729.3	3533.02	0
-21764.8	3502.41	0
-21703.5	3471.7	0
-21773.7	3460.3	0
-21705.4	3414.18	0
-21721	3394.05	0
-21763.1	3378.55	0
-21653.3	3338.04	0
-21777	3311.46	0
-21682	3291.79	0
-21695.2	3268.16	0
-21736.8	3224.59	0
-21660.2	3217.51	0
-21726.5	3181.34	0
-21657.8	3154.34	0
-21718.7	3132.2	0
-21647.8	3102.48	0
-21685.3	3078.48	0
-21692.5	3043.17	0
-21613.6	3037.4	0
-21715.6	2985.24	0
-21620	2976.52	0
-21655.6	2944.7	0
-21663.1	2915.93	0
-21609.5	2897.47	0
-21662.7	2865.7	0
-21602.2	2832.34	0
-21657	2817.28	0
-21584.1	2790.81	0
-21636.4	2754.8	0
-21610.5	2735.81	0
-21571.3	2707.55	0
-21642.1	2688.15	0
-21548.8	2637.48	0
-21605.3	2651.39	0
-21585.1	2588.58	0
-21547.8	2573.05	0
-21597.8	2561.29	0
-21531.4	2514.99	0
-21582.4	2496.5	0
-21521.5	2468.42	0
-21570.5	2451.16	0
-21521.3	2407.82	0
-21516.1	2392.78	0
-21575.2	2368.92	0
-21457.7	2324.5	0
-21552	2321.47	0
-21505.5	2279.09	0
-21472	2258.29	0
-21535.2	2234.28	0
-21458.3	2200.03	0
-21501.7	2189.9	0
-21460.7	2142.92	0
-21493.7	2132.6	0
-21441.4	2100.73	0
-21463.1	2073.64	0
-21478.9	2055.12	0
-21391.6	2020.5	0
-21499.3	1991.2	0
-21399.9	1977.42	0
-21420.6	1946.74	0
-21453.6	1911.7	0
-21373.1	1899.87	0
-21443.2	1859.81	0
-21375.3	1837.52	0
-21411.7	1820.42	0
-21377.9	1778.15	0
-21380	1763.51	0
-21390.7	1732.48	0
-21335.6	1703.06	0
-21403.1	1683.85	0
-21319.4	1648.16	0
-21360	1626.22	0
-21358.8	1598.57	0
-21289.8	1571.96	0
-21377.9	1541.08	0
-21272.8	1524.41	0
-21343.5	1476.63	0
-21287.3	1472.65	0
-21298.3	1434.74	0
-21304.3	1400.64	0
-21251.6	1385.06	0
-21317.6	1356.15	0
-21223.8	1321.46	0
-21288.7	1299.1	0
-21254.2	1278.27	0
-21212.2	1232.72	0
-21287.4	1219.61	0
-21186.8	1194.99	0
-21242.2	1155.78	0
-21212.3	1135.22	0
-21199.5	1106.96	0
-21215.7	1076.4	0
-21159.8	1060.61	0
-21227.5	1014.99	0
-21132.1	999.983	0
-21194.6	980.04	0
-21159.8	930.762	0
-21124.9	923.749	0
-21189	891.792	0
-21090.2	859.192	0
-21157.5	833.922	0
-21120.3	812.321	0
-21090	788.412	0
-21128.7	744.662	0
-21085.7	730.866	0
-21094.1	713.692	0
-21056.4	663.712	0
-21111	648.922	0
-21026.3	630.671	0
-21054.9	585.912	0
-21089.3	570.448	0
-20969.8	542.517	0
-21080.7	516.279	0
-21004	481.882	0
-20994.9	455.929	0
-21032.6	442.576	0
-20962.7	398.935	0
-21014.4	375.941	0
-20945	350.887	0
-20992.6	325.641	0
-20945.2	295.657	0
-20934.8	266.334	0
-20981	246.631	0
-20871.6	212.535	0
-20975.7	186.264	0
-20878.4	162.852	0
-20902.9	137.267	0
-20925.6	97.6929	0
-20832.7	86.0185	0
-20924.6	51.2829	0
-20830.2	16.206	0
-20871.2	9.30885	0
-20835.7	-44.7347	0
-20838.9	-53.9681	0
-20837.7	-82.953	0
-20774.9	-116.796	0
-20861.8	-136.685	0
-20751.5	-179.039	0
-20792.3	-185.548	0
-20798.7	-230.753	0
-20720.5	-253.753	0
-20797.3	-274.643	0
-20713.5	-306.544	0
-20740.1	-347.003	0
-20728	-352.987	0
-20693.3	-383.003	0
-20717.8	-438.152	0
-20662.4	-429.034	0
-20718.5	-482.078	0
-20619.2	-495.875	0
-20676.1	-532.087	0
-20660.3	-551.759	0
-20580.4	-587.391	0
-20676.2	-604.262	0
-20561.7	-642.746	0
-20614.2	-658.555	0
-20588.6	-691.622	0
-20542.7	-722.683	0
-20601.6	-742.785	0
-20504.1	-767.33	0
-20568.3	-798.224	0
-20501.4	-829.33	0
-20529.1	-846.427	0
-20499.5	-873.093	0
-20459.4	-911.535	0
-20532.9	-921.389	0
-20407.6	-962.447	0
-20481.4	-978.764	0
-20456.5	-1009.35	0
-20382.8	-1041.37	0
-20470.4	-1050.25	0
-20367.6	-1096.5	0
-20417	-1118.5	0
-20372.4	-1134.75	0
-20363.8	-1163.38	0
-20378.3	-1203.63	0
-20315.5	-1216.69	0
-20373.2	-1243.46	0
-20280.6	-1273.9	0
-20338.2	-1300.95	0
-20291.2	-1322.94	0
-20261.6	-1351.3	0
-20323	-1378.34	0
-20200.9	-1406.45	0
-20288.6	-1426.04	0
-20225.8	-1448.92	0
-20206.3	-1500.24	0
-20237.4	-1496.85	0
-20169.7	-1531.01	0
-20213.9	-1572.94	0
-20136.3	-1576.06	0
-20202.8	-1616.3	0
-20133.2	-1643.9	0
-20107.5	-1658.58	0
-20189.7	-1697.22	0
-20043	-1711.69	0
-20146.1	-1747.95	0
-20079.9	-1773.9	0
-20059.6	-1789.36	0
-20091.9	-1819.87	0
-20024.8	-1855.03	0
-20059.8	-1874.25	0
-20013.3	-1899.34	0
-20023	-1930.41	0
-19992	-1949.8	0
-19983.3	-1989.84	0
-20006.2	-1999.36	0
-19909.2	-2039.99	0
-20004.1	-2057.45	0
-19906.8	-2088.04	0
-19916.9	-2107.47	0
-19952.4	-2141.67	0
-19844.7	-2170.81	0
-19934	-2180.77	0
-19848.3	-2215.21	0
-19859.1	-2251.81	0
-19871.3	-2268.28	0
-19807.7	-2284.9	0
-19855.1	-2332.06	0
-19770.5	-2343.29	0
-19843.9	-2367.63	0
-19754.6	-2404.5	0
-19770.2	-2430.7	0
-19801.4	-2446.69	0
-19682.6	-2477.6	0
-19794.4	-2505.66	0
-19687.9	-2531.3	0
-19704.4	-2565.49	0
-19730.5	-2577.21	0
-19629.6	-2611.12	0
-19706.7	-2645.89	0
-19631.4	-2661.69	0
-19647.2	-2686.33	0
-19622.5	-2734.41	0
-19599.1	-2739.88	0
-19629.6	-2759.74	0
-19529.7	-2811.73	0
-19621.7	-2830.94	0
-19524.5	-2846.36	0
-19536.4	-2875.32	0
-19561.4	-2915.82	0
-19447	-2934.3	0
-19574.3	-2954.92	0
-19431.2	-2995.7	0
-19468.4	-3023	0
-19492.7	-3029	0
-19393.8	-3076.78	0
-19452.6	-3100.21	0
-19391.5	-3126.39	0
-19419.7	-3148.51	0
-19347.5	-3179.22	0
-19372.9	-3211.46	0
-19374.9	-3226	0
-19281.5	-3266.28	0
-19375	-3287.34	0
-19256.6	-3314	0
-19306.4	-3338.79	0
-19286	-3371.87	0
-19212.1	-3398.2	0
-19291.3	-3423.44	0
-19187.9	-3452.61	0
-19221.6	-3471.83	0
-19196.6	-3510.95	0
-19159.3	-3530.02	0
-19187.7	-3564.99	0
-19102.5	-3582.88	0
-19171.3	-3614.79	0
-19074.4	-3645.91	0
-19107.5	-3665.72	0
-19098	-3698.76	0
-19011.1	-3724.46	0
-19106.9	-3753.27	0
-18981.9	-3772.23	0
-19016.2	-3805.74	0
-19028.8	-3847.56	0
-18931.9	-3852.53	0
-18992.9	-3885.32	0
-18922.4	-3928.76	0
-18948.1	-3937.38	0
-18890.3	-3969.29	0
-18893.8	-4011.1	0
-18903.3	-4020.94	0
-18813	-4053.91	0
-18891	-4081.74	0
-18783.4	-4113.64	0
-18833.2	-4144.81	0
-18804.2	-4154	0
-18720.2	-4204.13	0
-18826.1	-4216.97	0
-18699.2	-4254.92	0
-18725.4	-4271.02	0
-18726	-4309.97	0
-18671.9	-4334.27	0
-18684.8	-4349.91	0
-18630	-4396.69	0
-18669.1	-4412.81	0
-18597.5	-4443.96	0
-18603.2	-4474.88	0
-18603.3	-4488.98	0
-18528.1	-4533.9	0
-18609.2	-4552.37	0
-18473.2	-4579.33	0
-18546.9	-4613.26	0
-18517	-4636.61	0
-18423.5	-4663.24	0
-18520.1	-4690.44	0
-18413.7	-4728.32	0
-18440	-4744.74	0
-18406.9	-4775.6	0
-18388.6	-4801.81	0
-18394.8	-4831.67	0
-18325.1	-4856.67	0
-18380.1	-4894.63	0
-18294.1	-4904.12	0
-18317	-4946.15	0
-18303.9	-4972.8	0
-18218.3	-4984.69	0
-18330.8	-5026.67	0
-18169.2	-5059.3	0
-18239	-5067.82	0
-18222.8	-5097.71	0
-18131.7	-5142.22	0
-18211.5	-5154.17	0
-18106.5	-5177.35	0
-18150.9	-5222.6	0
-18095.6	-5235.79	0
-18081.5	-5260.64	0
-18093.1	-5293.66	0
-18014.9	-5323.77	0
-18079.2	-5344.04	0
-17967.2	-5370.24	0
-18016.6	-5401.18	0
-17995.6	-5425.61	0
-17893.1	-5450.54	0
-18009.4	-5480.69	0
-17869.8	-5509.41	0
-17910.3	-5530.19	0
-17895	-5555.3	0
-17824.5	-5588.59	0
-17890.7	-5613.96	0
-17776.8	-5636.1	0
-17832.5	-5669.6	0
-17778	-5692.99	0
-17757.6	-5706.85	0
-17764.8	-5757.14	0
-17696	-5768.74	0
-17760.7	-5798.74	0
-17639.6	-5825.59	0
-17692.4	-5854.27	0
-17674.4	-5873.67	0
-17584.4	-5904.3	0
-17666.8	-5937.88	0
-17564.8	-5958.16	0
-17586.5	-5981.51	0
-17579.3	-6015.78	0
-17497.6	-6036.94	0
-17577.1	-6068.03	0
-17460.3	-6095.11	0
-17512.7	-6124.35	0
-17457.9	-6147.08	0
-17447.5	-6172.83	0
-17449.6	-6200.71	0
-17370.7	-6230.49	0
-17449.1	-6252.21	0
-17331.3	-6282.8	0
-17369.4	-6307.91	0
-17357.1	-6323.71	0
-17272.8	-6365.29	0
-17351.7	-6386.38	0
-17241.6	-6407.96	0
-17272.8	-6437.19	0
-17256.3	-6470.19	0
-17187.3	-6477.47	0
-17243.2	-6516.89	0
-17144.2	-6551.28	0
-17206.7	-6559.27	0
-17110.8	-6593.37	0
-17141.2	-6622.91	0
-17126.9	-6646.79	0
-17034.3	-6666.48	0
-17135.2	-6701.9	0
-17004.6	-6731.54	0
-17031.9	-6743.8	0
-17051.5	-6778.28	0
-16923.4	-6801.45	0
-17041.5	-6836.3	0
-16902.2	-6850.62	0
-16950.1	-6885.71	0
-16930.3	-6913.58	0
-16858.7	-6928.14	0
-16906.4	-6963.44	0
-16834.4	-6988.64	0
-16851.8	-7015.85	0
-16803.8	-7046.75	0
-16796.5	-7060.94	0
-16804.6	-7104.63	0
-16705.4	-7111.88	0
-16798.6	-7157	0
-16682.6	-7175.55	0
-16707.7	-7202.97	0
-16720.9	-7234.2	0
-16601.9	-7251.53	0
-16706.6	-7288.33	0
-16599.4	-7309.09	0
-16605.8	-7340.23	0
-16624	-7372.44	0
-16531	-7384.7	0
-16599.2	-7419.96	0
-16493.6	-7449.24	0
-16549.3	-7469.22	0
-16490.7	-7501.2	0
-16465.7	-7534	0
-16500.2	-7547.14	0
-16385.2	-7579.15	0
-16481.8	-7607.06	0
-16371.7	-7633.18	0
-16383.8	-7659.23	0
-16413.5	-7690.14	0
-16284.1	-7709.16	0
-16389.8	-7734.41	0
-16284.1	-7767.96	0
-16282	-7787.43	0
-16316.3	-7808.96	0
-16209.6	-7858.69	0
-16274.2	-7853	0
-16193.7	-7895.8	0
-16215.5	-7917.07	0
-16172.4	-7948.46	0
-16155.6	-7962.58	0
-16179.4	-8004.54	0
-16071.5	-8019.42	0
-16159.5	-8047.89	0
-16057.8	-8067.67	0
-16063.6	-8098.13	0
-16093.5	-8135.45	0
-15969.4	-8142.82	0
-16070.1	-8180.28	0
-15969.4	-8209	0
-15953.6	-8219.79	0
-16011	-8255.72	0
-15874.8	-8289.45	0
-15967	-8302.56	0
-15875.1	-8338.52	0
-15881.3	-8366.23	0
-15869.8	-8367.49	0
-15826	-8432.67	0
-15842.1	-8425.92	0
-15771.5	-8466.08	0
-15821.3	-8499.07	0
-15741.7	-8511.13	0
-15730.2	-8535.65	0
-15778.2	-8575.21	0
-15639	-8587.3	0
-15735.2	-8619.37	0
-15663.9	-8649.87	0
-15615	-8662.64	0
-15686.3	-8699.22	0
-15553.4	-8716.01	0
-15622.8	-8742.37	0
-15570.5	-8766.5	0
-15533.2	-8804.85	0
-15555.3	-8820.89	0
-15495.2	-8832.03	0
-15510.7	-8883.56	0
-15447	-8894.2	0
-15474.9	-8904.56	0
-15432	-8959.37	0
-15383.9	-8976.09	0
-15461.7	-8987.47	0
-15294	-9013.22	0
-15412.2	-9057.89	0
-15332.4	-9064.09	0
-15275.2	-9089.04	0
-15357.1	-9126.65	0
-15235.6	-9155.7	0
-15275.8	-9154	0
-15249.7	-9201.33	0
-15181.6	-9217	0
-15254.8	-9245.86	0
-15131.1	-9267.15	0
-15193.9	-9296.47	0
-15125.6	-9322.88	0
-15136.2	-9343.51	0
-15097.9	-9355.34	0
-15047.6	-9400.07	0
-15133.3	-9423.86	0
-14973.8	-9430.68	0
-15052.2	-9477.47	0
-15023.3	-9490.21	0
-14936.9	-9516.73	0
-15011.9	-9533.4	0
-14899	-9570.3	0
-14945.5	-9592.25	0
-14920.2	-9620.41	0
-14836.3	-9633.31	0
-14908.9	-9670.04	0
-14814.2	-9689.97	0
-14829.8	-9706.77	0
-14793.9	-9742	0
-14781.3	-9760.98	0
-14780.1	-9800.51	0
-14701.4	-9806.26	0
-14760.1	-9830.46	0
-14668.2	-9877.15	0
-14689.7	-9883.5	0
-14678.5	-9899.39	0
-14584.9	-9954.3	0
-14690	-9967.25	0
-14556.4	-9984.12	0
-14570.8	-10011.8	0
-14604.5	-10042.5	0
-14481	-10070	0
-14568.9	-10077.8	0
-14466.1	-10123.5	0
-14488.8	-10150.4	0
-14481.6	-10162.9	0
-14395.6	-10194	0
-14459.8	-10210.8	0
-14365.2	-10257.7	0
-14403.4	-10266.6	0
-14339.9	-10285.1	0
-14338.8	-10338.6	0
-14349.8	-10351	0
-14233.7	-10357.2	0
-14338.6	-10399.4	0
-14218.6	-10432.2	0
-14229.6	-10443.4	0
-14262.5	-10468.2	0
-14130	-10510.4	0
-14227.7	-10518.8	0
-14138.3	-10552.8	0
-14105.2	-10557.8	0
-14159.4	-10605	0
-14050.3	-10628	0
-14100.7	-10640.1	0
-14033.1	-10670.1	0
-14040.1	-10708.3	0
-14017.2	-10715.9	0
-13953.8	-10733.8	0
-14014	-10777.2	0
-13900.3	-10796	0
-13955.3	-10814.6	0
-13901.9	-10844.8	0
-13858.1	-10878.1	0
-13914.7	-10888.4	0
-13779.9	-10907.4	0
-13854.3	-10952.1	0
-13802.8	-10963.5	0
-13742.2	-10985.5	0
-13811.9	-11024	0
-13686.4	-11042.2	0
-13744	-11060.4	0
-13695.3	-11090	0
-13642.6	-11108	0
-13691.8	-11142.4	0
-13600.1	-11155.9	0
-13631.5	-11197.2	0
-13581.1	-11211.1	0
-13570.7	-11235.3	0
-13563.8	-11263.7	0
-13482	-11278.7	0
-13566	-11311.1	0
-13433.3	-11341.4	0
-13489.6	-11351.9	0
-13453.6	-11395.2	0
-13380.3	-11410.9	0
-13460.7	-11430.6	0
-13323.2	-11454.4	0
-13370.3	-11486.3	0
-13370.7	-11510	0
-13253.5	-11526.6	0
-13346.9	-11568.5	0
-13249.3	-11581.4	0
-13250.4	-11609.8	0
-13248.5	-11631.1	0
-13172.6	-11656	0
-13234.4	-11679.8	0
-13121.4	-11715.9	0
-13178.4	-11726.9	0
-13113.5	-11765.1	0
-13095.8	-11783.9	0
-13115.2	-11811.2	0
-13009.7	-11818.5	0
-13097.4	-11865.3	0
-12979.1	-11881.5	0
-13006.3	-11908.2	0
-13020.3	-11926	0
-12887.7	-11979.4	0
-13009.5	-11972.1	0
-12886.1	-12006.1	0
-12868.3	-12034.9	0
-12935.3	-12055.2	0
-12790.2	-12079.4	0
-12873.9	-12109.2	0
-12801.8	-12131.2	0
-12775.5	-12164.6	0
-12797.8	-12174.3	0
-12712.1	-12207.2	0
-12758.4	-12221.5	0
-12657.9	-12262.9	0
-12727.7	-12270.8	0
-12635.2	-12306	0
-12622.8	-12334	0
-12667.2	-12359.2	0
-12538.4	-12373.7	0
-12606.9	-12399.9	0
-12545.6	-12431.2	0
-12492.9	-12451.3	0
-12569.4	-12462.1	0
-12419.7	-12522.2	0
-12491.3	-12522.4	0
-12467.5	-12550	0
-12355.5	-12580.8	0
-12454.2	-12602.9	0
-12324.1	-12616.8	0
-12374.2	-12655.7	0
-12319.3	-12670.3	0
-12291.9	-12705.5	0
-12303.1	-12721.3	0
-12233	-12762.1	0
-12261.8	-12770.2	0
-12182	-12798.4	0
-12194.3	-12827.3	0
-12188.1	-12844.2	0
-12085.2	-12872.3	0
-12179	-12905.4	0
-12053.4	-12923.5	0
-12084.3	-12953.5	0
-12076	-12983	0
-11967.3	-12989.7	0
-12065	-13031.5	0
-11942.1	-13042.3	0
-11949.2	-13079	0
-11971.6	-13091.5	0
-11861.4	-13136.3	0
-11935.7	-13148	0
-11836.9	-13172.9	0
-11844.6	-13208.4	0
-11838.1	-13213.6	0
-11757.7	-13252.2	0
-11808.1	-13273.5	0
-11716.4	-13287.4	0
-11747.7	-13338.2	0
-11699.4	-13351	0
-11663.8	-13373.8	0
-11695.4	-13406.9	0
-11583.3	-13427.8	0
-11659.2	-13447.6	0
-11560.6	-13477.7	0
-11541.7	-13499.4	0
-11603.8	-13536	0
-11451	-13555	0
-11536.2	-13582.9	0
-11473.9	-13614.4	0
-11416.8	-13639.8	0
-11478.9	-13656.6	0
-11336.4	-13683.3	0
-11422	-13711.4	0
-11359.3	-13742.3	0
-11278.6	-13757.9	0
-11365.2	-13793.3	0
-11255.2	-13827.7	0
-11278.7	-13843.8	0
-11209	-13866.5	0
-11234.1	-13899.7	0
-11200.4	-13920.7	0
-11111.4	-13942.2	0
-11198.3	-13969.3	0
-11074.7	-14008	0
-11110.4	-14017.6	0
-11085.8	-14061.3	0
-10987.6	-14083.3	0
-11101.6	-14101.7	0
-10944.2	-14138.1	0
-10960.3	-14152.3	0
-10994.6	-14177.2	0
-10868.9	-14208	0
-10937.7	-14238.4	0
-10844.5	-14253.9	0
-10862.4	-14293.3	0
-10847.7	-14323.5	0
-10755.5	-14336.2	0
-10816.7	-14362.1	0
-10733.1	-14405.9	0
-10725.5	-14403.1	0
-10707.5	-14439.5	0
-10651.8	-14480.1	0
-10693.5	-14486.4	0
-10588.5	-14523.9	0
-10628.2	-14556.2	0
-10579.3	-14576.8	0
-10533.2	-14604.3	0
-10580	-14620	0
-10434.9	-14657.9	0
-10529.2	-14672.6	0
-10456.2	-14692.6	0
-10372.8	-14734	0
-10483.5	-14749.6	0
-10320.4	-14783.5	0
-10385	-14804	0
-10351.2	-14833.5	0
-10258.2	-14860.5	0
-10343.6	-14882.1	0
-10211.1	-14893.3	0
-10253.8	-14931.9	0
-10204.6	-14962.1	0
-10170.5	-14967.2	0
-10184.2	-15011.4	0
-10106	-15036.3	0
-10133.9	-15069.5	0
-10079.2	-15077	0
-10060.4	-15116.8	0
-10057.3	-15140.1	0
-9964.02	-15159.8	0
-10041.9	-15177.4	0
-9924.17	-15209.9	0
-9922.75	-15239.4	0
-9960.27	-15259.8	0
-9820.49	-15285	0
-9918.53	-15318.7	0
-9810.61	-15350.3	0
-9790.86	-15361	0
-9848.38	-15387.8	0
-9688.05	-15427.4	0
-9773.05	-15428.9	0
-9700.34	-15465	0
-9662.15	-15477.9	0
-9689.15	-15525.1	0
-9588.63	-15533	0
-9646.41	-15568.6	0
-9562.4	-15600.3	0
-9554.33	-15615.6	0
-9548.28	-15652.4	0
-9478.71	-15669.5	0
-9517.55	-15683.6	0
-9409.32	-15719.1	0
-9441.41	-15743.2	0
-9423.16	-15746.4	0
-9323.16	-15785.9	0
-9404.16	-15818.2	0
-9279.19	-15832.3	0
-9325.7	-15860.8	0
-9291.13	-15891.8	0
-9195.05	-15911.2	0
-9289.66	-15935.8	0
-9159.34	-15956.7	0
-9172.26	-15978.4	0
-9168.23	-15993.8	0
-9072.75	-16036.9	0
-9148.65	-16031.8	0
-9027.33	-16073	0
-9037.84	-16104.9	0
-9054.55	-16124.6	0
-8961.59	-16147.6	0
-8994.04	-16176.1	0
-8914.91	-16207.2	0
-8953.23	-16226.6	0
-8876.84	-16233.5	0
-8840.04	-16281.1	0
-8884.46	-16287.6	0
-8767.41	-16311.3	0
-8806.01	-16331.9	0
-8759.25	-16363.8	0
-8704.21	-16395.7	0
-8765.78	-16398.1	0
-8622.42	-16449.3	0
-8700.56	-16465.5	0
-8637.17	-16487.6	0
-8563.27	-16521.4	0
-8652.45	-16531.3	0
-8492.78	-16563.9	0
-8549.27	-16577.4	0
-8521.03	-16603.2	0
-8417.77	-16625.1	0
-8496.31	-16641.3	0
-8376.75	-16680	0
-8406.12	-16692.5	0
-8375.7	-16718.2	0
-8309.59	-16752.4	0
-8348.01	-16782.9	0
-8262.89	-16791.5	0
-8275.16	-16820	0
-8229.28	-16865	0
-8194.78	-16849.9	0
-8210.98	-16894.4	0
-8096.24	-16912.4	0
-8171.2	-16925	0
-8056.68	-16948.8	0
-8065.69	-16981.2	0
-8070.68	-16981.6	0
-7953.78	-17037.1	0
-8027.61	-17036.9	0
-7955.66	-17072.6	0
-7892	-17097.9	0
-7967.89	-17134.7	0
-7821.49	-17131.8	0
-7889.3	-17186.9	0
-7825.27	-17193.8	0
-7757.31	-17207.9	0
-7827.03	-17246	0
-7690.83	-17253.1	0
-7727.79	-17280.7	0
-7691.5	-17285.2	0
-7627.31	-17332.7	0
-7663.51	-17336.2	0
-7560.82	-17361.8	0
-7604.29	-17386.9	0
-7538.25	-17431.9	0
-7514.4	-17426.6	0
-7527.15	-17467.6	0
-7427.16	-17495.7	0
-7500.39	-17527.9	0
-7385.57	-17530.1	0
-7391.03	-17564	0
-7415.09	-17599.9	0
-7265.5	-17602.2	0
-7372.43	-17617	0
-7250.88	-17655.8	0
-7235.81	-17668.8	0
-7274.02	-17671.9	0
-7127.35	-17715.4	0
-7215.12	-17718.2	0
-7123.4	-17750.9	0
-7083.15	-17778.6	0
-7140.54	-17777.9	0
-6994.19	-17830.6	0
-7070.4	-17852.5	0
-7006.09	-17854.1	0
-6943.69	-17906.1	0
-6998.83	-17926.2	0
-6887.71	-17941.4	0
-6919.29	-17972.4	0
-6867.03	-17996.9	0
-6832.15	-18013	0
-6838.68	-18040.8	0
-6754.3	-18054.6	0
-6778.34	-18076.3	0
-6717.46	-18102.4	0
-6679.17	-18106.2	0
-6704.01	-18139.7	0
-6570.31	-18143.6	0
-6669.5	-18171.1	0
-6525.42	-18185.8	0
-6549.29	-18209.2	0
-6548.19	-18222.4	0
-6420.2	-18244.4	0
-6524.55	-18280	0
-6382.11	-18279.2	0
-6390.37	-18318	0
-6438.11	-18340.8	0
-6257.61	-18367.2	0
-6375.17	-18386.5	0
-6287.15	-18409.1	0
-6230.99	-18452.9	0
-6280.19	-18461.3	0
-6171.8	-18497.6	0
-6214.61	-18516.4	0
-6154.25	-18554.3	0
-6102.33	-18576.5	0
-6158.57	-18586.2	0
-6034.45	-18638	0
-6076.94	-18648.6	0
-6017.7	-18675.7	0
-5995.24	-18697.9	0
-5992.87	-18727.4	0
-5899.32	-18751	0
-5967.03	-18770.3	0
-5852.25	-18792.9	0
-5854.77	-18821.1	0
-5871.09	-18845	0
-5744.8	-18861.1	0
-5822.98	-18887.4	0
-5722.95	-18904.3	0
-5699.71	-18944.2	0
-5738.55	-18932.6	0
-5594.4	-18985.6	0
-5675.19	-18993.6	0
-5593.19	-19015.3	0
-5535.97	-19036.3	0
-5609.99	-19065.1	0
-5437.52	-19065.3	0
-5530.85	-19117.2	0
-5462.19	-19109.4	0
-5372.86	-19146.8	0
-5445.3	-19156.1	0
-5343.6	-19201.1	0
-5341.25	-19187.2	0
-5301.04	-19234.2	0
-5265.91	-19238.6	0
-5284.76	-19277.1	0
-5167.41	-19282.2	0
-5211.58	-19309	0
-5160.04	-19329	0
-5109.9	-19355.1	0
-5118.8	-19366	0
-5030.02	-19393.9	0
-5080.78	-19410.1	0
-4980.85	-19439.7	0
-4964.75	-19449.4	0
-4989.33	-19472.3	0
-4863.54	-19503.9	0
-4927.21	-19509.1	0
-4842.69	-19546.4	0
-4802.75	-19552.4	0
-4847.74	-19577.7	0
-4709.95	-19611.5	0
-4772.01	-19611.4	0
-4704.06	-19645	0
-4637.79	-19663.9	0
-4712.24	-19684	0
-4554.24	-19706.5	0
-4602.27	-19715.2	0
-4589.48	-19758.3	0
-4464.09	-19762.1	0
-4553.14	-19781.1	0
-4423.88	-19817.2	0
-4444.84	-19824.6	0
-4429.8	-19853.3	0
-4324.75	-19864.8	0
-4389.66	-19895	0
-4289.91	-19907.2	0
-4292.36	-19939.6	0
-4262.87	-19944.5	0
-4196.37	-19970.2	0
-4243.13	-20007.8	0
-4116.03	-19993.4	0
-4164.59	-20044.2	0
-4106.27	-20054.9	0
-4043.95	-20066.8	0
-4106.8	-20093.1	0
-3950.43	-20119.3	0
-4025.85	-20131.5	0
-3965.87	-20145.4	0
-3881.52	-20180.5	0
-3958.71	-20195.2	0
-3813.61	-20208	0
-3858.6	-20230.1	0
-3829.83	-20263	0
-3716.27	-20261.8	0
-3816.14	-20303.2	0
-3668.78	-20306.3	0
-3687.32	-20328.9	0
-3702.5	-20360.8	0
-3547.14	-20372.5	0
-3661.97	-20382.9	0
-3537	-20412	0
-3521.37	-20438.3	0
-3540.57	-20440.1	0
-3426.38	-20468.1	0
-3486.58	-20481.1	0
-3400.28	-20510	0
-3365.34	-20523.8	0
-3386.35	-20525	0
-3302.79	-20569.2	0
-3315.96	-20576.6	0
-3243.5	-20587.3	0
-3246.4	-20608.3	0
-3230.12	-20630.5	0
-3128.1	-20655.5	0
-3201.58	-20651.7	0
-3080.59	-20682	0
-3097.83	-20700.7	0
-3090.46	-20722.2	0
-2968.96	-20725.4	0
-3060.45	-20753.2	0
-2947.03	-20763	0
-2928.25	-20800.3	0
-2950.54	-20793.2	0
-2819.73	-20816.9	0
-2925.47	-20843.2	0
-2782.26	-20867.5	0
-2771.13	-20858.9	0
-2831.35	-20890.1	0
-2663.44	-20920.3	0
-2747.14	-20927.3	0
-2673.68	-20933.1	0
-2601.73	-20972.9	0
-2688.53	-20977.2	0
-2527.79	-21000.1	0
-2571.67	-21009	0
-2554.79	-21038.1	0
-2458.63	-21045.5	0
-2514.5	-21068	0
-2396.51	-21087.2	0
-2433.69	-21090.3	0
-2401.89	-21122.2	0
-2309.46	-21141.6	0
-2355.38	-21137.3	0
-2279.19	-21166.8	0
-2277.05	-21191.7	0
-2229.46	-21195.7	0
-2185.93	-21210.1	0
-2223.28	-21238.9	0
-2096.82	-21249.4	0
-2152.42	-21259.1	0
-2082.68	-21286.4	0
-2028.67	-21290	0
-2086.91	-21315.9	0
-1944.09	-21327.6	0
-1992.87	-21339.4	0
-1957.04	-21364.4	0
-1862	-21364.1	0
-1951.29	-21401.3	0
-1784.07	-21398.2	0
-1849.48	-21426.6	0
-1821.56	-21428.6	0
-1692.36	-21456.9	0
-1801.22	-21468.3	0
-1662.24	-21481	0
-1668.65	-21490	0
-1689.12	-21522.4	0
-1543.36	-21522.5	0
-1636.47	-21536.4	0
-1536.66	-21559.9	0
-1501.13	-21571	0
-1530.9	-21578.6	0
-1412.19	-21605.8	0
-1470.29	-21607.6	0
-1387.44	-21627.1	0
-1342.65	-21650.4	0
-1379.63	-21646.9	0
-1267.74	-21674.8	0
-1298.95	-21688.7	0
-1240.67	-21687.6	0
-1189.41	-21729.3	0
-1225.16	-21711.4	0
-1109.87	-21752.8	0
-1146.58	-21751.3	0
-1074.66	-21767.2	0
-1059.28	-21786.3	0
-1051.27	-21794.3	0
-944.642	-21818.8	0
-1015.98	-21810.6	0
-911.181	-21850.8	0
-876.67	-21844.9	0
-937.219	-21867	0
-759.97	-21873.7	0
-859.005	-21903.4	0
-779.61	-21898.4	0
-696.023	-21916.2	0
-788.501	-21940.3	0
-613.323	-21949.4	0
-691.877	-21948.2	0
-641.427	-21978.1	0
-514.924	-21990.9	0
-650.904	-21997.2	0
-475.433	-22009.5	0
-494.52	-22029.7	0
-510.827	-22041.4	0
-375.556	-22051.3	0
-459.417	-22062.6	0
-346.829	-22081.9	0
-330.272	-22085	0
-355.378	-22113.8	0
-225.157	-22101.8	0
-295.995	-22139.3	0
-203.721	-22133.8	0
-155.357	-22154	0
-217.491	-22165.1	0
-67.2519	-22179.6	0
-120.955	-22179.3	0
-60.216	-22215.6	0
-8.30903	-22204	0
-37.5092	-22229	0
71.8339	-22237.9	0
49.9654	-22248.3	0
90.3956	-22266.3	0
143.214	-22270.7	0
130.456	-22274.1	0
241.58	-22315.2	0
173.743	-22300.5	0
264.572	-22307.5	0
318.503	-22347.3	0
271.4	-22337.3	0
396.924	-22345.8	0
340.972	-22374.1	0
431.005	-22362.2	0
480.561	-22391.2	0
408.514	-22399.4	0
571.011	-22400.2	0
524.244	-22414	0
557.727	-22433.1	0
653.634	-22437.7	0
566.749	-22448.2	0
740.138	-22453.7	0
679.857	-22480	0
688.878	-22479.4	0
845.405	-22481.3	0
726.986	-22511.5	0
859.159	-22514.3	0
878.461	-22508.5	0
826.412	-22545.8	0
1002.53	-22536.6	0
899.733	-22555.9	0
994.736	-22552.6	0
1043.48	-22586	0
1003.98	-22574	0
1131.73	-22593.7	0
1072.6	-22599.5	0
1153.74	-22618.7	0
1210.43	-22625.9	0
1153.96	-22615.2	0
1280.66	-22654.5	0
1260.43	-22660.4	0
1291.17	-22648.4	0
1367.99	-22665.2	0
1324.45	-22695.5	0
1441.41	-22696.5	0
1406.54	-22679.2	0
1459.68	-22710.2	0
1523.17	-22732.1	0
1485.2	-22721.1	0
1598.08	-22723.2	0
1569.09	-22753.5	0
1609.29	-22752.9	0
1696.01	-22762.3	0
1630.47	-22766.7	0
1768.66	-22777.2	0
1719.89	-22796.1	0
1769.05	-22787.8	0
1878.39	-22801.5	0
1757.81	-22823.9	0
1931.68	-22809.9	0
1916.64	-22827.7	0
1892.48	-22847	0
2035.82	-22832.7	0
1945.18	-22850.2	0
2064.73	-22873.9	0
2100.65	-22856.2	0
2019.23	-22871.3	0
2214.01	-22891.3	0
2122.13	-22885.9	0
2197.43	-22898.2	0
2256.38	-22905.4	0
2206.37	-22914.9	0
2352.18	-22913.8	0
2298.57	-22940.5	0
2326.12	-22935	0
2454.2	-22928.1	0
2358.9	-22974.8	0
2485.25	-22949.2	0
2490.33	-22962.4	0
2475.45	-22981.2	0
2604.59	-22985	0
2538.18	-22980.3	0
2631.16	-23004	0
2660.71	-23000.3	0
2634.6	-23005.5	0
2766.35	-23031.8	0
2707.22	-23008.2	0
2781.5	-23034.4	0
2818.46	-23038.2	0
2822.02	-23044.9	0
2905.83	-23039.6	0
2855.47	-23062.8	0
2966.36	-23054.3	0
2979.64	-23073.6	0
2944.6	-23063.1	0
3088.37	-23085.9	0
3020.12	-23080.4	0
3107.52	-23087.2	0
3136.85	-23102.7	0
3116.99	-23090.5	0
3241.23	-23111.5	0
3173.81	-23107.3	0
3256.39	-23119.5	0
3326.99	-23114.9	0
3231.35	-23129.2	0
3422.19	-23127.9	0
3341.78	-23138.2	0
3391.8	-23138.8	0
3492.87	-23138.9	0
3401.56	-23160.3	0
3560.8	-23151.8	0
3518.79	-23153.7	0
3522.85	-23169.8	0
3675.82	-23166.9	0
3560.45	-23179.1	0
3683.12	-23169	0
3725.37	-23184.8	0
3656.21	-23189.8	0
3828.12	-23192.5	0
3737.53	-23184.5	0
3830.13	-23208.3	0
3885.11	-23207.9	0
3813.73	-23198.3	0
3983.44	-23218.8	0
3918.28	-23216.2	0
3949.74	-23225.9	0
4069.44	-23225.2	0
3993.58	-23225.2	0
4089.5	-23242.4	0
4119.04	-23236.1	0
4100.62	-23245.1	0
4220.72	-23239.4	0
4151.97	-23259.9	0
4257.59	-23242.9	0
4273.37	-23268.5	0
4257.06	-23251.7	0
4371.93	-23271.8	0
4332.4	-23257.5	0
4388.99	-23289	0
4448.4	-23257	0
4410.94	-23287.1	0
4533.71	-23277.3	0
4483.31	-23281.3	0
4553.81	-23285.8	0
4606.06	-23290	0
4581.7	-23287.9	0
4679.25	-23291.1	0
4663.86	-23301.8	0
4707.41	-23297.1	0
4779.27	-23291	0
4731.63	-23311.3	0
4851.7	-23314.2	0
4821.86	-23293.3	0
4870.8	-23310.8	0
4946.38	-23313.5	0
4887.69	-23324.2	0
5012.84	-23300.4	0
5004.02	-23318.4	0
5014.12	-23322.3	0
5122.73	-23320.5	0
5038.36	-23317.7	0
5179.74	-23321.1	0
5191.24	-23322.1	0
5132.16	-23322.7	0
5305.4	-23333.1	0
5224.56	-23314.8	0
5313.71	-23325.4	0
5360.61	-23338.9	0
5292.5	-23326	0
5479.14	-23318.5	0
5395.95	-23331.7	0
5434.93	-23345.2	0
5556.67	-23323	0
5463.54	-23321	0
5614.83	-23343.2	0
5575.22	-23339.2	0
5582.11	-23320.6	0
5742.7	-23339.1	0
5616.83	-23337.3	0
5741.78	-23329	0
5795.49	-23338.3	0
5714.24	-23341.6	0
5894.99	-23323.4	0
5806.84	-23342.2	0
5888.67	-23346.6	0
5953.14	-23317.4	0
5893.39	-23345.7	0
6038.16	-23338.8	0
5991.72	-23330.8	0
6026.77	-23332.4	0
6137.9	-23333.4	0
6055.47	-23343.3	0
6179.27	-23321.7	0
6181.49	-23327.3	0
6180.58	-23342	0
6289.28	-23325.9	0
6239.48	-23315.6	0
6327.02	-23335.1	0
6352.08	-23337.2	0
6335.61	-23307.5	0
6461.53	-23318	0
6400.53	-23338.6	0
6472.02	-23314.4	0
6536.42	-23312.4	0
6488.91	-23321.3	0
6619.4	-23314.7	0
6565.31	-23311.6	0
6627.88	-23319.5	0
6706.07	-23302.5	0
6646.83	-23306.7	0
6759.34	-23322	0
6749.21	-23290.4	0
6783.45	-23306.1	0
6856.25	-23306.4	0
6803.03	-23299.2	0
6931.06	-23295.6	0
6907.33	-23297.1	0
6922.6	-23295	0
7032.68	-23290	0
6954.97	-23295.5	0
7084.71	-23288	0
7068.3	-23283.1	0
7077.86	-23286.3	0
7187.99	-23287.8	0
7123.06	-23281.2	0
7210.64	-23276.1	0
7270.72	-23276.4	0
7192.09	-23279.2	0
7362.27	-23275.1	0
7291.92	-23263.2	0
7346.08	-23271.3	0
7442.84	-23267.6	0
7347.14	-23260.1	0
7511.75	-23256.3	0
7470.47	-23255.4	0
7473.96	-23260.1	0
7617.26	-23243.5	0
7513.28	-23252.4	0
7630.08	-23231.8	0
7677.81	-23251.9	0
7594.71	-23234.7	0
7782.34	-23231.8	0
7683.97	-23230	0
7763.66	-23227.8	0
7854.71	-23230.6	0
7742.02	-23211.5	0
7928.13	-23224.4	0
7870.77	-23210	0
7886.05	-23218.8	0
8032.55	-23195.2	0
7899.7	-23207	0
8062.93	-23205.2	0
8065.03	-23197.7	0
8019.24	-23178.1	0
8177.61	-23198.1	0
8101.31	-23189.9	0
8175.44	-23171.5	0
8239.45	-23179.6	0
8179.98	-23174.2	0
8318.3	-23176.1	0
8274.17	-23160.2	0
8313.1	-23159.8	0
8415.88	-23161.9	0
8325.62	-23163	0
8456.84	-23142.5	0
8473.02	-23148.4	0
8434.42	-23147.2	0
8574.75	-23139.1	0
8500.77	-23144.1	0
8599.81	-23129.7	0
8627.93	-23133	0
8600.56	-23130.4	0
8713.98	-23130	0
8676.07	-23112.5	0
8738.44	-23129	0
8801.79	-23109.2	0
8734.35	-23119.4	0
8882	-23102.2	0
8841.13	-23105	0
8877.3	-23094.7	0
8951.39	-23114.7	0
8906.58	-23073.5	0
9023.69	-23094.9	0
9005.42	-23081.9	0
9014.02	-23085.8	0
9110.62	-23070.2	0
9082.61	-23069.5	0
9147.38	-23068.1	0
9169.66	-23066.7	0
9168.08	-23047.5	0
9275.53	-23063.8	0
9221.94	-23043.3	0
9292.74	-23046	0
9347.84	-23038.8	0
9306.45	-23038.3	0
9427.67	-23016.4	0
9388.9	-23031.3	0
9431.63	-23029	0
9513.91	-23001.9	0
9457.84	-23010.4	0
9570.44	-23001.1	0
9567.09	-23005.5	0
9566.5	-22999.6	0
9676.99	-22960.5	0
9616.35	-23004.8	0
9724.55	-22977.9	0
9716.71	-22962.5	0
9713.16	-22955.1	0
9847.95	-22981.5	0
9767.88	-22944	0
9837.93	-22949.2	0
9914.94	-22929.1	0
9852.88	-22951.1	0
9982.45	-22933.4	0
9934.09	-22912.8	0
9977.55	-22918.5	0
10084.4	-22920.5	0
9989.6	-22910.1	0
10113.4	-22886	0
10124.4	-22900	0
10102.1	-22901.2	0
10232.8	-22873.2	0
10150.7	-22869.8	0
10246.5	-22881.3	0
10304.2	-22862.5	0
10214.4	-22853.3	0
10399.9	-22852.6	0
10312.9	-22858.5	0
10364.1	-22822.1	0
10484.1	-22838.9	0
10358.4	-22833.6	0
10521.2	-22813.8	0
10504.5	-22816.1	0
10487.2	-22801.1	0
10626.7	-22807.8	0
10530.3	-22784.4	0
10639.7	-22789.9	0
10693.9	-22775.8	0
10595.7	-22767.3	0
10774.1	-22776.2	0
10721.9	-22747.8	0
10738.6	-22738.9	0
10858.5	-22751.5	0
10747.5	-22739.9	0
10911.1	-22719.3	0
10890.1	-22717.7	0
10853.3	-22713	0
11014.7	-22715.2	0
10922.8	-22689.2	0
11012.6	-22688.2	0
11058.7	-22691.5	0
10994.8	-22676.3	0
11162.7	-22660.1	0
11071	-22670.3	0
11137.4	-22646.1	0
11236.8	-22640.4	0
11125.2	-22649	0
11279.9	-22621.2	0
11273	-22606.1	0
11243.6	-22619.1	0
11383.3	-22604.1	0
11288.6	-22584.8	0
11411.5	-22578.2	0
11439.3	-22581	0
11348.3	-22563	0
11556.3	-22544.9	0
11460.4	-22558.2	0
11490.5	-22533.6	0
11628.7	-22519	0
11504.7	-22531	0
11655.8	-22510.3	0
11648.9	-22495.7	0
11622.9	-22477.9	0
11760.9	-22510.5	0
11669.3	-22464.4	0
11784.2	-22451.4	0
11813.7	-22460.4	0
11750.8	-22444.7	0
11904.4	-22436	0
11851	-22421	0
11883.5	-22408	0
11987.6	-22405.1	0
11897.1	-22397.7	0
12023	-22381.9	0
12043.8	-22351.6	0
11989.5	-22375.1	0
12133.2	-22359.3	0
12067.3	-22327.8	0
12147.5	-22328	0
12186.5	-22317.4	0
12141	-22315.7	0
12271.3	-22297.3	0
12224.5	-22274.1	0
12262	-22285.5	0
12357.5	-22265.9	0
12275.4	-22253.7	0
12400.1	-22240.3	0
12390.9	-22227.3	0
12386.5	-22237.4	0
12503.2	-22206.7	0
12417.7	-22185.5	0
12528.6	-22203	0
12561.3	-22173.9	0
12506.3	-22161.7	0
12635.7	-22156.3	0
12591.3	-22143.1	0
12640.9	-22133.7	0
12714.7	-22114.1	0
12641	-22105.5	0
12760.3	-22090.2	0
12764.4	-22101.4	0
12743.5	-22052.9	0
12863.4	-22064.6	0
12787.3	-22052.1	0
12878.4	-22030.7	0
12930.2	-22027.2	0
12859.9	-22005.3	0
12988	-22007	0
12960.4	-21987.7	0
12992.6	-21971.1	0
13069.5	-21963.3	0
13006	-21958.1	0
13117	-21932.7	0
13116.4	-21929.4	0
13109.5	-21917.2	0
13212.1	-21905.2	0
13141.9	-21885.1	0
13257.7	-21874.5	0
13261.3	-21868.3	0
13226.4	-21861	0
13352.5	-21823.1	0
13312.4	-21832.6	0
13351	-21812.1	0
13415.6	-21811	0
13370.9	-21774.3	0
13478.1	-21768.5	0
13467.5	-21769	0
13455.3	-21757.5	0
13584.1	-21719.7	0
13501	-21706.3	0
13601	-21722.8	0
13625.4	-21689.4	0
13579.2	-21672.3	0
13715.3	-21659.2	0
13665.1	-21650	0
13705.7	-21643.3	0
13770.9	-21617.3	0
13736.6	-21592.7	0
13824.5	-21604.7	0
13826	-21576.6	0
13812.9	-21564.2	0
13925.6	-21550.4	0
13874.9	-21524.7	0
13940.7	-21517.6	0
13977.7	-21518.7	0
13939.1	-21477.4	0
14064.8	-21470.3	0
14016.3	-21465.9	0
14055.5	-21440.5	0
14130.6	-21428.6	0
14076.1	-21410.4	0
14184.3	-21396.9	0
14175.7	-21384.8	0
14158.3	-21371.3	0
14278.2	-21346.1	0
14233.6	-21336.8	0
14281	-21316.5	0
14333.3	-21314.7	0
14293.2	-21290.3	0
14410.9	-21270.3	0
14374.4	-21261.8	0
14397.1	-21253.4	0
14489.8	-21221.8	0
14424.7	-21211.9	0
14533.6	-21209.7	0
14530.7	-21171.6	0
14511.4	-21173.5	0
14629.1	-21154.7	0
14574.7	-21136.6	0
14646.8	-21122.1	0
14676.5	-21095.2	0
14638.1	-21110.9	0
14761.2	-21070.5	0
14732.9	-21057.9	0
14727.6	-21046.9	0
14844.8	-21036.7	0
14776	-21007.6	0
14866.2	-20997	0
14881.8	-20983.1	0
14855.7	-20967	0
14973.1	-20952.5	0
