-121244	88316.3	0
-22474.7	43754.2	0
-22434.2	43726.5	0
-22402.3	43690.5	0
-22399.4	43672.8	0
-22395.6	43628.6	0
-22358.8	43615.6	0
-22323.9	43574.8	0
-22297.4	43552.6	0
-22308.6	43520.1	0
-22281.5	43491.4	0
-22250.4	43461.4	0
-22207.6	43439.8	0
-22204.5	43396.2	0
-22206.6	43383	0
-22171.1	43349.7	0
-22132.2	43315.6	0
-22113.9	43294.9	0
-22104.8	43259.1	0
-22106.7	43238.6	0
-22053.8	43200.6	0
-22030.9	43178.8	0
-22011.2	43148.9	0
-22012.4	43116.8	0
-21992.4	43096.6	0
-21947.8	43056.2	0
-21922.6	43035.5	0
-21924.7	43005.1	0
-21902.8	42970.6	0
-21888.8	42951.9	0
-21832.3	42913.5	0
-21832.3	42888.4	0
-21818.1	42863.9	0
-21809.1	42823.8	0
-21767.5	42810.5	0
-21737.1	42768.7	0
-21726.9	42749.8	0
-21727.8	42720.3	0
-21695.3	42689.2	0
-21659.2	42662.4	0
-21638.2	42636.1	0
-21634.7	42601.6	0
-21622.1	42584.2	0
-21584.7	42542.4	0
-21554.4	42527.2	0
-21543.9	42488.8	0
-21533.4	42465.9	0
-21518.3	42439	0
-21472.1	42402.4	0
-21455.7	42387.4	0
-21447.5	42346.9	0
-21433.5	42325.9	0
-21403.1	42294.1	0
-21373.8	42269.1	0
-21360.1	42234.5	0
-21342.6	42213	0
-21337.2	42175	0
-21291.9	42162.7	0
-21275.5	42116.4	0
-21260.5	42104.5	0
-21248.8	42061.7	0
-21223.9	42040.9	0
-21194.8	42015.5	0
-21171.7	41972.4	0
-21168.9	41967.2	0
-21138	41915.3	0
-21126.7	41908.6	0
-21087.5	41866.2	0
-21083.2	41839.7	0
-21061.6	41823.2	0
-21043	41770.8	0
-21015.5	41776.5	0
-20999.1	41712.3	0
-20971.8	41716.2	0
-20972.4	41663.3	0
-20926.9	41649.3	0
-20927.8	41620.7	0
-20888.2	41579	0
-20887.5	41571.4	0
-20853.7	41522.9	0
-20835.8	41509.6	0
-20825.3	41474.5	0
-20792.6	41444.2	0
-20780.1	41424.5	0
-20758.1	41384.3	0
-20734.6	41368.2	0
-20730.8	41336.5	0
-20682.9	41301.8	0
-20685.6	41289.2	0
-20654.8	41241.9	0
-20642.9	41231.4	0
-20627.3	41190.8	0
-20583.5	41171	0
-20585.4	41139.6	0
-20557.4	41108.9	0
-20549.1	41088.9	0
-20517.9	41052.4	0
-20484.8	41031.2	0
-20488.2	40999.4	0
-20462.5	40971.5	0
-20447.7	40945.8	0
-20414.9	40911.9	0
-20379.5	40895.2	0
-20403	40852.7	0
-20360.9	40839.8	0
-20347.8	40798.5	0
-20303.9	40780.3	0
-20294.5	40746.7	0
-20305.2	40720.4	0
-20263.8	40693.2	0
-20235	40665.3	0
-20216.2	40634.1	0
-20195.8	40611.8	0
-20216.4	40579.8	0
-20158.5	40557.7	0
-20128.3	40523.8	0
-20125.4	40499.6	0
-20107.6	40473.2	0
-20116	40440.1	0
-20049.5	40419.2	0
-20027.9	40384.2	0
-20037.1	40364.7	0
-20015.8	40330.5	0
-20011.7	40305.7	0
-19941.2	40280.5	0
-19938	40244.8	0
-19948.9	40228.7	0
-19924.5	40190.3	0
-19894.9	40169.7	0
-19846.1	40140.7	0
-19851.4	40108.4	0
-19858	40090.8	0
-19827.2	40054.4	0
-19781.2	40032.5	0
-19762.9	40002.3	0
-19759.8	39974	0
-19771.2	39950.9	0
-19712.6	39918.3	0
-19685.1	39891.7	0
-19671.6	39868.9	0
-19678.1	39834.4	0
-19663.5	39811.2	0
-19607.8	39781.5	0
-19592.1	39756.9	0
-19585.5	39726.7	0
-19585.2	39698.9	0
-19556.9	39674.2	0
-19506.7	39643	0
-19505	39619.6	0
-19496.6	39586.5	0
-19493.5	39566.4	0
-19442.7	39530.1	0
-19420.7	39511.6	0
-19417.7	39476	0
-19401.4	39455.9	0
-19392.8	39425.5	0
-19339.9	39392.2	0
-19338.4	39381.1	0
-19320	39332.4	0
-19317.5	39325.6	0
-19272.5	39282.3	0
-19265	39264.9	0
-19233.3	39235.2	0
-19242.7	39201.8	0
-19198.6	39188.2	0
-19194.6	39147.9	0
-19162.2	39127.5	0
-19156.8	39102.5	0
-19127.2	39067.5	0
-19119.3	39047.9	0
-19089.2	39018.2	0
-19086.7	38981.9	0
-19048.9	38974.8	0
-19034.6	38926.2	0
-19024.7	38911.8	0
-19005.9	38885.8	0
-18988.2	38851.6	0
-18952.1	38835.1	0
-18943.5	38800.2	0
-18933.6	38778.5	0
-18921.5	38752.3	0
-18880.9	38719.5	0
-18866.2	38702.2	0
-18842	38667.4	0
-18864.6	38646	0
-18813.2	38616.8	0
-18785.2	38586	0
-18770.5	38567.4	0
-18762.9	38533.9	0
-18773.8	38511.7	0
-18706.9	38481.8	0
-18696	38458.9	0
-18677.1	38427.2	0
-18695	38407.4	0
-18658.4	38377.7	0
-18624.8	38354.6	0
-18590.2	38324	0
-18613.4	38304.7	0
-18596.4	38267.4	0
-18567.2	38253.2	0
-18514.2	38220.5	0
-18520.8	38194.2	0
-18521.3	38172.6	0
-18512	38142.5	0
-18448.3	38117	0
-18443.5	38093.7	0
-18433.4	38061.4	0
-18441.2	38047.1	0
-18397.9	38008.9	0
-18377.2	37990.6	0
-18340.4	37965.2	0
-18375.5	37930.1	0
-18325	37920.9	0
-18323.7	37877.8	0
-18268.1	37864.3	0
-18288.5	37834.3	0
-18263.8	37806.1	0
-18249.1	37783.8	0
-18216	37757.2	0
-18206.7	37729.2	0
-18189	37708.9	0
-18180.1	37677.7	0
-18153	37656	0
-18132.4	37627.2	0
-18131	37603.4	0
-18094.1	37577.2	0
-18092.6	37556.4	0
-18062.6	37518.8	0
-18059.7	37506	0
-18040.2	37471.9	0
-17996.1	37445.7	0
-18007.8	37428.4	0
-17984.9	37388.8	0
-17975.9	37378.5	0
-17935.5	37340	0
-17917.7	37318.5	0
-17917.2	37294.4	0
-17912.9	37261.9	0
-17874.9	37246.5	0
-17846.4	37208.9	0
-17830.3	37192.2	0
-17843.9	37161	0
-17820.4	37136.1	0
-17784.8	37110.9	0
-17746.2	37086.2	0
-17761.7	37053.4	0
-17758	37039.1	0
-17724.8	36999.6	0
-17689.5	36991.3	0
-17666.9	36946.7	0
-17685.1	36939.1	0
-17668.3	36896.2	0
-17633.5	36888.5	0
-17595.3	36849.6	0
-17599.1	36832.4	0
-17603.3	36806.2	0
-17570	36774.2	0
-17548.4	36765.6	0
-17510	36720.5	0
-17534.6	36714.8	0
-17507.2	36678.1	0
-17484.4	36658.4	0
-17462.3	36634	0
-17444.3	36606.2	0
-17445.6	36588.5	0
-17416.8	36557.1	0
-17402.2	36537.4	0
-17382.8	36510.9	0
-17371.4	36490	0
-17346.5	36457.8	0
-17341.1	36442.6	0
-17314.1	36405	0
-17320.4	36393.9	0
-17269.9	36359.2	0
-17273.4	36342.2	0
-17244.9	36314.5	0
-17258.8	36287.5	0
-17220.4	36271	0
-17191.5	36233.1	0
-17180	36224	0
-17185.8	36186.7	0
-17172.2	36169.8	0
-17135.1	36142.7	0
-17099.6	36116.2	0
-17117.8	36099.6	0
-17105.7	36065	0
-17093.1	36049.6	0
-17036.6	36019.9	0
-17033.4	35996.2	0
-17042.2	35977.6	0
-17029.7	35946	0
-16999.3	35924	0
-16957.2	35903.6	0
-16960.9	35876.4	0
-16974.6	35849.5	0
-16934.4	35833.1	0
-16922.5	35800.9	0
-16874.5	35781.7	0
-16904.1	35757.7	0
-16880.9	35728.1	0
-16853.4	35716.7	0
-16840.3	35674.6	0
-16815	35672.5	0
-16818.4	35627.5	0
-16797.8	35616.9	0
-16771.1	35592.5	0
-16768.1	35558	0
-16747.7	35554.1	0
-16725.4	35506.4	0
-16718.7	35500.9	0
-16701.2	35467.8	0
-16695.4	35451.1	0
-16669.1	35415.9	0
-16629.6	35405.8	0
-16655.4	35366.3	0
-16624.4	35359.7	0
-16624	35322.9	0
-16570.6	35307.3	0
-16565.4	35281.8	0
-16580.1	35255.2	0
-16557.2	35239	0
-16536.8	35206.9	0
-16481.5	35192	0
-16509.9	35160	0
-16498.5	35145.8	0
-16486.1	35112.7	0
-16437.6	35096.7	0
-16422	35070.8	0
-16436.7	35044.9	0
-16425.3	35029.7	0
-16392.1	34994.6	0
-16366.1	34985	0
-16350.8	34945.7	0
-16368.7	34940.1	0
-16332.9	34899.7	0
-16316.4	34890.5	0
-16287.2	34853.4	0
-16299	34840	0
-16262.9	34810.8	0
-16267	34786.7	0
-16230.3	34766.9	0
-16233.6	34737.2	0
-16205.8	34720.4	0
-16187.1	34687.6	0
-16181.4	34675.4	0
-16168.7	34638.6	0
-16150.7	34624.2	0
-16122.7	34598.5	0
-16103.2	34570	0
-16122.3	34557.4	0
-16096	34518.7	0
-16070.6	34510	0
-16032.4	34476.6	0
-16048.8	34457.8	0
-16041.4	34438	0
-16033.4	34406.8	0
-15974.6	34396.3	0
-15976.4	34359.6	0
-15976.6	34349.2	0
-15983	34321.4	0
-15930.8	34297.9	0
-15918.5	34278.5	0
-15901	34252.8	0
-15925.2	34231.1	0
-15880.9	34210.3	0
-15876	34187.2	0
-15836.5	34159.7	0
-15857.1	34148.6	0
-15829.7	34113.2	0
-15813	34103.4	0
-15807	34073.3	0
-15782.4	34052.6	0
-15774.6	34033.1	0
-15756	34007.5	0
-15740	33991.1	0
-15753.8	33964	0
-15707	33948.8	0
-15699.3	33922.6	0
-15677.1	33898.5	0
-15691.1	33883.5	0
-15677.2	33855.6	0
-15635.5	33836.2	0
-15620.1	33813.1	0
-15615	33798.9	0
-15635.4	33761.7	0
-15596.2	33758.8	0
-15559.4	33717	0
-15552.5	33711.1	0
-15561.5	33678.9	0
-15561	33662.8	0
-15510.8	33638.1	0
-15499.5	33616.7	0
-15491.7	33590.1	0
-15496.4	33577.4	0
-15470.9	33542.3	0
-15453.5	33535.4	0
-15425.8	33495.8	0
-15441.1	33488.3	0
-15406.3	33457.7	0
-15402.8	33438.2	0
-15385.9	33416.8	0
-15371.4	33389.6	0
-15360.1	33372.4	0
-15328.9	33348.9	0
-15338.5	33325	0
-15330.7	33306	0
-15301.9	33281.8	0
-15274.4	33261.3	0
-15265.5	33235.1	0
-15281.2	33216.1	0
-15258.9	33194.8	0
-15227.4	33169.2	0
-15195	33148	0
-15212.8	33124	0
-15218.9	33108.1	0
-15174	33074.2	0
-15155.6	33061.8	0
-15131.5	33032.9	0
-15156.1	33010.7	0
-15133.1	32994.9	0
-15101.5	32958.9	0
-15091	32952.1	0
-15073.7	32912.5	0
-15080.4	32904	0
-15051.8	32875.8	0
-15037.7	32847.7	0
-15035.6	32840.1	0
-15000.6	32800.5	0
-15008.4	32790.6	0
-14969.1	32762.7	0
-14994.2	32738.4	0
-14959.9	32722.1	0
-14934.6	32699.1	0
-14919.3	32668.6	0
-14925.1	32663.3	0
-14930.5	32621.3	0
-14884	32617.5	0
-14858.1	32586.2	0
-14859.8	32566.8	0
-14866.9	32550	0
-14858	32518.6	0
-14806.3	32505.6	0
-14799.9	32482.2	0
-14798.4	32454.8	0
-14805.1	32441.5	0
-14767.2	32418.5	0
-14753.2	32392.4	0
-14739.8	32379.8	0
-14738.7	32350.9	0
-14720.2	32333.9	0
-14704.9	32314.4	0
-14698.6	32289.2	0
-14683.7	32276.2	0
-14657.1	32244.5	0
-14656.1	32230.3	0
-14643.3	32215.7	0
-14654.8	32178	0
-14602.3	32177.7	0
-14587.2	32138.9	0
-14601.3	32125.7	0
-14587.8	32110.2	0
-14589.9	32079.3	0
-14522.5	32071.2	0
-14537.1	32038.2	0
-14536.6	32028.7	0
-14536	32005.6	0
-14501.4	31979.5	0
-14478	31970.9	0
-14466.4	31936.6	0
-14498.2	31928.9	0
-14439.2	31900.6	0
-14454.9	31883.9	0
-14414.3	31866.5	0
-14428	31840	0
-14403	31831.4	0
-14389.9	31797.4	0
-14386.5	31792.5	0
-14381	31762.3	0
-14338.2	31744.8	0
-14344	31730.8	0
-14321.5	31699.8	0
-14351.2	31697.1	0
-14300.5	31656.2	0
-14276.7	31654.9	0
-14273.3	31627.1	0
-14285.8	31602.5	0
-14278.4	31599.3	0
-14228	31553.1	0
-14217.2	31568.4	0
-14226.7	31510.8	0
-14214.2	31524.2	0
-14215	31479.9	0
-14156.2	31474.2	0
-14179.9	31449.9	0
-14156.7	31427.4	0
-14146	31411.3	0
-14142.8	31392.5	0
-14113.5	31362.4	0
-14121.5	31357.9	0
-14086	31323.6	0
-14075.4	31318.8	0
-14085	31286.4	0
-14071.4	31269.7	0
-14048.1	31255.7	0
-14008.2	31226.4	0
-14028	31215.4	0
-14026.8	31189.3	0
-14009.5	31171.9	0
-13972.2	31150.9	0
-13952.2	31130.5	0
-13976.8	31117.1	0
-13954.3	31085.7	0
-13946.9	31077.9	0
-13898.3	31054.7	0
-13920.5	31030	0
-13897.5	31020.9	0
-13896.3	30989.3	0
-13869.4	30981.6	0
-13868.3	30953.3	0
-13849.9	30939.7	0
-13834.5	30912.7	0
-13814.3	30902.8	0
-13830.7	30876.5	0
-13811.2	30861.6	0
-13781.5	30839.7	0
-13758.7	30818.5	0
-13761.7	30805.5	0
-13781.1	30779.3	0
-13740.2	30764.3	0
-13711.9	30745.7	0
-13699.8	30721	0
-13715.7	30710.4	0
-13709.9	30680.1	0
-13669.9	30669.9	0
-13655.2	30644.7	0
-13656.2	30631.6	0
-13646.8	30607.4	0
-13633.9	30594.1	0
-13611.5	30563.1	0
-13617.4	30565.6	0
-13588.3	30522	0
-13580.1	30523.3	0
-13559.6	30499.1	0
-13580	30469.9	0
-13552.9	30469.1	0
-13525.2	30434.3	0
-13501.5	30422.9	0
-13530.3	30408	0
-13510	30380.9	0
-13498.4	30370.7	0
-13449.4	30343.3	0
-13461.8	30334	0
-13468.4	30313	0
-13450.3	30288.4	0
-13427	30280	0
-13408.7	30249.9	0
-13405.8	30244.9	0
-13407.1	30213.5	0
-13370.7	30207.4	0
-13384.9	30178.6	0
-13364.1	30168.5	0
-13339.9	30142.2	0
-13333.5	30130.3	0
-13317.1	30108.1	0
-13339.8	30095.1	0
-13308.7	30066.8	0
-13269.3	30063.9	0
-13273.5	30029.1	0
-13274	30026.5	0
-13285.9	29996.7	0
-13232.8	29989.8	0
-13219.2	29959.8	0
-13226.6	29951.7	0
-13220.1	29928.7	0
-13210.9	29913.4	0
-13179	29891.9	0
-13182.1	29879.8	0
-13168.7	29860	0
-13154.2	29838.2	0
-13135.1	29826.1	0
-13155.4	29802.6	0
-13119.7	29791.3	0
-13110.2	29767.1	0
-13075.1	29754.1	0
-13101.2	29734.8	0
-13099.6	29711.9	0
-13062.9	29702.3	0
-13037.1	29677.9	0
-13031.3	29660.8	0
-13051.9	29648.9	0
-13031.1	29619.6	0
-12996.4	29615.9	0
-12996.7	29584.7	0
-12976.8	29575.4	0
-12995.3	29550	0
-12946.6	29540.5	0
-12967.1	29515.5	0
-12938.1	29501.2	0
-12934.6	29480.1	0
-12898.1	29468.7	0
-12916.9	29440.8	0
-12909.1	29429.8	0
-12898.7	29410.6	0
-12847.2	29389	0
-12855	29375.3	0
-12864.5	29354.1	0
-12858	29338	0
-12823.8	29315.7	0
-12803.2	29311	0
-12801.2	29274.5	0
-12811.3	29270.2	0
-12787.2	29250.2	0
-12766.5	29232.6	0
-12767.6	29216	0
-12747.3	29199.5	0
-12740.2	29179.9	0
-12719.1	29171.2	0
-12739.1	29142.2	0
-12711.7	29137.4	0
-12689.1	29113.7	0
-12664.4	29099.5	0
-12686	29083	0
-12683.5	29064.3	0
-12662.2	29053.5	0
-12615.1	29029.9	0
-12632.6	29017.5	0
-12630.9	29001.5	0
-12623.8	28985.5	0
-12591	28962.8	0
-12589.9	28961.8	0
-12576.5	28930.8	0
-12573.8	28921.5	0
-12546.2	28905.5	0
-12567.3	28889.3	0
-12537.9	28870.7	0
-12533.1	28860.1	0
-12486	28840.1	0
-12521.4	28822.9	0
-12506.1	28810.9	0
-12504.1	28790.4	0
-12451.4	28777.8	0
-12455.5	28760.4	0
-12463.8	28740.6	0
-12463.5	28734.6	0
-12421.5	28703.6	0
-12429.1	28701.2	0
-12399.9	28681.8	0
-12417	28659.8	0
-12385.1	28658.1	0
-12384.4	28624.7	0
-12390.4	28625.9	0
-12352.7	28599.3	0
-12344	28583.7	0
-12329.6	28579.6	0
-12349.9	28547.6	0
-12340.3	28546	0
-12289.3	28520	0
-12286.7	28510.7	0
-12291.7	28492.1	0
-12301.1	28476.9	0
-12265	28459.8	0
-12247.5	28451.1	0
-12249	28425.9	0
-12238.2	28416.9	0
-12229.6	28400.8	0
-12212.8	28380.5	0
-12222.8	28373	0
-12195.7	28345.8	0
-12175.5	28344	0
-12161	28315.8	0
-12183.1	28311.7	0
-12170.8	28280.1	0
-12144.6	28283.1	0
-12105.4	28249	0
-12131.8	28247.8	0
-12124.1	28223.3	0
-12119.8	28213.6	0
-12075.3	28190	0
-12090.7	28185.5	0
-12064.1	28157.4	0
-12079	28155	0
-12036.6	28128.1	0
-12065.2	28119.4	0
-12036.9	28103.9	0
-12013	28084.1	0
-12004.2	28073.3	0
-12010.6	28059.6	0
-12022.9	28036.1	0
-11981.7	28030.5	0
-11958.9	28006.7	0
-11965.4	28000.1	0
-11970.1	27980.3	0
-11964	27961	0
-11933.1	27958.2	0
-11924.5	27930	0
-11931.5	27922.5	0
-11903.9	27908.3	0
-11909.9	27881.9	0
-11891.3	27887.5	0
-11911.2	27850.4	0
-11857.6	27855.6	0
-11859.5	27824.2	0
-11847.2	27823.1	0
-11883.1	27802.5	0
-11839.9	27782.6	0
-11817.5	27779	0
-11804.1	27754.4	0
-11832.3	27751.7	0
-11803.6	27722.5	0
-11798.1	27720.9	0
-11776.9	27701.5	0
-11783.4	27685.3	0
-11761.3	27673.4	0
-11753	27659.8	0
-11758.1	27643.4	0
-11752.1	27637	0
-11735.1	27603.6	0
-11699.4	27616.5	0
-11707.2	27582.1	0
-11732.6	27576.6	0
-11699.3	27564.8	0
-11686.9	27540.2	0
-11659.1	27551.8	0
-11681.1	27503	0
-11670	27524.1	0
-11653.6	27486.4	0
-11643.2	27484.4	0
-11644.9	27468	0
-11625.5	27453.2	0
-11602.8	27441.4	0
-11619.7	27427.1	0
-11614.9	27410.9	0
-11609.6	27404.4	0
-11552	27380.4	0
-11576.4	27377.9	0
-11573.6	27356.3	0
-11581.7	27346.5	0
-11538.3	27328.5	0
-11537.9	27317.1	0
-11525	27312.6	0
-11544.8	27276.9	0
-11497.3	27286.7	0
-11524.4	27258.2	0
-11502.5	27252.3	0
-11497.7	27238.3	0
-11456.4	27219.9	0
-11480.3	27214.1	0
-11482.8	27200.1	0
-11473.8	27179.3	0
-11433.1	27172.1	0
-11426.9	27158.9	0
-11445.1	27141.2	0
-11434.5	27136.2	0
-11416.6	27110.6	0
-11406.7	27105.9	0
-11401.5	27091.9	0
-11392	27073.4	0
-11376.1	27062.6	0
-11377.7	27053	0
-11388.2	27028.5	0
-11358.1	27028.7	0
-11332.8	27005.7	0
-11331.8	26993.7	0
-11352.3	26981.8	0
-11341.8	26964.6	0
-11312.1	26959.4	0
-11297.3	26940.2	0
-11303.5	26922.2	0
-11300.9	26922.5	0
-11284.7	26895	0
-11278.3	26895.6	0
-11283.1	26866	0
-11253	26866.7	0
-11247	26839.5	0
-11231.6	26850.4	0
-11266.4	26798.9	0
-11234.2	26825.9	0
-11206	26781.1	0
-11197.6	26788.2	0
-11212.5	26761.9	0
-11210.1	26750.3	0
-11191.7	26743.7	0
-11165.2	26723.9	0
-11185.4	26715.7	0
-11154.6	26695.2	0
-11152.3	26692.5	0
-11151.1	26664.7	0
-11153.1	26667.7	0
-11141.2	26639.5	0
-11096.6	26642.2	0
-11116.6	26610	0
-11114.8	26614.2	0
-11123.7	26585.2	0
-11079.9	26588.7	0
-11079.7	26564.7	0
-11073.2	26546.9	0
-11080	26550	0
-11052.6	26520.2	0
-11062.5	26521.9	0
-11059.2	26492.3	0
-11030	26491.8	0
-11016.9	26473.2	0
-11026.4	26465.1	0
-11027.9	26445.2	0
-11030.3	26435.6	0
-10977	26424.3	0
-10987	26401.2	0
-10995	26409.1	0
-10979.8	26367.1	0
-10979.3	26382.8	0
-10957.4	26348.5	0
-10966.7	26342.2	0
-10939.5	26333.2	0
-10928.2	26316.4	0
-10941.2	26301.3	0
-10951.9	26290.8	0
-10908.8	26269.6	0
-10901.7	26265.5	0
-10888.8	26252.1	0
-10914	26234	0
-10898.6	26216.7	0
-10871.3	26209.6	0
-10867.8	26195.8	0
-10880.9	26182.8	0
-10835.6	26168.7	0
-10858.8	26147.7	0
-10842.1	26141	0
-10860.8	26126.6	0
-10812.7	26113	0
-10800.9	26098	0
-10810.3	26080.2	0
-10834.7	26076.3	0
-10793.7	26051.3	0
-10786.4	26046.7	0
-10768.2	26026.1	0
-10785.9	26016.3	0
-10766.1	26001.3	0
-10755.4	25982.5	0
-10761.8	25975	0
-10754	25954.8	0
-10725.4	25956.4	0
-10710.8	25921.3	0
-10732.3	25922	0
-10734	25899.3	0
-10714.6	25890.7	0
-10676.7	25879.9	0
-10691.6	25862	0
-10689	25844.6	0
-10681.4	25834.7	0
-10663.5	25820.1	0
-10683.9	25802.6	0
-10637.2	25797.4	0
-10651.1	25769.2	0
-10611	25774.3	0
-10662.3	25744.9	0
-10634.7	25732.5	0
-10609.6	25726.6	0
-10593.6	25701	0
-10600.1	25703.6	0
-10612.2	25681.4	0
-10582.9	25659.5	0
-10579.6	25654.3	0
-10578.2	25635.5	0
-10566.4	25628.3	0
-10543.5	25611	0
-10543.5	25600.8	0
-10561.1	25576.3	0
-10552.6	25570.1	0
-10509.4	25553.3	0
-10511.4	25542.2	0
-10509.9	25526.1	0
-10528.6	25511	0
-10483.9	25506.7	0
-10501.3	25477.2	0
-10478.7	25472.6	0
-10483.4	25451	0
-10442.7	25441.4	0
-10474.6	25433.7	0
-10470.5	25413.5	0
-10455	25406.6	0
-10413.4	25381	0
-10426.5	25366.3	0
-10438.4	25360.5	0
-10428.6	25336.2	0
-10407.8	25342.9	0
-10400.1	25307.9	0
-10394.8	25307.2	0
-10388.4	25288.8	0
-10369.9	25270.9	0
-10391.9	25262.9	0
-10381.4	25235.2	0
-10355.7	25239.8	0
-10336.8	25213.6	0
-10333.5	25209.6	0
-10374.4	25197.4	0
-10321.4	25166.9	0
-10331.6	25167.8	0
-10309.7	25138.5	0
-10326.3	25138.1	0
-10288.6	25121.1	0
-10305.6	25108.7	0
-10291.3	25096.4	0
-10307	25081.8	0
-10262	25069.4	0
-10258.1	25058.3	0
-10263.1	25032.5	0
-10289.4	25026.4	0
-10237.4	25006.9	0
-10249.5	24998.1	0
-10236.2	24993.8	0
-10237.1	24979	0
-10216.8	24964.9	0
-10208.6	24954.2	0
-10239.6	24933.5	0
-10210.3	24925.3	0
-10189.4	24910.2	0
-10178.3	24892.2	0
-10206.5	24884.2	0
-10185.3	24865.5	0
-10182.4	24860.5	0
-10154.4	24853.9	0
-10177.7	24842	0
-10146.8	24827.1	0
-10144.4	24819.7	0
-10141.7	24787.2	0
-10165.2	24793.2	0
-10125.5	24762	0
-10121.3	24762.4	0
-10103.6	24734.7	0
-10135.7	24730.8	0
-10114.9	24704.3	0
-10094.2	24715.4	0
-10094.5	24689.5	0
-10103.2	24698.4	0
-10066.4	24675.9	0
-10074.3	24663.5	0
-10069.7	24658.8	0
-10085.2	24637.8	0
-10053.8	24633.2	0
-10029.2	24617.6	0
-10057.7	24601.6	0
-10045.2	24579.2	0
-10045.9	24565.6	0
-10015.4	24540.8	0
-10040.2	24540.3	0
-10014.8	24509.5	0
-10019.2	24510	0
-9993.74	24478.4	0
-10029	24471.3	0
-10003.1	24448.5	0
-9987.81	24442.6	0
-9957.06	24425.7	0
-10011.8	24419.7	0
-9976.77	24401.2	0
-9973.57	24388.5	0
-9961.76	24370.1	0
-9956.01	24363	0
-9956.02	24345.6	0
-9932.36	24346.3	0
-9941.99	24324	0
-9971.86	24317.9	0
-9923	24301.8	0
-9914.91	24283.8	0
-9898.5	24276.4	0
-9924.66	24261.6	0
-9917.25	24259	0
-9897.99	24244.6	0
-9913.52	24231.5	0
-9887.37	24220.4	0
-9884.45	24198.6	0
-9843.22	24195.1	0
-9900.12	24171.6	0
-9873.56	24176.6	0
-9880.56	24156.2	0
-9829.47	24151.3	0
-9869.69	24137.2	0
-9838.14	24116.5	0
-9850.69	24111.5	0
-9813.96	24088.3	0
-9854.32	24081.7	0
-9823.79	24082.8	0
-9803.22	24055	0
-9814.22	24062.1	0
-9826.37	24043	0
-9820.77	24024	0
-9793.76	24018.3	0
-9770.48	23993.1	0
-9794.92	23990.3	0
-9782.99	23978.1	0
-9766.49	23971.9	0
-9792.47	23959.7	0
-9781.72	23954.5	0
-9771.87	23931.9	0
-9724.32	23928.2	0
-9755.58	23904.2	0
-9751.35	23892.5	0
-9749.95	23885.4	0
-9719.34	23867.8	0
-9736.23	23868.2	0
-9727.61	23858.5	0
-9726	23840.5	0
-9706.5	23845.1	0
-9740.61	23813.9	0
-9708.75	23812.5	0
-9699.29	23788.9	0
-9659.35	23777.9	0
-9695.09	23766.9	0
-9694.1	23757	0
-9671.27	23744.2	0
-9685.39	23747.9	0
-9679.31	23726.1	0
-9674.25	23730.6	0
-9654.85	23713.1	0
-9662.23	23697.5	0
-9671.32	23686.4	0
-9667.67	23669.7	0
-9602.83	23653.4	0
-9639.71	23640.6	0
-9611.27	23621.7	0
-9636.85	23620.5	0
-9601.35	23604.3	0
-9633.61	23598.6	0
-9615.39	23597.1	0
-9621.9	23580.3	0
-9577.81	23588.1	0
-9641.42	23564.7	0
-9617.38	23565	0
-9615.89	23550.9	0
-9585.14	23532.2	0
-9592.32	23526.2	0
-9584	23498.1	0
-9565.85	23491.4	0
-9556.62	23469.2	0
-9566.34	23446.7	0
-9547.63	23439.3	0
-9503.16	23411.4	0
-9514.82	23395.9	0
-9506.3	23387.8	0
-9526.29	23358.9	0
-9470.78	23358.2	0
-9502.43	23330.9	0
-9462.88	23327.1	0
-9486.2	23306.5	0
-9431.49	23299.4	0
-9480.81	23281.1	0
-9468.47	23274.1	0
-9453.37	23259.2	0
-9425.91	23248.2	0
-9433.3	23234.3	0
-9442.82	23227.5	0
-9433.96	23206	0
-9416.79	23207.6	0
-9435.32	23190	0
-9424.34	23174	0
-9387.03	23175.8	0
-9401.61	23144.7	0
-9407.34	23154.3	0
-9424.9	23126.1	0
-9376.96	23121.4	0
-9387.99	23114.4	0
-9378.92	23090.2	0
-9384.07	23097.4	0
-9358.89	23062.7	0
-9379.28	23074.7	0
-9380.35	23043.7	0
-9368.18	23050.6	0
-9325.25	23020.8	0
-9357.25	23025.5	0
-9352.8	23004.7	0
-9346.01	22995.8	0
-9343.41	22986	0
-9323.62	22976	0
-9351.79	22956.6	0
-9293.93	22959.3	0
-9316.84	22932.6	0
-9330.63	22932.4	0
-9325.71	22915.2	0
-9300.15	22906.9	0
-9293.54	22897.7	0
-9291.92	22878.3	0
-9304.16	22875	0
-9274.75	22858.9	0
-9296.4	22850.6	0
-9290.49	22834.4	0
-9286.56	22828.3	0
-9235.9	22814.4	0
-9276.69	22800.9	0
-9263.76	22793.9	0
-9277.74	22778.9	0
-9240.49	22767.3	0
-9258.1	22759.5	0
-9245.74	22741	0
-9233.83	22740.7	0
-9220.29	22716	0
-9253.41	22715.1	0
-9244.48	22696.1	0
-9214.46	22689.6	0
-9211.75	22677.3	0
-9206.29	22662.1	0
-9228.5	22659.7	0
-9187.82	22632.2	0
-9216.91	22643.1	0
-9206.53	22608.3	0
-9198.2	22614.3	0
-9158.3	22594.6	0
-9193.12	22583	0
-9179.58	22575.9	0
-9200.62	22559.3	0
-9147.84	22549.3	0
-9180.65	22540.8	0
-9159.64	22524.2	0
-9152.5	22515.7	0
-9135.48	22504.1	0
-9170.59	22493.7	0
-9158.51	22479.5	0
-9133.94	22472.6	0
-9117.25	22457.5	0
-9138.67	22447.6	0
-9130.98	22433.5	0
-9110.85	22428	0
-9133.04	22407.2	0
-9113.65	22405.1	0
-9123.18	22387.1	0
-9072.21	22378.3	0
-9103.93	22366.6	0
-9107.15	22351.4	0
-9104.45	22350.4	0
-9069.71	22324.9	0
-9103.87	22325.1	0
-9061.35	22306.3	0
-9081.13	22300	0
-9041.87	22280.6	0
-9094.95	22277.6	0
-9069.51	22260.8	0
-9051.75	22247.9	0
-9036.42	22243.3	0
-9053.07	22218.3	0
-9045.01	22222.1	0
-9028.08	22198	0
-9043.46	22195.8	0
-9040.82	22175.6	0
-9032.23	22173.5	0
-8986.16	22151.7	0
-9022.79	22154.1	0
-9020.48	22128.3	0
-9021.85	22128.9	0
-8985.19	22111.4	0
-9024.56	22105	0
-8984.18	22086.4	0
-8987.16	22082.7	0
-8971.27	22065.4	0
-9002.12	22061.2	0
-8993.61	22047.4	0
-8974.24	22032.2	0
-8950.6	22031.2	0
-8983.83	22008.9	0
-8950.97	22002.9	0
-8955	21997.2	0
-8964.3	21975.3	0
-8967	21974.8	0
-8948.08	21960.1	0
-8920.17	21945.1	0
-8939.09	21944.1	0
-8943.21	21922.9	0
-8935.02	21918.4	0
-8916.96	21906.4	0
-8944.52	21893.3	0
-8910.31	21886.6	0
-8905.94	21872.6	0
-8891.39	21864.8	0
-8924.48	21851.8	0
-8913.8	21844.2	0
-8888.73	21832.4	0
-8896.55	21820.1	0
-8888.13	21813.3	0
-8888.83	21799.2	0
-8857.02	21792.3	0
-8900.6	21780.4	0
-8887.87	21770.2	0
-8875.5	21760.2	0
-8843.05	21752.7	0
-8876.1	21736.1	0
-8852.3	21737.9	0
-8865.07	21711.3	0
-8838.88	21712.9	0
-8883.96	21704.2	0
-8838.06	21682.8	0
-8829.81	21686	0
-8828.48	21665.6	0
-8846.83	21661.8	0
-8839.56	21648	0
-8826.85	21640.8	0
-8825.7	21628.5	0
-8835.73	21623.1	0
-8805.48	21604	0
-8790.46	21605.3	0
-8840.11	21585.8	0
-8807.13	21579.1	0
-8821.8	21570.4	0
-8776.42	21562.6	0
-8818.03	21543.5	0
-8784.38	21549.1	0
-8784.51	21520	0
-8787.89	21528.6	0
-8815	21507.5	0
-8777.54	21495.2	0
-8775	21500.5	0
-8758.16	21472	0
-8797.48	21472.2	0
-8747.16	21465	0
-8778.97	21442.2	0
-8767.93	21446.4	0
-8777.63	21429	0
-8736.06	21419	0
-8740.51	21416.9	0
-8760.75	21395.5	0
-8753.85	21391.6	0
-8747.52	21388.5	0
-8731.72	21361.4	0
-8767.67	21371.3	0
-8704.24	21346.4	0
-8731.44	21340.5	0
-8716.67	21338.7	0
-8754.57	21309.9	0
-8714.42	21326.8	0
-8719.05	21288.3	0
-8710.25	21300.3	0
-8727.27	21277.2	0
-8680.63	21274.1	0
-8710.17	21265.2	0
-8725.32	21245.6	0
-8701.04	21252.3	0
-8698.56	21225.3	0
-8675.43	21228.1	0
-8705.21	21214.6	0
-8681.6	21198.4	0
-8677.39	21199.6	0
-8697.01	21184	0
-8700.36	21174.9	0
-8660.92	21169.2	0
-8666.38	21152.6	0
-8664.58	21149.4	0
-8688.12	21140.6	0
-8644.96	21120.3	0
-8686.59	21127.7	0
-8653.37	21101.7	0
-8672.86	21103.2	0
-8621.61	21089.2	0
-8651.88	21077.1	0
-8661.45	21074.7	0
-8647.66	21056.4	0
-8638.53	21056.5	0
-8643.78	21037.9	0
-8648.41	21035.2	0
-8602.8	21022.6	0
-8635.49	21013	0
-8621.01	21007.1	0
-8656.2	20992.7	0
-8602.91	20988.8	0
-8619.96	20975	0
-8619.25	20967.2	0
-8607.17	20955.9	0
-8584.45	20951.7	0
-8628.06	20933.6	0
-8610.78	20936.5	0
-8609.27	20910.9	0
-8577.15	20916.8	0
-8598.19	20896.4	0
-8593.15	20894.3	0
-8572.7	20878.4	0
-8589.41	20872.4	0
-8599.12	20866	0
-8591.51	20849	0
-8546.53	20849.1	0
-8575.97	20828	0
-8573.6	20830.8	0
-8567.11	20813.9	0
-8557.01	20806.6	0
-8581.75	20797.8	0
-8564.98	20789.4	0
-8553.71	20776.9	0
-8527.29	20771	0
-8567.37	20758.3	0
-8550.79	20751.2	0
-8544.51	20743.6	0
-8547.05	20729.4	0
-8554.51	20722.8	0
-8534.14	20712.9	0
-8507.31	20699.9	0
-8545.2	20700.6	0
-8531.45	20679.2	0
-8541.5	20676.3	0
-8506.63	20665.6	0
-8545.66	20656.6	0
-8504.84	20642.8	0
-8512.84	20647.6	0
-8494.03	20613.3	0
-8538.4	20632.7	0
-8509.43	20601.9	0
-8506.64	20600.3	0
-8498.76	20592.1	0
-8511.74	20580.1	0
-8482.14	20572.1	0
-8485.84	20565.1	0
-8506.98	20549	0
-8508.05	20548.4	0
-8485.95	20531.6	0
-8470.04	20525.4	0
-8504.67	20519.1	0
-8460.41	20501	0
-8479.94	20503.8	0
-8469.58	20482	0
-8506.2	20484.5	0
-8465.91	20467.1	0
-8460.25	20459.6	0
-8458.74	20451.1	0
-8483.12	20444	0
-8432.81	20428.3	0
-8471.83	20428.2	0
-8475.75	20410	0
-8460.27	20404.8	0
-8445.28	20397.8	0
-8433.71	20380.7	0
-8466.51	20379.8	0
-8431.31	20362.6	0
-8450.4	20361.1	0
-8440.03	20345.2	0
-8473.57	20341.1	0
-8407.14	20324.8	0
-8437.15	20323.9	0
-8422.14	20306.5	0
-8443.43	20306.2	0
-8421.69	20291.1	0
-8431.52	20281.4	0
-8440.57	20279.6	0
-8423.38	20258.3	0
-8392.31	20262.6	0
-8422.49	20242.8	0
-8421.92	20238.7	0
-8412.33	20232.8	0
-8415.67	20220.7	0
-8408.25	20208.3	0
-8435.81	20211.2	0
-8358.52	20187.4	0
-8419.86	20191	0
-8389.99	20179.1	0
-8424.24	20162.7	0
-8377.72	20170.3	0
-8416.17	20142.5	0
-8390.69	20149.5	0
-8387.71	20129.3	0
-8361.24	20128.1	0
-8409.03	20115.1	0
-8387.78	20110.7	0
-8384.57	20094.2	0
-8380.99	20096.5	0
-8389.68	20078.6	0
-8372.73	20076.7	0
-8350.12	20063.3	0
-8383.71	20059.4	0
-8377.38	20046.3	0
-8385.45	20041.9	0
-8346.52	20028.1	0
-8395.38	20029.1	0
-8345.03	20006.9	0
-8363.59	20014	0
-8333.18	19992.6	0
-8394.09	19993.5	0
-8353.12	19979.4	0
-8353.35	19975	0
-8359.29	19967.3	0
-8350.57	19954.3	0
-8344.76	19949	0
-8325.57	19944.4	0
-8370.18	19928.3	0
-8347.29	19928.6	0
-8352.21	19912.4	0
-8319.46	19911.3	0
-8363.19	19902.2	0
-8317.71	19884.4	0
-8324.64	19897.1	0
-8334.94	19858.4	0
-8355.26	19882.1	0
-8321.12	19853.3	0
-8328.96	19849.1	0
-8325.89	19850.8	0
-8322.1	19824.9	0
-8310.61	19834.4	0
-8306.64	19816.8	0
-8355.39	19811.4	0
-8303.63	19803.4	0
-8322.96	19795.7	0
-8296.85	19784.4	0
-8332.87	19779.8	0
-8275.65	19771.7	0
-8314.95	19757.1	0
-8303.73	19764.3	0
-8333.63	19734.9	0
-8273.88	19745.5	0
-8311.36	19722.1	0
-8288.03	19725.9	0
-8298.42	19709.1	0
-8267.22	19706.4	0
-8302.44	19697.4	0
-8312.18	19685.1	0
-8273.65	19687.3	0
-8291.27	19662.3	0
-8268.83	19673.8	0
-8297.8	19649.9	0
-8241.79	19644.4	0
-8296.65	19644.8	0
-8278.09	19624.1	0
-8293.1	19624	0
-8244.21	19616.1	0
-8283.2	19599.4	0
-8261.5	19602.5	0
-8254.47	19585.3	0
-8251.61	19583.8	0
-8278.42	19566.4	0
-8275.05	19570.7	0
-8236.97	19547.4	0
-8267.41	19551	0
-8240.69	19538.5	0
-8263.92	19528.6	0
-8208.67	19523.2	0
-8285.51	19515.3	0
-8244.45	19501.7	0
-8252.65	19499.2	0
-8224.65	19489.5	0
-8258.57	19479.5	0
-8222.35	19475.5	0
-8228.6	19458.8	0
-8232.97	19461.7	0
-8256.44	19442.5	0
-8234.15	19442.4	0
-8213.28	19425.7	0
-8247.42	19428.3	0
-8216.51	19412	0
-8213.99	19408.7	0
-8208.38	19400	0
-8259.11	19385.8	0
-8202.56	19390.4	0
-8234.97	19367.6	0
-8193.76	19372.3	0
-8242.22	19358.1	0
-8180.64	19346.1	0
-8208.7	19351.5	0
-8216.76	19326.3	0
-8229.56	19336.4	0
-8190.34	19314.2	0
-8211.42	19313.4	0
-8216.06	19303.1	0
-8174.99	19298.1	0
-8201.44	19285.9	0
-8183.29	19282	0
-8233.2	19268.4	0
-8171.99	19272	0
-8208.85	19249	0
-8185.03	19256.7	0
-8199.32	19237.2	0
-8156.26	19236.3	0
-8190.31	19223.8	0
-8201.65	19218.9	0
-8180.73	19212.7	0
-8178.61	19201.2	0
-8189.49	19196.9	0
-8185.44	19186.1	0
-8145.31	19182.9	0
-8183.63	19169.4	0
-8166.14	19168.7	0
-8195.79	19154.5	0
-8145.79	19152.4	0
-8196.13	19143.1	0
-8160.56	19126.8	0
-8165.6	19139.5	0
-8134.76	19105.7	0
-8180.16	19123.3	0
-8164.98	19099.4	0
-8149.61	19095.6	0
-8168.37	19094.4	0
-8170.45	19075.5	0
-8150.1	19079.8	0
-8124.47	19061.4	0
-8168.69	19061.9	0
-8137.03	19049.9	0
-8163.27	19045	0
-8126.26	19033.7	0
-8186.85	19032.5	0
-8123.1	19016	0
-8142.77	19017	0
-8118.01	19001.7	0
-8163.73	19002.3	0
-8116.34	18987.7	0
-8141.04	18981.8	0
-8152.88	18976.6	0
-8139.36	18969.9	0
-8121.71	18954	0
-8116.02	18962.7	0
-8137.93	18934.4	0
-8114.6	18945.5	0
-8123.29	18925.4	0
-8129.35	18921.2	0
-8148.27	18913.5	0
-8099.95	18910.5	0
-8119.33	18888.6	0
-8112.32	18902.2	0
-8122.88	18871.1	0
-8083.34	18881.1	0
-8131.71	18866.4	0
-8120.58	18854	0
-8112.99	18857.6	0
-8095.01	18837.2	0
-8111.11	18840.3	0
-8103.26	18824.2	0
-8082.72	18817.6	0
-8102.16	18814.4	0
-8115.77	18800.4	0
-8105.48	18796.1	0
-8080.6	18791.1	0
-8111.97	18777.5	0
-8083.87	18770.5	0
-8088.64	18769.1	0
-8062.49	18749.6	0
-8120.39	18757.6	0
-8082.43	18736.4	0
-8083.47	18732.9	0
-8094.24	18732.8	0
-8086.34	18707.4	0
-8075.36	18721.7	0
-8050.09	18692.3	0
-8101.56	18703.1	0
-8069.75	18681.8	0
-8086.02	18683.1	0
-8064.5	18674	0
-8100.53	18661.3	0
-8053.8	18659.7	0
-8061.67	18647.1	0
-8057.64	18644.6	0
-8085.43	18632.3	0
-8048.9	18629.9	0
-8068.46	18614.7	0
-8085.59	18618.7	0
-8056.64	18597.4	0
-8052.73	18605.9	0
-8047.91	18585.5	0
-8072.52	18583.4	0
-8030.64	18576.8	0
-8069.65	18566.5	0
-8055.02	18561	0
-8079.35	18552.1	0
-8027.85	18548.1	0
-8053.75	18532.5	0
-8050.47	18535.9	0
-8044.51	18517.1	0
-8018.71	18517.3	0
-8074.52	18507.6	0
-8049.84	18493.8	0
-8029.97	18499.6	0
-8057.4	18475.2	0
-8028.06	18482.7	0
-8047.28	18462.9	0
-8001.89	18466.5	0
-8056.92	18445.3	0
-8031.77	18450.5	0
-8052.92	18433.2	0
-8000.23	18431.1	0
-8076.79	18422.1	0
-8001.38	18408.9	0
-8018.74	18412.4	0
-8023.38	18392	0
-8023.63	18396.1	0
-8033.8	18376.9	0
-8004.64	18379.3	0
-8051.38	18367	0
-8017.17	18355.5	0
-8006.01	18357	0
-8003.43	18338.5	0
-8030.94	18339.3	0
-7990.01	18325.9	0
-8024.36	18323.5	0
-8008.22	18307.8	0
-8041.08	18311.1	0
-7985.23	18295.1	0
-8007.8	18288.1	0
-8010.99	18288.9	0
-7991.58	18268.6	0
-7996.99	18270.9	0
-7998.36	18258	0
-8031.08	18255.9	0
-7977.71	18242.1	0
-8014.4	18242.9	0
-7988.14	18227.1	0
-8006.92	18221.5	0
-7960.23	18220.6	0
-8005.3	18199.5	0
-7993.25	18208.5	0
-7998.18	18187.6	0
-7976.59	18181.8	0
-8012.98	18185.5	0
-7986.24	18163	0
-7957.07	18164.9	0
-7994.59	18153.7	0
-7974.21	18145.3	0
-7988.08	18140.5	0
-7965.54	18132.2	0
-8005.46	18121	0
-7975.95	18118.7	0
-7978.3	18105.4	0
-7950.63	18102.9	0
-7996.42	18090.1	0
-7952.38	18089.1	0
-7958.17	18072.7	0
-7988.43	18076.8	0
-7977.36	18060	0
-7967.9	18051.4	0
-7957.24	18058.8	0
-7980.71	18024.3	0
-7947.22	18049.2	0
-7954.01	18009.2	0
-7950.77	18031.5	0
-7995.17	18000.2	0
-7932.97	18008.6	0
-7976.12	17992.4	0
-7962.34	17984.6	0
-7962.65	17983.7	0
-7930.92	17968.7	0
-7952.62	17969.1	0
-7961.8	17948.1	0
-7937.87	17960	0
-7954.24	17932.5	0
-7961.17	17943	0
-7968.92	17919.2	0
-7918.66	17925.9	0
-7963.55	17908.2	0
-7926.33	17903.7	0
-7958.47	17903.4	0
-7908.6	17879.2	0
-7974.86	17894.7	0
-7946.15	17863.1	0
-7931.41	17873.7	0
-7948.35	17859.5	0
-7945.07	17844.3	0
-7928.95	17854.8	0
-7914.26	17828.2	0
-7955.02	17831.1	0
-7925.54	17825.6	0
-7951.8	17811.3	0
-7910.48	17806.5	0
-7977.93	17805.3	0
-7906.17	17785.6	0
-7929.51	17788.9	0
-7922.19	17777.2	0
-7939.6	17767.1	0
-7910.79	17761.3	0
-7926.71	17758.3	0
-7951.76	17741.8	0
-7924.5	17740.4	0
-7924.83	17735.8	0
-7916.19	17715.1	0
-7944.87	17724.4	0
-7883.25	17702.2	0
-7931.7	17701.7	0
-7920.75	17693.9	0
-7934.38	17684.2	0
-7902.73	17676.7	0
-7936.15	17671.7	0
-7925.5	17662.9	0
-7898.31	17650.4	0
-7905.57	17653.6	0
-7912.74	17628.1	0
-7922.57	17642.4	0
-7884.76	17618.2	0
-7936.36	17619.2	0
-7911.86	17610.1	0
-7921.45	17597.1	0
-7875.51	17598.4	0
-7937.53	17579.5	0
-7879.76	17584.1	0
-7898.28	17567.9	0
-7901.59	17561.4	0
-7921.62	17556.8	0
-7894.73	17549	0
-7899.41	17535.5	0
-7918.27	17539	0
-7890.46	17514.4	0
-7889.6	17528	0
-7882.18	17500.3	0
-7911.75	17508.2	0
-7879.6	17487.9	0
-7900.05	17492.9	0
-7898.16	17468.9	0
-7915.07	17479.7	0
-7869.45	17460.6	0
-7892.61	17454.8	0
-7897.53	17454	0
-7872.2	17439.2	0
-7876.6	17435.8	0
-7901.99	17427.3	0
-7897.2	17421.9	0
-7875.52	17412.8	0
-7909.99	17406.2	0
-7873.63	17397.9	0
-7902.27	17395.6	0
-7848.44	17382.2	0
-7898.17	17377.7	0
-7887.75	17369.6	0
-7866.05	17365.9	0
-7894.78	17350.5	0
-7900.55	17353.2	0
-7884.99	17337.8	0
-7861.59	17338.7	0
-7901.2	17324	0
-7866.11	17320.1	0
-7874.25	17312.4	0
-7862.5	17303.7	0
-7910.2	17300.2	0
-7862.68	17286.8	0
-7889.25	17282.7	0
-7879.88	17281.6	0
-7889.63	17258.4	0
-7861.31	17271.9	0
-7858.99	17242.8	0
-7896.06	17255.7	0
-7850.54	17228.8	0
-7879.93	17242.4	0
-7871.6	17213.2	0
-7905.79	17228.8	0
-7844.41	17200.9	0
-7887.26	17208.2	0
-7868.63	17198.4	0
-7872.93	17186.1	0
-7838.48	17184.1	0
-7889.66	17179.9	0
-7872.65	17165	0
-7859.9	17166.5	0
-7886.01	17154.6	0
-7871.74	17150.2	0
-7883.76	17142.3	0
-7836.93	17140.4	0
-7887.65	17126	0
-7854.08	17127.3	0
-7865.34	17118.4	0
-7856.66	17107.1	0
-7892.33	17112.6	0
-7866.77	17094.2	0
-7862.67	17092.3	0
-7879.97	17090.7	0
-7868.49	17074	0
-7854.64	17075.4	0
-7842.54	17071	0
-7903.04	17054.7	0
-7828.89	17058	0
-7887.54	17047.3	0
-7858.23	17037.3	0
-7896.39	17037.5	0
-7840.75	17030.6	0
-7873.09	17015	0
-7869.27	17021.1	0
-7854.73	17004.4	0
-7847.94	17004.4	0
-7867.76	16994.8	0
-7884.11	16990.9	0
-7840.73	16979.4	0
-7889.4	16979.3	0
-7858.72	16970.7	0
-7880.2	16956.6	0
-7830.05	16967.4	0
-7879.02	16945.6	0
-7854.67	16942.6	0
-7855.22	16943.8	0
-7849.56	16927.7	0
-7895.05	16923.1	0
-7852.9	16927	0
-7854.63	16905.8	0
-7885.77	16904.6	0
-7851.17	16903.2	0
-7850.38	16887.9	0
-7848.58	16886.2	0
-7878.12	16881	0
-7832.45	16870.2	0
-7878.11	16869.5	0
-7850.83	16863.4	0
-7887.85	16844.6	0
-7842.88	16855.8	0
-7853.39	16836.3	0
-7881.34	16835.7	0
-7831.56	16826.6	0
-7848.76	16823.7	0
-7861.31	16806.9	0
-7870.34	16822.5	0
-7828.13	16791.2	0
-7889.7	16799.2	0
-7852.27	16794.2	0
-7864.34	16776.6	0
-7835.57	16780.2	0
-7869.04	16775.7	0
-7848.52	16753.4	0
-7831.17	16766	0
-7862.88	16748.2	0
-7852.76	16741.7	0
-7869.74	16742.1	0
-7825.55	16729.5	0
-7895.54	16725.1	0
-7831.75	16721.6	0
-7854.04	16706.6	0
-7832.21	16714.5	0
-7872.12	16692.5	0
-7820.26	16699.9	0
-7852.83	16685	0
-7858.32	16679.5	0
-7859.79	16681.1	0
-7841.24	16659	0
-7852.86	16671.1	0
-7874.84	16653.8	0
-7810.92	16645	0
-7861.56	16652.8	0
-7832.42	16627.3	0
-7862.63	16635.9	0
-7813.7	16623.9	0
-7873.66	16613.7	0
-7848.13	16615.1	0
-7851.51	16603.6	0
-7835	16597.7	0
-7864.78	16590.9	0
-7840.9	16587.2	0
-7816.05	16571	0
-7863.09	16580.7	0
-7828.35	16559.6	0
-7847.09	16560.6	0
-7828.81	16557.2	0
-7873.62	16538.4	0
-7831.27	16542.4	0
-7846.92	16532.9	0
-7836.4	16525.1	0
-7857.9	16519	0
-7811.17	16514.9	0
-7834.06	16500.9	0
-7855.6	16507.1	0
-7817.54	16485.9	0
-7848.62	16487.1	0
-7832.18	16481.1	0
-7871.3	16469.6	0
-7802.99	16466.6	0
-7861.55	16457.1	0
-7827.31	16452.6	0
-7828.13	16447	0
-7821.84	16431.8	0
-7832.32	16439.4	0
-7849.89	16415.4	0
-7803.94	16424.9	0
-7860.84	16408.9	0
-7825.56	16400.4	0
-7856.68	16402.9	0
-7795.74	16389.8	0
-7869.21	16381.4	0
-7802.55	16383.1	0
-7824.72	16362.8	0
-7821.52	16369	0
-7846.32	16355.2	0
-7810.57	16345.4	0
-7827.62	16349	0
-7857.68	16333.2	0
-7810.3	16333.9	0
-7839.21	16317.8	0
-7813.35	16318.4	0
-7845.8	16309.7	0
-7790.56	16301	0
-7826.67	16298	0
-7825	16291.4	0
-7825.8	16278	0
-7805.4	16280.1	0
-7843.26	16265.7	0
-7830.27	16264.9	0
-7809.02	16252.5	0
-7829.15	16249.8	0
-7815.23	16242.4	0
-7824.28	16234.9	0
-7780.23	16226	0
-7843.59	16220.6	0
-7803.38	16215.6	0
-7810.52	16207.5	0
-7818.95	16199.4	0
-7838.64	16195	0
-7802.33	16189	0
-7815.31	16175.8	0
-7822.46	16176.4	0
-7807.61	16163	0
-7796.81	16161.6	0
-7804.7	16151.8	0
-7825.9	16146.2	0
-7779.71	16136.3	0
-7832.13	16136.6	0
-7800	16121.1	0
-7834.92	16117.8	0
-7788.5	16115.6	0
-7817.41	16095.5	0
-7823.47	16109.5	0
-7778.77	16080.5	0
-7806.91	16090.2	0
-7806.2	16076.8	0
-7810.36	16069.8	0
-7769.59	16066.8	0
-7848.18	16055	0
-7788.17	16052.5	0
-7816.52	16042.7	0
-7798.82	16040.5	0
-7822.71	16028.6	0
-7794.09	16025.1	0
-7782.62	16018.8	0
-7821.05	16005	0
-7782.2	16014.1	0
-7804.56	15986.7	0
-7784.62	15999.9	0
-7839.83	15977.8	0
-7774.58	15981.7	0
-7825.23	15967.2	0
-7802.67	15971.1	0
-7818.8	15950.2	0
-7778.94	15962.9	0
-7807.76	15936.8	0
-7815.35	15944.2	0
-7765.74	15934.7	0
-7817.07	15921.3	0
-7800.76	15918.4	0
-7816.18	15919.5	0
-7781.72	15899.2	0
-7835.68	15905.2	0
-7796.17	15894.4	0
-7808.45	15879.6	0
-7792.2	15889.4	0
-7817.12	15872	0
-7796.48	15862.4	0
-7772.62	15872.4	0
-7834.93	15847.3	0
-7779	15856.2	0
-7814.36	15836.9	0
-7791.75	15848	0
-7846.26	15816.5	0
-7771.22	15836.1	0
-7824.93	15814.8	0
-7808.08	15809.5	0
-7797.85	15810.4	0
-7795.49	15790.7	0
-7793.24	15800.4	0
-7820.82	15778.7	0
-7775.87	15786	0
-7816.73	15763.1	0
-7800.83	15776.7	0
-7827.92	15753.5	0
-7773.06	15752.3	0
-7843.8	15753.9	0
-7792.53	15731.1	0
-7802.15	15743.5	0
-7796.99	15719.8	0
-7812.62	15726.8	0
-7793.35	15708.6	0
-7779.6	15714.7	0
-7839.92	15696.1	0
-7779.91	15699.9	0
-7820.08	15687.3	0
-7794.61	15682.9	0
-7839.76	15674	0
-7782.92	15669.4	0
-7814.44	15665.6	0
-7811.67	15645.8	0
-7802.36	15666.9	0
-7784.96	15627.5	0
-7812.6	15643.7	0
-7813.58	15629.5	0
-7780.1	15620.6	0
-7827.45	15618.3	0
-7808.26	15611.2	0
-7818.08	15603.5	0
-7794.69	15596.1	0
-7834.96	15592.5	0
-7807.15	15580.1	0
-7799.63	15580.9	0
-7811.92	15572.8	0
-7812.24	15561.5	0
-7810.2	15557.9	0
-7783.17	15557.2	0
-7847.87	15537	0
-7795.03	15543.2	0
-7815.96	15532.7	0
-7824.89	15521.5	0
-7836.91	15522.6	0
-7796.91	15511.9	0
-7829.32	15503	0
-7830.26	15502	0
-7794.45	15491.9	0
-7828.07	15481.9	0
-7800.09	15482.5	0
-7844.31	15470.3	0
-7781.23	15466.1	0
-7848.44	15456.4	0
-7819.49	15459.6	0
-7829.74	15437.5	0
-7814.73	15445.1	0
-7848.75	15429.2	0
-7823.6	15428.4	0
-7807.69	15414	0
-7844.35	15420.4	0
-7813.7	15399	0
-7824.56	15399.4	0
-7801.26	15397.6	0
-7864.34	15371.9	0
-7789.29	15395.6	0
-7846.15	15357.4	0
-7830.54	15372.3	0
-7844.74	15353.4	0
-7814.01	15351.2	0
-7846.73	15345	0
-7845.1	15332	0
-7808.18	15340.5	0
-7843.79	15312.6	0
-7823.47	15327.7	0
-7841.19	15301.8	0
-7804.43	15308.3	0
-7854.57	15295	0
-7829.92	15289.8	0
-7835.29	15283.5	0
-7835.14	15277.7	0
-7862.76	15272.7	0
-7841.02	15257	0
-7822.17	15270.3	0
-7882.79	15235.6	0
-7814.4	15257	0
-7855.67	15235	0
-7823.31	15225.9	0
-7873.64	15237.7	0
-7807.17	15210.3	0
-7863.2	15217.7	0
-7850.73	15207.5	0
-7851.3	15202	0
-7847.33	15192.2	0
-7866.83	15191.5	0
-7870.74	15182.8	0
-7833	15172.5	0
-7884.16	15176.2	0
-7841.42	15159.4	0
-7881.46	15157.5	0
-7820.52	15153.7	0
-7889.1	15144.1	0
-7853.26	15134.8	0
-7837.35	15139.8	0
-7887.4	15116.3	0
-7860.34	15126.7	0
-7874.09	15112.1	0
-7849.44	15104.4	0
-7921.05	15104.4	0
-7838.28	15092.9	0
-7891.11	15091.6	0
-7881.08	15082.7	0
-7880.5	15076.2	0
-7863.78	15074.2	0
-7878.59	15064.6	0
-7892.1	15058.7	0
-7855.92	15057.7	0
-7892.56	15044.7	0
-7877.81	15045.4	0
-7905.17	15037.2	0
-7858.46	15026.8	0
-7929.3	15027.4	0
-7878.15	15024.1	0
-7905.51	15003.3	0
-7887.36	15016.2	0
-7917.43	15002	0
-7891.02	14987.6	0
-7874.71	15002.5	0
-7933.14	14978.4	0
-7870.83	14977.8	0
-7907.92	14979.4	0
-7885.82	14964.1	0
-7930.78	14963.8	0
-7875.69	14955.6	0
-7923.59	14951.8	0
-7919.48	14943.3	0
-7907.41	14937.5	0
-7914.58	14937.4	0
-7920.87	14923.2	0
-7933.08	14920.5	0
-7881.63	14924.7	0
-7950.46	14896.7	0
-7900.27	14916.2	0
-7924.93	14896.6	0
-7893.91	14890.3	0
-7949.86	14893.3	0
-7903.89	14880.9	0
-7912.95	14873.9	0
-7952.95	14871.9	0
-7914.95	14873.7	0
-7939.56	14848.3	0
-7923.6	14864.7	0
-7965.9	14847.4	0
-7908.27	14834.7	0
-7952.57	14849.8	0
-7932.51	14831.3	0
-7946.9	14816.4	0
-7918.09	14837.6	0
-7944.3	14802.6	0
-7953.24	14815.7	0
-7906.43	14806.5	0
-7965.96	14799	0
-7928.33	14794.3	0
-7966.69	14796.5	0
-7912.86	14772.1	0
-7990.38	14789	0
-7939.33	14769.4	0
-7945.46	14769.8	0
-7972.87	14757.4	0
-7956.91	14765.5	0
-7950.46	14741.9	0
-7950.1	14754.1	0
-7982.24	14734.4	0
-7931.58	14739.3	0
-7961.79	14728	0
-7956.66	14722.5	0
-7972.26	14720.5	0
-7930.19	14714.2	0
-7984.74	14704.8	0
-7967.59	14705.3	0
-7949.36	14696.8	0
-7983.95	14688.3	0
-7969.88	14691.7	0
-7981.84	14680.6	0
-7951.69	14670.3	0
-8004.55	14676.7	0
-7960.3	14660.2	0
-7976.73	14659.2	0
-7963.57	14656.8	0
-7994.49	14646.3	0
-7955.68	14643.5	0
-7964.31	14640.2	0
-8002.38	14628.8	0
-7950.48	14629.5	0
-7985.6	14623.6	0
-7972.46	14614.9	0
-8007.51	14615	0
-7943.77	14599.5	0
-8015.94	14611.1	0
-7986.44	14583.2	0
-7980.6	14603.3	0
-7988.44	14575.7	0
-8000.85	14583.9	0
-7991.97	14573.4	0
-7961.77	14568.9	0
-8023.53	14568.4	0
-7964.88	14551.8	0
-7996	14564	0
-7975.75	14542.5	0
-8005.71	14546.8	0
-7976.91	14539.2	0
-7981.49	14533.1	0
-8015.01	14529.2	0
-7977.81	14525.6	0
-8006.29	14516.3	0
-7979.9	14511.1	0
-8043.21	14512.5	0
-7950.79	14500.5	0
-8038.12	14495.4	0
-8002.25	14495.5	0
-7995	14485	0
-8006.52	14476.9	0
-8012.8	14483.6	0
-8005.12	14464.5	0
-7979.1	14464.1	0
-8037.48	14465.8	0
-7977	14447.5	0
-8020.24	14454.3	0
-7983.16	14441.5	0
-8036.15	14442.2	0
-7982.11	14424.2	0
-8011.06	14436.6	0
-8030.18	14415.8	0
-7997.01	14418.8	0
-8022.04	14412.5	0
-8009.69	14410	0
-8050.16	14390.6	0
-7980.41	14406.8	0
-8054.91	14385.2	0
-8011.9	14386	0
-8031.25	14378.7	0
-8005.38	14380.4	0
-8041.83	14359.4	0
-8029.72	14368.8	0
-7988.6	14360.2	0
-8062.1	14342.8	0
-8003.79	14358.3	0
-8033.92	14337	0
-8005.11	14333.4	0
-8061.24	14340.4	0
-7999.45	14319.6	0
-8033.16	14323.8	0
-8050.94	14317.1	0
-8019.01	14311.6	0
-8036.48	14300.1	0
-8039.65	14307.5	0
-8063.75	14286.1	0
-8000.41	14297	0
-8083.83	14279.2	0
-8026.23	14283.7	0
-8050.31	14270.8	0
-8045.41	14268.9	0
-8046.62	14264.6	0
-8057.06	14257.8	0
-8023.3	14253	0
-8070.11	14251.3	0
-8031.51	14237.5	0
-8055.92	14246.4	0
-8024.21	14225.8	0
-8084.1	14236.8	0
-8017.29	14216.5	0
-8049.66	14223.4	0
-8073.13	14215.6	0
-8035.6	14204.2	0
-8056.46	14212.9	0
-8053.95	14196.5	0
-8083.57	14198	0
-8017.33	14192.7	0
-8101.99	14186.3	0
-8049.08	14185.7	0
-8069.14	14176.5	0
-8061.97	14178.1	0
-8086.53	14165.1	0
-8064.89	14169.3	0
-8058.94	14164.5	0
-8100.86	14153.3	0
-8052.14	14154.8	0
-8087.04	14152.6	0
-8058.39	14140.3	0
-8108.04	14146.9	0
-8040.39	14136.6	0
-8093.59	14126.5	0
-8085.77	14134.5	0
-8062.81	14124.7	0
-8089.31	14107.9	0
-8068.8	14133.8	0
-8110.34	14101.3	0
-8042.79	14108.6	0
-8119.5	14112.4	0
-8072.51	14094	0
-8092.57	14094.3	0
-8080.65	14103.9	0
-8112.58	14077.6	0
-8089.99	14088.6	0
-8072.7	14085.5	0
-8136.75	14067.6	0
-8078.75	14079.4	0
-8107.88	14071.9	0
-8096.73	14056.6	0
-8135.85	14071.7	0
-8066.35	14053.5	0
-8131.59	14054	0
-8119.61	14055.4	0
-8083.8	14044.5	0
-8127.83	14047.1	0
-8111	14039.5	0
-8120.5	14038.6	0
-8088.06	14035.8	0
-8150	14028.4	0
-8091.28	14028.8	0
-8122.76	14021.2	0
-8116.48	14020.7	0
-8123.51	14013.4	0
-8117.25	14017.5	0
-8103.66	13997.8	0
-8150.99	14017.9	0
-8094.51	13989.9	0
-8137.75	14005.3	0
-8116.04	13989	0
-8141.27	13993.1	0
-8100.25	13981.5	0
-8145.79	13986.9	0
-8134.24	13977.5	0
-8112.64	13968	0
-8144.27	13980.5	0
-8124.89	13962.5	0
-8153.83	13959.8	0
-8099.77	13962.6	0
-8175.75	13954.2	0
-8118.44	13946.8	0
-8140.68	13952	0
-8140.98	13937.7	0
-8153.99	13942.8	0
-8131.84	13934.1	0
-8136.16	13929.1	0
-8179.45	13931.9	0
-8113.52	13918.5	0
-8162.32	13925.3	0
-8148.13	13909.5	0
-8163.61	13918.6	0
-8121.33	13904.2	0
-8183.45	13909.4	0
-8147.52	13891.1	0
-8139	13910	0
-8175.12	13885.6	0
-8152.88	13889.9	0
-8160.64	13891.6	0
-8139.46	13875.4	0
-8199.44	13880	0
-8127.46	13876	0
-8172.25	13868.8	0
-8172.94	13864.6	0
-8153.79	13871.8	0
-8169.54	13847.2	0
-8154.9	13860.5	0
-8200.86	13855.5	0
-8120.65	13838.9	0
-8205.32	13849.9	0
-8157.11	13837.5	0
-8174.81	13833.6	0
-8157.2	13834.1	0
-8194.38	13826.7	0
-8166.29	13821.6	0
-8156.49	13823.2	0
-8200.75	13813	0
-8159.67	13816	0
-8185.29	13799.7	0
-8163.18	13813.6	0
-8208.57	13796.3	0
-8148	13794.6	0
-8193.15	13799.9	0
-8189.54	13783.7	0
-8166.11	13782.4	0
-8195.07	13788.3	0
-8172.29	13773.9	0
-8213.55	13770.8	0
-8142.51	13776.7	0
-8228.85	13761.2	0
-8168.77	13760.4	0
-8192.39	13767.8	0
-8184.01	13742.2	0
-8209.04	13760.1	0
-8178.75	13746.3	0
-8181.95	13741	0
-8229.53	13742.9	0
-8155.17	13734.7	0
-8222.01	13736.1	0
-8177.85	13726.6	0
-8223.33	13732.3	0
-8168.05	13715.5	0
-8217.5	13727.1	0
-8205.6	13706.3	0
-8179.37	13720	0
-8217.15	13705.6	0
-8198.84	13703.6	0
-8214.39	13707.1	0
-8173.16	13693.7	0
-8242.57	13696.1	0
-8185.18	13693.3	0
-8202.57	13685	0
-8219.86	13685.4	0
-8207.71	13684.5	0
-8202.16	13674.4	0
-8203.64	13675.8	0
-8241.83	13674.5	0
-8168.55	13660.3	0
-8242.43	13667.7	0
-8198.68	13664.6	0
-8222.97	13650.8	0
-8201.91	13655.9	0
-8217.47	13653.8	0
-8234.71	13641.1	0
-8178.5	13645.7	0
-8249.08	13641.9	0
-8200.99	13632.5	0
-8227.21	13634.2	0
-8192.36	13631	0
-8260.74	13622.7	0
-8185.82	13623.5	0
-8219.57	13625.3	0
-8248.28	13607.8	0
-8195.5	13617	0
-8225.28	13609.4	0
-8222.58	13606	0
-8239.12	13599.7	0
-8182.83	13604.1	0
-8258.43	13588.9	0
-8212.15	13597.4	0
-8213.07	13587.4	0
-8231.89	13582.3	0
-8227.66	13583.6	0
-8225.93	13577.5	0
-8199.97	13577	0
-8268.69	13563.9	0
-8187.71	13575.3	0
-8242.63	13558.2	0
-8222.29	13557.6	0
-8236.32	13566.8	0
-8211.22	13545.2	0
-8232.07	13552.6	0
-8253.47	13547.8	0
-8180.35	13542.6	0
-8276.36	13536.7	0
-8198.47	13544.7	0
-8250.21	13526.7	0
-8210.1	13533.9	0
-8254.77	13525.1	0
-8215.36	13524.7	0
-8232.21	13515.4	0
-8244.51	13521.2	0
-8216.36	13513.6	0
-8253.29	13506.3	0
-8202.85	13509	0
-8275.51	13503.3	0
-8196.06	13500.4	0
-8250.98	13491.1	0
-8241.51	13503.8	0
-8225.36	13479.5	0
-8236.53	13491.1	0
-8234.74	13482.8	0
-8255.05	13478.2	0
-8195.58	13474.9	0
-8279.21	13480	0
-8218.66	13460.1	0
-8230.11	13474.2	0
-8248.78	13457.6	0
-8243.42	13462.3	0
-8222.63	13452.7	0
-8241.28	13455.3	0
-8256.27	13447.7	0
-8213.84	13442.8	0
-8259.08	13448.4	0
-8223.74	13434.7	0
-8262.54	13433.1	0
-8207.09	13437.8	0
-8264.56	13422.1	0
-8240.71	13430.2	0
-8216.66	13414.2	0
-8270.54	13422.8	0
-8217.45	13411.8	0
-8257.57	13408.2	0
-8220.46	13407.9	0
-8264.7	13405	0
-8228.43	13396	0
-8229.68	13394.4	0
-8268.82	13398.6	0
-8219.67	13376.2	0
-8249.53	13398.9	0
-8233.37	13368.3	0
-8266.91	13384.1	0
-8203.16	13373.1	0
-8272.65	13369	0
-8236.19	13364.1	0
-8234.73	13364.8	0
-8247.53	13358.9	0
-8240.37	13352	0
-8256.5	13354.1	0
-8208.4	13347.5	0
-8289.63	13336.5	0
-8208.21	13343.8	0
-8257.97	13338.9	0
-8238.01	13319.8	0
-8254.82	13337.7	0
-8228.17	13317.8	0
-8244.82	13317.5	0
-8267.36	13320.5	0
-8208.69	13306.2	0
-8267.95	13308.8	0
-8234.9	13304.1	0
-8251.93	13300.1	0
-8221.81	13295	0
-8275.26	13291	0
-8228.57	13288.7	0
-8230.83	13284	0
-8273.77	13274.6	0
-8219.22	13282.2	0
-8259.78	13265.4	0
-8222.5	13267.5	0
-8279.95	13266.3	0
-8204.35	13254.6	0
-8262.6	13256	0
-8254.42	13250.2	0
-8221.94	13248.8	0
-8250.67	13236.2	0
-8247.84	13243.7	0
-8249.15	13232.4	0
-8209.63	13224.4	0
-8289.41	13237.5	0
-8213.53	13207.7	0
-8240.81	13225.5	0
-8259.92	13212.5	0
-8233.53	13206.7	0
-8243.61	13206.7	0
-8232.73	13200.3	0
-8274.9	13199.3	0
-8202	13188.1	0
-8266.46	13191.6	0
-8242.37	13179	0
-8234.6	13188.2	0
-8241.76	13166.8	0
-8246.66	13181	0
-8254.44	13164.1	0
-8209.01	13164.1	0
-8286.65	13166.7	0
-8212.22	13145.9	0
-8254.96	13164.9	0
-8239.01	13140.9	0
-8255.68	13146.9	0
-8229.18	13143.1	0
-8243.97	13136.9	0
-8264.97	13130.9	0
-8213.41	13131	0
-8264.47	13124.2	0
-8235.56	13123.9	0
-8250.78	13112.8	0
-8229.01	13119	0
-8260.8	13103.6	0
-8245.46	13112.5	0
-8222.69	13098.7	0
-8272.74	13095.7	0
-8225.03	13099.6	0
-8257.35	13083.4	0
-8225.08	13089.2	0
-8277.19	13084.7	0
-8215.09	13072.8	0
-8249.8	13076.7	0
-8262.13	13073.4	0
-8224.69	13062.2	0
-8249.29	13064.2	0
-8246.47	13061.5	0
-8261.88	13050.4	0
-8199.44	13050.6	0
-8299.06	13050.7	0
-8213.33	13032.5	0
-8246.05	13047.4	0
-8258.92	13026.2	0
-8238.91	13038.6	0
-8245.88	13017.2	0
-8233.44	13029.3	0
-8281.14	13013.4	0
-8202.15	13012.1	0
-8277.31	13016.7	0
-8236.2	13000.2	0
-8250.39	13003.7	0
-8237.28	12999.3	0
-8256.22	12990.9	0
-8258.1	12988.8	0
-8212.19	12990.8	0
-8290.72	12976.9	0
-8216.45	12976	0
-8266.45	12980.3	0
-8229.99	12959	0
-8275.3	12970.8	0
-8229.5	12963.2	0
-8241.28	12949.6	0
-8287.25	12960.4	0
-8203.37	12947.4	0
-8283.17	12938.3	0
-8230.72	12949.5	0
-8273.28	12928.3	0
-8216.59	12938.5	0
-8283.13	12925.6	0
-8244.65	12929.5	0
-8224.75	12912.3	0
-8291.18	12923.8	0
-8225.2	12908.6	0
-8265.13	12905.8	0
-8236.4	12908.4	0
-8287.13	12896.5	0
-8214.11	12892.8	0
-8273.19	12895.3	0
-8265.73	12881.9	0
-8225.69	12885.5	0
-8275.52	12879.1	0
-8242.45	12869.7	0
-8270.89	12873.8	0
-8225.38	12860.7	0
-8285.74	12860.5	0
-8242.34	12862.4	0
-8247.33	12846.3	0
-8273.72	12851.8	0
-8245.45	12842.5	0
-8262.25	12839	0
-8235.22	12830.8	0
-8303.03	12839.7	0
-8205.45	12816.3	0
-8282.55	12828.7	0
-8266.15	12820.1	0
-8234.56	12806.5	0
-8272.98	12813.8	0
-8252.92	12809.5	0
-8272.26	12792.8	0
-8220.58	12798.2	0
-8306.41	12800.2	0
-8225.92	12773.1	0
-8263.51	12796.9	0
-8266.92	12778.1	0
-8257.16	12765	0
-8251.5	12785.3	0
-8255.59	12758.2	0
-8292.32	12762.8	0
-8205.68	12760	0
-8305.4	12756.2	0
-8237.4	12744.8	0
-8265.5	12748.9	0
-8251	12741.1	0
-8271.48	12734.3	0
-8260.57	12733.7	0
-8229.7	12730.1	0
-8307.14	12717.5	0
-8220.76	12724.4	0
-8277.69	12717.3	0
-8257	12705.6	0
-8261.9	12711.8	0
-8258.92	12698.2	0
-8252.5	12702.6	0
-8290.86	12690.6	0
-8215.4	12695.2	0
-8300.19	12681	0
-8239.74	12682.5	0
-8271.86	12681.2	0
-8246.63	12666.3	0
-8279.85	12677.1	0
-8253.48	12660.6	0
-8243.4	12654.6	0
-8298.28	12668.6	0
-8227.48	12637.3	0
-8280.22	12659	0
-8250.52	12637.1	0
-8278.69	12641	0
-8238.87	12639.5	0
-8271.5	12625.1	0
-8280.54	12630.8	0
-8225.96	12625.3	0
-8297.32	12616.8	0
-8244.68	12612.1	0
-8274.41	12617.9	0
-8244.61	12600.9	0
-8292.71	12607.3	0
-8241.53	12595.2	0
-8259.46	12599	0
-8295.67	12587.3	0
-8227.58	12589.8	0
-8290.46	12577.9	0
-8245.53	12581.8	0
-8288.68	12572.5	0
-8231.49	12569.2	0
-8291.29	12566.6	0
-8261.19	12561.8	0
-8247.65	12553.1	0
-8285.18	12560.7	0
-8250.77	12538.6	0
-8277.54	12548.6	0
-8242.41	12539.4	0
-8295.04	12533.5	0
-8239.39	12530.5	0
-8270.61	12528	0
-8276.76	12520.3	0
-8249.58	12517.6	0
-8273.64	12511.8	0
-8253.15	12513.3	0
-8293.45	12495.6	0
-8221.36	12509.4	0
-8304.63	12491.1	0
-8254.13	12496.5	0
-8251.63	12477.1	0
-8289.72	12500.7	0
-8245.34	12462	0
-8286.38	12484.5	0
-8235.21	12470	0
-8310.68	12466.7	0
-8224.21	12460.6	0
-8285.06	12468.1	0
-8277.22	12449.6	0
-8246.38	12453.7	0
-8282.19	12449.5	0
-8253.07	12448.1	0
-8293.39	12431.7	0
-8223.57	12452.2	0
-8311.51	12422.5	0
-8244.29	12431	0
-8264.51	12433.9	0
-8278.93	12418.7	0
-8261.66	12414.4	0
-8271.76	12425.7	0
-8242.46	12404.5	0
-8314.3	12409.1	0
-8213.18	12404.1	0
-8295.89	12407.3	0
-8267.77	12383	0
-8253.02	12409.1	0
-8268.26	12378.7	0
-8274.01	12387.2	0
-8268.15	12382.9	0
-8235.4	12378.3	0
-8315.85	12370.1	0
-8225.38	12373.3	0
-8278.74	12368.6	0
-8272.7	12360.8	0
-8259.59	12355.1	0
-8264.81	12370.6	0
-8261.56	12334.7	0
-8289.54	12360.3	0
-8222.37	12347.1	0
-8305.1	12332	0
-8246.45	12348.5	0
-8266.57	12330.3	0
-8265.68	12330.2	0
-8269.66	12327.6	0
-8264.6	12328.7	0
-8241.22	12310.6	0
-8307.06	12324	0
-8217.31	12306.7	0
-8290.29	12312.1	0
-8257.65	12304.5	0
-8258.74	12303.9	0
-8263.34	12292.7	0
-8258.03	12299.6	0
-8281.05	12288.7	0
-8227.4	12292.1	0
-8300.69	12276.6	0
-8236.46	12289.8	0
-8268.59	12273.4	0
-8261.13	12273.2	0
-8261.48	12275.9	0
-8266.59	12266.8	0
-8244.04	12258.4	0
-8291.25	12270.8	0
-8232.81	12248.9	0
-8275.34	12261.3	0
-8265.71	12247.2	0
-8249.41	12246.2	0
-8270.14	12247.8	0
-8253.37	12234.3	0
-8280.72	12243.9	0
-8220.76	12227.1	0
-8311.83	12229.1	0
-8222.82	12232.4	0
-8271.02	12218.3	0
-8270.16	12220.3	0
-8250.38	12220	0
-8263.72	12208.6	0
-8250.9	12209.7	0
-8290.98	12210.4	0
-8208.65	12198.5	0
-8315.5	12200	0
-8222.89	12195.4	0
-8272.02	12195.6	0
-8259.63	12184.4	0
-8256.77	12189.7	0
-8270.86	12180.6	0
-8232.25	12179.3	0
-8300.61	12178.3	0
-8216.21	12167.6	0
-8282.12	12176.3	0
-8260.31	12155.9	0
-8244.81	12168.9	0
-8266.24	12158.3	0
-8252.4	12145	0
-8271.21	12164	0
-8222.1	12136.7	0
-8302.7	12148.7	0
-8220.71	12140.3	0
-8266.08	12135.8	0
-8265.32	12132.4	0
-8241.81	12137.2	0
-8267.55	12119.3	0
-8236.45	12131.3	0
-8288.05	12115.6	0
-8208.76	12117.9	0
-8292.21	12118	0
-8239.54	12104.5	0
-8246.22	12117.2	0
-8272.11	12087.7	0
-8236.56	12114.4	0
-8271.95	12090.8	0
-8223.41	12095	0
-8293.22	12091.9	0
-8217.95	12085.7	0
-8269.25	12080.7	0
-8259.42	12087.3	0
-8237.79	12069.9	0
-8267.38	12081.7	0
-8235.95	12068.9	0
-8286.91	12062.1	0
-8203.45	12071.5	0
-8305.02	12054.9	0
-8219.21	12060.2	0
-8262.75	12053.2	0
-8259.09	12055.5	0
-8245.28	12040.2	0
-8260.25	12052.4	0
-8237.77	12037.7	0
-8288.96	12033.1	0
-8209.19	12045.6	0
-8285.19	12017.3	0
-8250.46	12038.9	0
-8235.52	12015.6	0
-8280.48	12027.7	0
-8230.22	12011.1	0
-8281.63	12023.5	0
-8221.75	11998.6	0
-8292.06	12017.5	0
-8232.45	11999.5	0
-8253.53	12000.1	0
-8280.92	12000.7	0
-8223.88	11987.4	0
-8286.23	11999.5	0
-8227.13	11982.2	0
-8294.51	11985	0
-8218.06	11983.4	0
-8284.84	11980.3	0
-8254.19	11968.9	0
-8241.49	11984.9	0
-8284.33	11961.3	0
-8238.75	11966.8	0
-8279.42	11970.4	0
-8231.34	11954.1	0
-8301.65	11960.4	0
-8224.68	11958.6	0
-8276.02	11946.9	0
-8273.92	11950.5	0
-8234.17	11948.1	0
-8296.75	11939.8	0
-8230.7	11941.1	0
-8300.4	11935.2	0
-8222.41	11936.5	0
-8304.67	11928.7	0
-8248.79	11925.9	0
-8254.12	11931.3	0
-8297.27	11910.9	0
-8240.24	11926.9	0
-8289.64	11917.6	0
-8246.69	11905.7	0
-8306.93	11917	0
-8224.16	11906.6	0
-8302.26	11900.6	0
-8270.29	11903.2	0
-8245.37	11899.8	0
-8309.45	11891.8	0
-8242.48	11895.1	0
-8295.99	11889.7	0
-8249.47	11884.4	0
-8306.15	11884.3	0
-8250.7	11883.4	0
-8271.37	11869.6	0
-8310.08	11887.2	0
-8232.61	11854.9	0
-8308.36	11883.8	0
-8259.98	11857	0
-8292.28	11865.4	0
-8253.5	11857.5	0
-8301.97	11861	0
-8273.53	11846.2	0
-8257.03	11856.9	0
-8317.52	11846.9	0
-8249.8	11843.1	0
-8293.96	11844.7	0
-8275.51	11839	0
-8292.46	11832.4	0
-8265.99	11839.6	0
-8282.02	11824.5	0
-8308.84	11830	0
-8235.77	11825.8	0
-8323.47	11814.7	0
-8264.34	11828.4	0
-8287.53	11809	0
-8278.39	11814.7	0
-8293.33	11813.4	0
-8289.23	11799.7	0
-8256.1	11818.3	0
-8335.31	11785.6	0
-8238.84	11808.6	0
-8316.96	11797	0
-8279.63	11783.7	0
-8286.94	11800.5	0
-8290.74	11782.2	0
-8283.66	11781.5	0
-8309.68	11790.4	0
-8254.61	11773.7	0
-8333.46	11773.1	0
-8262.89	11780.9	0
-8302.28	11766.2	0
-8290.99	11763.2	0
-8295.07	11775.1	0
-8293.5	11753.7	0
-8281.38	11761.3	0
-8331.01	11758.4	0
-8241.66	11750.9	0
-8343.64	11750	0
-8273.96	11747.8	0
-8290.73	11744.3	0
-8314.33	11744	0
-8283.08	11734	0
-8308.35	11740.7	0
-8273.81	11727	0
-8342.32	11731.5	0
-8246	11723.2	0
-8331.5	11726.5	0
-8300.05	11715.8	0
-8272.45	11721.9	0
-8327.84	11706.3	0
-8283.18	11721.5	0
-8312.06	11697.6	0
-8272.93	11706.6	0
-8343.9	11708.3	0
-8263.8	11682.4	0
-8303.07	11705.5	0
-8330.97	11689.4	0
-8268.33	11681.2	0
-8316.9	11685.3	0
-8300.36	11692	0
-8312.04	11658.7	0
-8276.81	11690.2	0
-8326.7	11659.2	0
-8309.43	11672.9	0
-8259.87	11659.3	0
-8360.16	11666	0
-8263.99	11651.4	0
-8322.79	11654	0
-8291.34	11653	0
-8329.49	11644.2	0
-8276.96	11645.9	0
-8319.41	11636.2	0
-8322.45	11641.3	0
-8270.4	11629.3	0
-8342.26	11632.6	0
-8286.52	11623.4	0
-8316.64	11628.1	0
-8297.57	11615.4	0
-8318.98	11619.7	0
-8309.02	11614.3	0
-8284.43	11605.8	0
-8351.67	11606.7	0
-8268.46	11606.8	0
-8332.79	11590.6	0
-8304.99	11603.2	0
-8308.31	11590.5	0
-8311.34	11584.8	0
-8307.78	11591.9	0
-8332.48	11573.3	0
-8274.11	11587.7	0
-8360.53	11564.4	0
-8274.32	11580.5	0
-8332.73	11562.9	0
-8313.05	11561	0
-8309.3	11569.8	0
-8326.49	11548.4	0
-8296.91	11558.3	0
-8351.27	11550.7	0
-8272.44	11542.4	0
-8350.84	11550.8	0
-8310.42	11537.2	0
-8300.55	11533.5	0
-8348.12	11537.7	0
-8289.8	11529.7	0
-8345.08	11517.4	0
-8291.38	11535.5	0
-8355.65	11504.7	0
-8283.75	11525.7	0
-8343.92	11504.8	0
-8327.5	11509.1	0
-8292.1	11505.8	0
-8360.8	11498.2	0
-8289.33	11499.5	0
-8351.16	11490.3	0
-8295	11489.8	0
-8350.55	11489.1	0
-8309.88	11481.2	0
-8312.05	11476.3	0
-8366.61	11479	0
-8273.1	11473.4	0
-8366.16	11466.3	0
-8304.69	11466.6	0
-8339.75	11460.7	0
-8311.64	11461.1	0
-8338.27	11455	0
-8339.36	11449.8	0
-8291.11	11455.1	0
-8379.85	11433.4	0
-8289.26	11452.7	0
-8351.18	11433	0
-8326.35	11437.1	0
-8331.14	11431.2	0
-8335.33	11432.1	0
-8319.34	11418.5	0
-8362.72	11428.5	0
-8294.94	11417.8	0
-8363.95	11414.3	0
-8328.9	11414.2	0
-8321.11	11408.3	0
-8360.97	11408	0
-8308.9	11400	0
-8365.75	11404.8	0
-8304.76	11398.2	0
-8377.83	11393	0
-8302.19	11397.1	0
-8360.59	11384.2	0
-8344.56	11391.8	0
-8316.32	11379	0
-8373.96	11384.9	0
-8314.79	11376.7	0
-8364.66	11374.2	0
-8322.63	11373.3	0
-8369.62	11369.4	0
-8325.48	11368.2	0
-8347.2	11362.2	0
-8371.26	11362.8	0
-8305.37	11357	0
-8388.59	11356	0
-8319.35	11351.8	0
-8375.49	11355.9	0
-8320.2	11336.2	0
-8373.18	11352.5	0
-8351.35	11341.8	0
-8321.73	11329.7	0
-8399.29	11350.2	0
-8311.24	11324.8	0
-8374.38	11334.4	0
-8353.07	11326.2	0
-8348.56	11334.2	0
-8355.92	11312.1	0
-8354.3	11331.4	0
-8377.84	11313.4	0
-8314.8	11319.2	0
-8406.81	11309.1	0
-8328.71	11316.7	0
-8361.01	11307.7	0
-8377.55	11303.5	0
-8346.96	11310.4	0
-8371.38	11296.9	0
-8348.08	11298.7	0
-8399.51	11302.7	0
-8316.5	11292	0
-8397.34	11289.7	0
-8370.21	11298.1	0
-8336.52	11279.6	0
-8402.55	11287.9	0
-8343.8	11288.3	0
-8389.16	11273.3	0
-8341.49	11283.1	0
-8411	11279.2	0
-8338.93	11271.3	0
-8373.49	11267.6	0
-8407.67	11276.7	0
-8321.59	11261.5	0
-8421.78	11261.3	0
-8345.9	11268.6	0
-8393.39	11254.9	0
-8358.84	11255.5	0
-8398.55	11256.5	0
-8367.96	11253.8	0
-8362.46	11242.3	0
-8423.43	11253.9	0
-8331.31	11239.6	0
-8407	11242.1	0
-8383.5	11236.3	0
-8365.99	11238.7	0
-8395.75	11233.5	0
-8374.1	11223.6	0
-8403.65	11236.6	0
-8347.42	11226.3	0
-8431.3	11209.5	0
-8352.04	11238.4	0
-8394.26	11209	0
-8399.82	11208.9	0
-8366.94	11226	0
-8411.52	11200.4	0
-8361.99	11208.8	0
-8425.36	11203.6	0
-8347.69	11208.6	0
-8426.64	11188.7	0
-8381.46	11203.8	0
-8371.71	11194	0
-8431.32	11183.2	0
-8361.39	11196.6	0
-8412.51	11180.4	0
-8378.71	11187.7	0
-8416.84	11173.8	0
-8372.18	11183.4	0
-8405.67	11173.2	0
-8419.07	11169.1	0
-8351.17	11172.1	0
-8445.97	11171.3	0
-8368.05	11152.2	0
-8410.4	11176.3	0
-8397.94	11146.2	0
-8402.81	11166.1	0
-8400.08	11146.5	0
-8388.71	11154.9	0
-8432.92	11148.8	0
-8363.92	11143.8	0
-8429.4	11143.6	0
-8400.25	11139.1	0
-8388.11	11138	0
-8430.2	11134.4	0
-8380.45	11127.8	0
-8433.99	11135.2	0
-8369.69	11119.2	0
-8447.82	11128	0
-8383.05	11117.4	0
-8405.01	11121.5	0
-8442.13	11108.1	0
-8363.94	11120.3	0
-8451.24	11101.9	0
-8379.84	11108.9	0
-8437.41	11105.8	0
-8387.63	11101.7	0
-8428.6	11096.4	0
-8415.63	11100.5	0
-8388.03	11090.7	0
-8459.27	11093.9	0
-8371.34	11082.8	0
-8445.15	11094.2	0
-8407.87	11074.4	0
-8412.81	11085.8	0
-8425.83	11076.5	0
-8411.27	11072.4	0
-8431.86	11075.7	0
-8388.74	11063.3	0
-8463.58	11072.1	0
-8388.04	11063.4	0
-8422.53	11058	0
-8446.78	11056.8	0
-8387.66	11066.7	0
-8447.94	11032.8	0
-8399.8	11069.6	0
-8451.81	11037.6	0
-8384.24	11042.8	0
-8453.27	11051.6	0
-8421.51	11032	0
-8389.21	11036.4	0
-8478.53	11042.2	0
-8376.83	11026.4	0
-8448.52	11025.5	0
-8421	11034.3	0
-8426.77	11014.4	0
-8421.33	11031.5	0
-8430.92	11006.9	0
-8440.8	11022	0
-8389.82	11012.8	0
-8473.34	11005.7	0
-8398.89	11014.1	0
-8429.32	11001.2	0
-8450.79	10998.8	0
-8405.2	11006.8	0
-8449.35	10991.8	0
-8409.57	10992.1	0
-8461.84	10995.5	0
-8392.52	10989.5	0
-8464.16	10978.4	0
-8425.58	10993	0
-8406.68	10971.8	0
-8476.86	10979.8	0
-8398.08	10977.4	0
-8451.91	10968.4	0
-8423.2	10973.3	0
-8452.67	10959.1	0
-8413.48	10974.8	0
-8440.22	10953.3	0
-8464.49	10955.2	0
-8384.77	10965.7	0
-8487.87	10945.4	0
-8406.05	10948.3	0
-8441.53	10954.4	0
-8452.01	10937.2	0
-8418.79	10940.9	0
-8462.31	10942.1	0
-8410.16	10933.3	0
-8475.13	10933.4	0
-8401.98	10930.2	0
-8469.56	10931	0
-8431.82	10924.8	0
-8424.66	10919.8	0
-8473.84	10924.1	0
-8410.13	10911.9	0
-8463.22	10920.7	0
-8423.27	10900.2	0
-8467.44	10918.8	0
-8419.18	10897.3	0
-8447.22	10904.4	0
-8470.67	10898.2	0
-8392.15	10903.6	0
-8493.36	10876.9	0
-8416.67	10906.1	0
-8450.72	10882.8	0
-8447.49	10874	0
-8443.25	10896.7	0
-8454.94	10868.7	0
-8413.22	10872.2	0
-8501.83	10881.4	0
-8389.84	10864.4	0
-8473.22	10862.3	0
-8460.84	10870.1	0
-8409.02	10855.3	0
-8484.83	10859.4	0
-8418.33	10850.2	0
-8471.94	10855.3	0
-8419.93	10849.5	0
-8476.08	10836.6	0
-8432.02	10851.1	0
-8443.83	10836.9	0
-8477.16	10831.5	0
-8400.03	10838	0
-8499.62	10827.1	0
-8413.25	10828.4	0
-8460.85	10822.7	0
-8451.8	10823.1	0
-8440.42	10818.8	0
-8462.37	10806.5	0
-8423.97	10821.6	0
-8489.1	10803	0
-8402.95	10802.2	0
-8480.31	10804.5	0
-8447.47	10803.9	0
-8426.54	10782.7	0
-8482.95	10804.7	0
-8418.94	10787.5	0
-8474.45	10777.3	0
-8420.76	10793	0
-8479.01	10776.9	0
-8431.29	10774	0
-8442.2	10774.1	0
-8486.01	10770.4	0
-8400.57	10767.6	0
-8484.03	10761.6	0
-8433.58	10757.2	0
-8458.42	10765	0
-8435.56	10747.4	0
-8459.33	10748.3	0
-8456.22	10758.3	0
-8412.68	10735.3	0
-8500.17	10737.9	0
-8403.6	10745.7	0
-8460.71	10729.5	0
-8466.88	10731	0
-8414.56	10729.7	0
-8474.82	10732.4	0
-8426.77	10708.3	0
-8471.29	10733.3	0
-8412.23	10711.6	0
-8478.36	10710.4	0
-8438.04	10709.4	0
-8424.4	10711.3	0
-8488.58	10699.1	0
-8401.64	10701.2	0
-8481.48	10698.6	0
-8425.9	10694.3	0
-8457.41	10687	0
-8440.31	10689.1	0
-8442.67	10686.5	0
-8465.47	10677.4	0
-8403.51	10678.5	0
-8503.24	10679.4	0
-8397.97	10662.7	0
-8456.39	10673.6	0
-8470.14	10656.9	0
-8402.07	10668	0
-8477.57	10649.1	0
-8424.72	10659.2	0
-8464.09	10647.5	0
-8409.62	10645.3	0
-8483.45	10645.2	0
-8418.62	10638.1	0
-8429.73	10634.3	0
-8489.26	10633.7	0
-8386.77	10629.6	0
-8477.8	10625.3	0
-8430.44	10616.4	0
-8438.94	10625.8	0
-8443.57	10612.1	0
-8433.18	10609.2	0
-8464.56	10608.4	0
-8397.39	10610.1	0
-8483.87	10591.6	0
-8414.45	10606	0
-8435.17	10591.6	0
-8468.95	10585.8	0
-8396.47	10590.7	0
-8477.53	10586.3	0
-8407.09	10568.3	0
-8465.01	10586.2	0
-8410.45	10568	0
-8451.6	10568.7	0
-8448.65	10564.5	0
-8392.6	10563.2	0
-8495.36	10560.5	0
-8386.78	10543.2	0
-8456.73	10566.1	0
-8432.45	10539.6	0
-8429.48	10537.6	0
-8438.09	10552.9	0
-8425.56	10525.9	0
-8457.78	10533.8	0
-8385.53	10531.2	0
-8487.83	10526.6	0
-8399.06	10511.8	0
-8423.98	10527.5	0
-8471.8	10508.9	0
-8384.31	10506.3	0
-8462.3	10511.1	0
-8418.11	10498.2	0
-8437.94	10497.9	0
-8420.24	10496.2	0
-8436.56	10491.7	0
-8444.1	10479.1	0
-8385.34	10492.4	0
-8490.92	10473.8	0
-8378.46	10473.1	0
-8445.55	10475.3	0
-8441.19	10470.1	0
-8403.19	10447	0
-8446.96	10480.9	0
-8413.09	10441	0
-8448.97	10452.5	0
-8393.22	10451.3	0
-8457.91	10436.3	0
-8419.03	10441.3	0
-8396.03	10430.9	0
-8481.65	10435.4	0
-8369.32	10423	0
-8457.77	10414.6	0
-8416.88	10430.2	0
-8421.45	10400.9	0
-8425.06	10414.6	0
-8415.69	10406.8	0
-8451.4	10400.5	0
-8371.29	10392.6	0
-8476.19	10400.8	0
-8385.21	10381.4	0
-8428.01	10390.3	0
-8439.53	10377.3	0
-8386.18	10381.3	0
-8457.38	10367.7	0
-8389.69	10373.2	0
-8441.87	10361.7	0
-8400.09	10363.1	0
-8428.18	10353.1	0
-8429.07	10353	0
-8384.32	10353	0
-8467.18	10336.4	0
-8369.14	10344.5	0
-8446.76	10338.9	0
-8414.54	10327.3	0
-8401.1	10330.7	0
-8434.49	10331.7	0
-8405.05	10310.2	0
-8429.69	10325.3	0
-8384.92	10312.7	0
-8459.16	10307.3	0
-8384.56	10307.7	0
-8410.05	10308.6	0
-8454.15	10291	0
-8361.43	10296.2	0
-8455.28	10296.6	0
-8394.48	10278.4	0
-8412.33	10288.4	0
-8419.24	10278.3	0
-8407.44	10271.1	0
-8421.55	10275.6	0
-8379.91	10266.6	0
-8462.02	10259.9	0
-8363.62	10265.2	0
-8427.58	10250.9	0
-8426.48	10251.7	0
-8368.99	10253.6	0
-8450.72	10236.6	0
-8379.68	10241.3	0
-8425.95	10238.2	0
-8386.53	10233.6	0
-8432.58	10220.5	0
-8390.95	10232.5	0
-8390.72	10215.3	0
-8450.68	10221.2	0
-8346.71	10203.4	0
-8447.29	10220.2	0
-8388.65	10196	0
-8392.32	10197	0
-8433.08	10206.4	0
-8363.29	10188.9	0
-8435.65	10182.3	0
-8369.07	10188.5	0
-8437.75	10182.3	0
-8359.49	10172.1	0
-8422.52	10166.8	0
-8413.66	10178.4	0
-8344.3	10153.6	0
-8461.99	10159.5	0
-8354.56	10160.9	0
-8407.93	10145.7	0
-8403.66	10143	0
-8387.22	10145.2	0
-8406.07	10140.7	0
-8372.78	10125.2	0
-8437.48	10137	0
-8352.35	10123	0
-8411.08	10120.7	0
-8413.67	10118.1	0
-8354.28	10107.3	0
-8435.63	10118.1	0
-8360.63	10097.9	0
-8417.79	10100.5	0
-8381.27	10099.7	0
-8395.25	10090.7	0
-8401.18	10083.3	0
-8371.58	10089.6	0
-8431.81	10073.2	0
-8340.97	10083.8	0
-8439.57	10057.6	0
-8375.93	10076.3	0
-8376.08	10058.7	0
-8422.85	10052.2	0
-8363.75	10064.3	0
-8411.59	10039	0
-8374.59	10049.4	0
-8415.52	10042.7	0
-8361.97	10034.4	0
-8406.61	10035.2	0
-8406.29	10025	0
-8347.69	10025.6	0
-8439.04	10025.1	0
-8355.21	10004.4	0
-8402.75	10021.6	0
-8400.25	10004.2	0
-8363.29	10003	0
-8421.57	9992.41	0
-8359.09	10014.2	0
-8422.14	9965.33	0
-8350.7	10003.5	0
-8425.47	9979.97	0
-8378.97	9973.14	0
-8357.6	9973.97	0
-8450.57	9978.04	0
-8330.59	9953.3	0
-8419.29	9968.57	0
-8390.34	9961.21	0
-8371.42	9943.87	0
-8408.97	9951.82	0
-8366.28	9951.4	0
-8425.38	9928.98	0
-8337.77	9943.66	0
-8434.23	9933.1	0
-8365.04	9924.06	0
-8380.67	9921.82	0
-8424.64	9923.12	0
-8334.04	9913.94	0
-8443.6	9906.18	0
-8349.66	9910.79	0
-8404.5	9901.99	0
-8387.44	9890.75	0
-8379.78	9900	0
-8407.3	9889.77	0
-8351.96	9878.6	0
-8439.26	9884.98	0
-8335.17	9880.4	0
-8415.42	9864.33	0
-8398.01	9874.11	0
-8348.87	9860.62	0
-8427.94	9863.02	0
-8361.46	9844.85	0
-8395.39	9866.3	0
-8381.33	9832.55	0
-8395.69	9851.15	0
-8382.49	9834	0
-8367.83	9836.56	0
-8425.74	9825.86	0
-8339.49	9829.31	0
-8417.95	9819.58	0
-8389.05	9820.18	0
-8349.3	9812.11	0
-8436.39	9807.71	0
-8345.26	9807.24	0
-8412.2	9802.83	0
-8369.33	9791.75	0
-8401.93	9799.59	0
-8378.17	9789.03	0
-8379.55	9774.18	0
-8414.29	9796.39	0
-8337.19	9772.8	0
-8442.12	9764.04	0
-8357.25	9782.25	0
-8377.69	9761.35	0
-8421.54	9755.05	0
-8356.56	9766.71	0
-8399.78	9750.66	0
-8387.45	9744.7	0
-8395.73	9755.47	0
-8367.24	9733.1	0
-8401.02	9744.15	0
-8413.31	9731.8	0
-8323.26	9732.25	0
-8466.59	9721.6	0
-8338.74	9729.04	0
-8404.39	9714.25	0
-8398.96	9717.2	0
-8367.46	9713.43	0
-8421.67	9704	0
-8361.69	9704.15	0
-8413.93	9704.01	0
-8369.72	9692.51	0
-8405.8	9690.76	0
-8398.25	9692.11	0
-8354.1	9681.19	0
-8449.82	9677.83	0
-8337.13	9681.59	0
-8422.91	9668.19	0
-8389.43	9671.26	0
-8374.09	9663.48	0
-8417.13	9661.44	0
-8362.07	9657.46	0
-8426.12	9654.46	0
-8352.57	9651.3	0
-8420.45	9643.51	0
-8388.42	9644.67	0
-8367.54	9643.44	0
-8434.32	9624.52	0
-8336.71	9641.52	0
-8437.81	9624.53	0
-8375.3	9620.72	0
-8372.86	9622.02	0
-8422.28	9619.55	0
-8366.63	9604.9	0
-8404.17	9613.68	0
-8372.7	9600.59	0
-8419.99	9606.4	0
-8361.51	9585.53	0
-8393.34	9603.39	0
-8428.46	9584.44	0
-8321.5	9584.86	0
-8451.05	9577.25	0
-8359.72	9584.62	0
-8387.67	9566.37	0
-8404	9574.04	0
-8374.63	9560.26	0
-8399.82	9566.11	0
-8369.49	9551.23	0
-8422.47	9554.52	0
-8345.88	9554.2	0
-8416.4	9539.04	0
-8399.15	9541.27	0
-8338.79	9537.32	0
-8445.47	9533.5	0
-8349.43	9526.84	0
-8401.01	9522.83	0
-8391.9	9516.75	0
-8376.04	9526.86	0
-8401.76	9496.14	0
-8368.46	9514.69	0
-8416.84	9507.75	0
-8346.63	9486.03	0
-8425.65	9499.94	0
-8370.02	9493.84	0
-8368.53	9479.11	0
-8442.95	9482.54	0
-8315.9	9478.49	0
-8435.66	9477.5	0
-8381.06	9458.18	0
-8364.96	9469.11	0
-8408.71	9464.33	0
-8371.3	9445.34	0
-8410.77	9454.91	0
-8348.17	9449.29	0
-8426.61	9442.18	0
-8364.22	9427.43	0
-8375.76	9449.33	0
-8429.07	9419.2	0
-8327.07	9425.46	0
-8442.55	9422.4	0
-8347.12	9418.05	0
-8398.67	9404.62	0
-8403.81	9412.14	0
-8350.28	9404.88	0
-8418.38	9386.17	0
-8362.2	9406.73	0
-8415.76	9380.36	0
-8349.26	9385.64	0
-8402.67	9382.35	0
-8408.14	9376.5	0
-8330.7	9364.29	0
-8448.93	9371.5	0
-8341.82	9358.42	0
-8398.77	9355.73	0
-8394.47	9351.78	0
-8365.74	9350.79	0
-8410.88	9337.12	0
-8349.28	9345.16	0
-8423.74	9325.42	0
-8353.1	9340.18	0
-8400.18	9311.93	0
-8390.16	9331.59	0
-8349.16	9312.49	0
-8446.66	9307.04	0
-8319.33	9313.42	0
-8416.53	9303.09	0
-8395.9	9293.01	0
-8344.87	9300.72	0
-8425.74	9288.44	0
-8353.76	9285.23	0
-8404.49	9284.13	0
-8363.56	9278.38	0
-8403.32	9271.56	0
-8380.46	9271.49	0
-8356.89	9267.18	0
-8437.29	9258.77	0
-8322.4	9254.6	0
-8432.77	9258.87	0
-8362.51	9241.48	0
-8369.02	9248.23	0
-8419.05	9240.42	0
-8347.92	9233.65	0
-8405.46	9230.24	0
-8366.42	9228.97	0
-8396.25	9220.5	0
-8375.44	9219.09	0
-8372.24	9215.07	0
-8415.53	9207.35	0
-8324.86	9207.42	0
-8436.01	9195.71	0
-8358	9203.18	0
-8365.21	9186.33	0
-8422.58	9188.61	0
-8328.45	9186.8	0
-8426.87	9178.76	0
-8354.38	9167.68	0
-8391.17	9182.58	0
-8371.36	9148.14	0
-8386.01	9174.97	0
-8393.15	9153.05	0
-8337.81	9147.72	0
-8441.96	9151.94	0
-8326.41	9144.29	0
-8398.01	9131.98	0
-8407.79	9139.06	0
-8324.96	9128.29	0
-8425.53	9125.99	0
-8357.49	9115.62	0
-8386.8	9122.13	0
-8373.92	9110.32	0
-8377.43	9098.71	0
-8394	9110.91	0
-8345.69	9091.23	0
-8419.19	9093.77	0
-8341.2	9087.04	0
-8390.18	9081.12	0
-8388.14	9083.38	0
-8343.86	9068.22	0
-8424.63	9071.09	0
-8326.29	9060.96	0
-8403.31	9062.9	0
-8373.92	9045.91	0
-8361.36	9060.06	0
-8388.14	9034.2	0
-8353.53	9044.81	0
-8406.4	9029.64	0
-8329.06	9036.43	0
-8409.74	9015.38	0
-8356.35	9029.07	0
-8348.18	9009.27	0
-8418.3	9014.12	0
-8325.77	9003.29	0
-8395.29	8996.95	0
-8365.04	9005.46	0
-8355.59	8980.31	0
-8390.65	8992.01	0
-8341.36	8980.5	0
-8399.88	8973.7	0
-8327.33	8975.14	0
-8401.74	8958.24	0
-8358.24	8972.49	0
-8339.1	8944.08	0
-8419.4	8957.12	0
-8301.62	8946.44	0
-8413.29	8940.2	0
-8351.51	8932.75	0
-8337.41	8938.16	0
-8410.25	8919.76	0
-8313.33	8925.73	0
-8403.78	8912.97	0
-8328.43	8915.09	0
-8393.98	8899.88	0
-8325.24	8909.79	0
-8376.69	8888.42	0
-8381.04	8891.8	0
-8300.06	8893.1	0
-8419.29	8870.67	0
-8324.49	8880.75	0
-8346.62	8870.46	0
-8398.83	8866.75	0
-8298.18	8852.68	0
-8392.98	8865.11	0
-8336.14	8844.94	0
-8356.52	8843.17	0
-8352.69	8839.35	0
-8343.26	8840.06	0
-8365.68	8818.86	0
-8313.88	8831	0
-8400.76	8816.49	0
-8296.43	8816.48	0
-8362.69	8801.82	0
-8372.43	8806.39	0
-8286.06	8801.1	0
-8406.71	8788.66	0
-8302.25	8792.62	0
-8349.7	8780.34	0
-8354.28	8779.45	0
-8326.25	8776.88	0
-8355.51	8764.8	0
-8310.52	8765.56	0
-8379.62	8766.88	0
-8289.59	8744.95	0
-8370.03	8752.33	0
-8341.8	8754.02	0
-8282.81	8729.52	0
-8406.24	8739.76	0
-8273.46	8732.39	0
-8358.27	8725.21	0
-8345.6	8715.42	0
-8291.93	8721.76	0
-8368.06	8711.95	0
-8308.7	8702.51	0
-8345.77	8701.55	0
-8302.38	8702.63	0
-8359.08	8688.31	0
-8317.42	8686.54	0
-8298.02	8686.11	0
-8393.52	8673.91	0
-8253.26	8674.82	0
-8364.13	8664.15	0
-8331.22	8668.25	0
-8287.4	8647.95	0
-8373.54	8666.5	0
-8274.48	8630.83	0
-8349.15	8655.91	0
-8314.65	8635.83	0
-8316.52	8624.89	0
-8327.96	8635.53	0
-8296.35	8624.07	0
-8360.49	8615.62	0
-8259.76	8610.91	0
-8370.85	8615.16	0
-8296.81	8599.25	0
-8285.14	8595.72	0
-8372.28	8596.18	0
-8262.4	8588.8	0
-8344.8	8583.02	0
-8307.84	8572.56	0
-8293.27	8578.83	0
-8341.5	8571.59	0
-8281.94	8548.94	0
-8340.25	8571.42	0
-8274.76	8551.02	0
-8344.25	8547.33	0
-8289	8539.56	0
-8293.3	8549.75	0
-8363.65	8529.25	0
-8235.6	8524.85	0
-8352.45	8533.18	0
-8298.4	8518.78	0
-8283.29	8510.94	0
-8341.29	8511.78	0
-8263.74	8510.44	0
-8331.28	8497.55	0
-8290.19	8491.99	0
-8305.56	8494.36	0
-8304.62	8491.66	0
-8284.64	8467.37	0
-8328.64	8486.2	0
-8256.08	8474.83	0
-8344.4	8454.94	0
-8278.11	8464.91	0
-8278.32	8459.92	0
-8343.86	8447.37	0
-8238.59	8442.6	0
-8351.7	8444.42	0
-8260.08	8438.65	0
-8296.79	8424.68	0
-8317.45	8425.75	0
-8257.6	8427.49	0
-8327.45	8408.3	0
-8263.8	8408.78	0
-8316.33	8411.74	0
-8265.93	8397.91	0
-8294.64	8389.51	0
-8322.24	8394.1	0
-8227.89	8384.98	0
-8344.61	8379.04	0
-8256.03	8371.28	0
-8284.51	8370.12	0
-8313.14	8366.46	0
-8252.05	8357.97	0
-8306.31	8350.59	0
-8268.9	8353.29	0
-8291.69	8336.76	0
-8279.61	8344.46	0
-8275.97	8328.27	0
-8306.57	8328.18	0
-8222.78	8325.93	0
-8352.12	8311.86	0
-8229.82	8312.99	0
-8281.93	8316.15	0
-8315.97	8291.81	0
-8214.87	8303.75	0
-8331.34	8291.31	0
-8250.19	8290.13	0
-8267.52	8279.6	0
-8300.25	8280.43	0
-8236.49	8276.6	0
-8300.5	8261.77	0
-8248.74	8269.26	0
-8293.55	8254.86	0
-8241.61	8256.08	0
-8271.99	8247.75	0
-8292.93	8245.87	0
-8214.6	8237.61	0
-8318.3	8233.38	0
-8223.17	8230.77	0
-8267.77	8220.36	0
-8292.98	8222.66	0
-8201.79	8215.33	0
-8318.17	8205.57	0
-8218.84	8204.86	0
-8263.02	8205.59	0
-8262.1	8188.01	0
-8248.5	8191.5	0
-8266.68	8183.67	0
-8215.09	8179.97	0
-8299.9	8173.98	0
-8210.79	8167.12	0
-8258.17	8165.79	0
-8269.31	8162.21	0
-8199.38	8147.05	0
-8293.58	8157.23	0
-8199.34	8141.22	0
-8263.82	8138.52	0
-8263.19	8133.57	0
-8182.56	8129.23	0
-8286.34	8127.56	0
-8215.92	8114.46	0
-8242.05	8111.48	0
-8220.07	8114	0
-8258.92	8100.04	0
-8218.04	8099.02	0
-8199.58	8091.09	0
-8292.22	8091.16	0
-8180.93	8080.2	0
-8229.9	8078.32	0
-8258.66	8067.98	0
-8171.2	8074.94	0
-8274.69	8059.48	0
-8181.86	8049.9	0
-8243.45	8060.75	0
-8223.76	8049.28	0
-8187.99	8033.82	0
-8254.24	8035.88	0
-8188.2	8046.41	0
-8241.43	8014.37	0
-8196.63	8022.45	0
-8211.05	8024.03	0
-8242.13	8007.3	0
-8163.7	8006.05	0
-8269.31	7999.85	0
-8163.8	8003.69	0
-8223.16	7987.88	0
-8228.79	7982.35	0
-8163.72	7983.31	0
-8257.43	7986.45	0
-8171.46	7959.64	0
-8210.91	7966.68	0
-8212.43	7970.83	0
-8184.38	7952.7	0
-8229.39	7946.42	0
-8164.48	7951.67	0
-8236.99	7943.23	0
-8160.19	7937.82	0
-8215.29	7923.99	0
-8213.25	7937.39	0
-8144.5	7922.78	0
-8257.56	7910.32	0
-8138.2	7915.26	0
-8206.19	7920.55	0
-8215.63	7886.1	0
-8143.98	7907.02	0
-8230.62	7894.68	0
-8157.07	7889.79	0
-8195.1	7881.82	0
-8186.67	7875.87	0
-8182.49	7882.84	0
-8191.66	7863.4	0
-8155.55	7865.48	0
-8225.56	7862.79	0
-8123.79	7855.94	0
-8220.72	7847.69	0
-8186.58	7843.3	0
-8119.97	7848.27	0
-8245.75	7831.39	0
-8124.82	7827.67	0
-8185.02	7834.22	0
-8197.23	7818.59	0
-8131.58	7811.64	0
-8208.56	7817.68	0
-8135.98	7803.51	0
-8191.27	7801.07	0
-8149.73	7794.53	0
-8179.78	7798.02	0
-8166.29	7778.12	0
-8130.26	7790.14	0
-8207.92	7767.29	0
-8120.67	7780.32	0
-8171.77	7761.85	0
-8185.23	7757.63	0
-8096.71	7767.25	0
-8216.85	7740.36	0
-8110.35	7750.21	0
-8171.69	7740.8	0
-8166.01	7736.83	0
-8114.34	7730.01	0
-8182.23	7722.34	0
-8119.84	7725.26	0
-8174.3	7708.83	0
-8122.54	7712.38	0
-8157.89	7703.94	0
-8150.45	7696.19	0
-8098.56	7692.46	0
-8198.64	7693.19	0
-8089.42	7673.86	0
-8162.03	7678.56	0
-8149.67	7678.75	0
-8076.97	7652.8	0
-8201.9	7664.49	0
-8082.86	7659.94	0
-8146.27	7641.04	0
-8141.32	7645.64	0
-8100.59	7635.01	0
-8153.61	7642.86	0
-8093.7	7618.41	0
-8154.11	7617.91	0
-8111.16	7629.52	0
-8108.24	7603.19	0
-8145.88	7599.27	0
-8072.53	7612.52	0
-8175.32	7591.24	0
-8062.26	7583.1	0
-8137.8	7587.35	0
-8134.28	7579.24	0
-8045.72	7572.42	0
-8172.29	7563.39	0
-8071.44	7561.2	0
-8113.66	7561.03	0
-8117.6	7546.79	0
-8065.87	7536.41	0
-8141.3	7550.14	0
-8063.47	7525.58	0
-8116.78	7530.45	0
-8090.69	7517.84	0
-8089.82	7518.74	0
-8099.96	7510.52	0
-8051.96	7505.27	0
-8140.88	7489.64	0
-8047.16	7504.81	0
-8082.82	7482.6	0
-8119.06	7474.32	0
-8019.25	7484.91	0
-8128.88	7469.68	0
-8043.55	7453.65	0
-8078.26	7473.69	0
-8102.65	7438.71	0
-8015.44	7454.76	0
-8111.75	7445.31	0
-8038.21	7423.53	0
-8077.46	7436.23	0
-8056.57	7422.3	0
-8057.42	7419.68	0
-8076.4	7399.66	0
-8007.51	7421.49	0
-8105.34	7393.21	0
-8024.16	7385.86	0
-8044.07	7397.31	0
-8090.55	7381.28	0
-7974.65	7376.87	0
-8110.28	7360.96	0
-8000.33	7375.56	0
-8045.55	7360.39	0
-8070.69	7341.45	0
-7985.38	7348.99	0
-8069.38	7353.93	0
-8011.56	7322.11	0
-8036.99	7329.06	0
-8029.69	7322.95	0
-8011.72	7329.86	0
-8062.19	7287.43	0
-7957.07	7319.75	0
-8077.13	7301.9	0
-7993.15	7279.81	0
-7999.28	7294.83	0
-8064.3	7280.97	0
-7946.97	7273.86	0
-8054.06	7260.92	0
-7991.61	7274.92	0
-7979.43	7245.65	0
-8058.15	7256.77	0
-7947.45	7239.05	0
-8031.26	7245.23	0
-7975.15	7226.23	0
-7998.44	7226.61	0
-8001.28	7226.59	0
-7964.83	7206.04	0
-8031.75	7215.03	0
-7935.72	7196.43	0
-8016.96	7200.39	0
-7960.26	7192.43	0
-7972.73	7182.81	0
-8022.91	7174.96	0
-7906.98	7181.85	0
-8024.68	7163.82	0
-7961.86	7156.72	0
-7924.2	7164.39	0
-8027.62	7150.5	0
-7913.12	7136.01	0
-7997.93	7140.32	0
-7940.38	7138.55	0
-7947.05	7122.49	0
-7977.74	7117.65	0
-7925.97	7123.2	0
-7979.67	7107.75	0
-7924.67	7098.58	0
-7965.77	7100.72	0
-7942.17	7097.4	0
-7909.49	7078.31	0
-7997.93	7085.33	0
-7883.72	7076.08	0
-7975.44	7059.01	0
-7932	7075.5	0
-7896.12	7048.6	0
-7984.12	7053.05	0
-7882.2	7041.7	0
-7947.88	7051.8	0
-7942.79	7012.86	0
-7893.03	7038.93	0
-7950.9	7025.27	0
-7883.97	7008.66	0
-7951.67	7003.53	0
-7895.99	7016.27	0
-7920.68	6992.08	0
-7923.21	6983.42	0
-7886.56	6994.9	0
-7941.52	6974.33	0
-7858.1	6974.25	0
-7937.62	6963.5	0
-7924.05	6961.47	0
-7835.78	6956.35	0
-7973.03	6945.68	0
-7844.76	6943.65	0
-7907.22	6935.62	0
-7911.38	6927.41	0
-7857.1	6927.27	0
-7938.06	6915.58	0
-7849.7	6909.94	0
-7902.74	6909.27	0
-7876.98	6895.54	0
-7879.12	6893.9	0
-7904.66	6882.08	0
-7841.79	6887.85	0
-7927.28	6866.66	0
-7836.63	6869.15	0
-7881.19	6862.66	0
-7891.35	6855.64	0
-7828.53	6846.15	0
-7929.11	6843.5	0
-7822.27	6839.85	0
-7869.17	6825.5	0
-7904.45	6826.15	0
-7796.98	6819.72	0
-7911.63	6809.49	0
-7834.64	6806.47	0
-7867.61	6799.55	0
-7868.2	6793.33	0
-7821.27	6788.85	0
-7890.34	6782.07	0
-7816.22	6772.97	0
-7870.8	6777.58	0
-7842.37	6750.65	0
-7847.09	6764.57	0
-7859.53	6756.28	0
-7798.98	6733.5	0
-7890.16	6749.93	0
-7804.62	6730.82	0
-7833.05	6717.22	0
-7888.72	6737.1	0
-7767.67	6701.72	0
-7873.44	6713.5	0
-7825.37	6700.17	0
-7794.33	6699.26	0
-7872.81	6686.88	0
-7785.78	6683.93	0
-7855.25	6682.7	0
-7803.33	6668.23	0
-7813.08	6662.73	0
-7832.37	6670.02	0
-7786.93	6644.47	0
-7847.5	6646.25	0
-7775.98	6655.46	0
-7847.68	6617.26	0
-7794.51	6638.48	0
-7769.24	6620.29	0
-7870.98	6621.47	0
-7730.38	6602.99	0
-7848.98	6609.62	0
-7796.37	6596.87	0
-7762.78	6592.82	0
-7851.13	6584.55	0
-7732.82	6577.23	0
-7820.28	6581.64	0
-7798.45	6564.6	0
-7754.05	6556.8	0
-7835.15	6557.38	0
-7739.46	6558.17	0
-7811.68	6534.22	0
-7762.55	6533.71	0
-7772.43	6545.04	0
-7795.12	6522.93	0
-7748.96	6504.84	0
-7819.48	6527.59	0
-7722	6507.03	0
-7788.01	6490.99	0
-7790.64	6506.31	0
-7702.94	6478.9	0
-7830.06	6489.05	0
-7724.51	6481.09	0
-7770.35	6454.67	0
-7780.84	6481.01	0
-7704.93	6451.66	0
-7806.1	6454.62	0
-7712.92	6438.59	0
-7757.05	6450.73	0
-7774.74	6429.08	0
-7717.42	6426.29	0
-7773.28	6423.47	0
-7713.43	6420.6	0
-7760.52	6398.82	0
-7725.08	6411.19	0
-7728.86	6394.91	0
-7774.56	6392.92	0
-7678.53	6375.4	0
-7786.09	6387.55	0
-7695.76	6368.66	0
-7712.23	6359.02	0
-7768.68	6365.69	0
-7663.67	6352.45	0
-7774.47	6332.52	0
-7700.14	6353.67	0
-7702.08	6331.84	0
-7758.73	6315.16	0
-7651.43	6326.02	0
-7752.7	6323.89	0
-7688.91	6290.65	0
-7714.14	6304.7	0
-7719.52	6301	0
-7679.39	6281.9	0
-7733.04	6278.12	0
-7662.94	6275.21	0
-7718.4	6271.04	0
-7695.41	6256.22	0
-7662.92	6257.15	0
-7757.01	6244.23	0
-7629.57	6246.42	0
-7720.01	6232.19	0
-7694.76	6226.7	0
-7633.65	6225.57	0
-7744.25	6214.08	0
-7618.6	6207.9	0
-7723.76	6203.16	0
-7677.41	6190.96	0
-7636.47	6197.96	0
-7720.01	6172.69	0
-7625.09	6182.05	0
-7688.49	6167	0
-7657.98	6164.61	0
-7656.01	6154.34	0
-7695.92	6149.28	0
-7616.83	6141.16	0
-7695.48	6142.47	0
-7628.8	6124.36	0
-7647.33	6125.73	0
-7678.15	6115.19	0
-7600.69	6116.48	0
-7707.91	6097.5	0
-7600.07	6095.69	0
-7662.76	6096.9	0
-7660.11	6085.04	0
-7573.95	6067.02	0
-7702.93	6083.46	0
-7594.86	6061.98	0
-7621.51	6054.87	0
-7686.73	6055.77	0
-7576.35	6044.17	0
-7660.49	6042.51	0
-7607.6	6031.13	0
-7617.7	6023.72	0
-7637.71	6029.4	0
-7578.89	6003.22	0
-7668.02	6014.28	0
-7579.09	5998.59	0
-7644.59	5991.56	0
-7593.74	5992.47	0
-7596.33	5979.31	0
-7649.99	5977.51	0
-7536.08	5960.16	0
-7654.22	5971.68	0
-7599.22	5955	0
-7566.34	5934.73	0
-7664.17	5956.23	0
-7525.56	5936.9	0
-7637.63	5915.95	0
-7586.73	5933.94	0
-7542.75	5909.86	0
-7653.98	5915.64	0
-7538.12	5892.69	0
-7617.64	5901.86	0
-7577.1	5886.44	0
-7567.48	5885.07	0
-7606.69	5871.52	0
-7528.17	5867.72	0
-7615.97	5871.8	0
-7546.36	5845.21	0
-7582.78	5851.69	0
-7585.22	5843.78	0
-7542.06	5833.24	0
-7605.33	5834.99	0
-7517.24	5813.18	0
-7582.12	5821.63	0
-7573.22	5811.64	0
-7497.85	5803.59	0
-7635.94	5787.35	0
-7511.92	5796.32	0
-7552.75	5785.14	0
-7592.87	5770.13	0
-7489.85	5772.15	0
-7592.49	5763.22	0
-7513.49	5757.62	0
-7537.69	5750.46	0
-7575.08	5733.36	0
-7501.64	5748	0
-7579.96	5726.52	0
-7512.3	5720.95	0
-7545.07	5716.59	0
-7528.77	5713.18	0
-7512.7	5703.32	0
-7549.1	5693.01	0
-7494.21	5688.23	0
-7563.84	5689.93	0
-7512.48	5672.23	0
-7497.11	5666.48	0
-7590.28	5669.7	0
-7442.1	5656.21	0
-7543.82	5646.7	0
-7528.55	5647.4	0
-7459.69	5635.33	0
-7570.33	5634.96	0
-7471.82	5619.63	0
-7527.85	5617.06	0
-7519.68	5613.16	0
-7471.77	5603.64	0
-7546.46	5594.78	0
-7450.01	5592.02	0
-7521.76	5584.21	0
-7499.22	5578.6	0
-7475.31	5567.95	0
-7528.67	5562.25	0
-7472.96	5565.34	0
-7520.4	5544.43	0
-7468.03	5543.41	0
-7485.41	5550.13	0
-7512.88	5522.02	0
-7427.87	5529.75	0
-7537.1	5526.2	0
-7448.82	5508.52	0
-7483.29	5505.69	0
-7535.45	5510.01	0
-7400.33	5489.93	0
-7540.39	5485.42	0
-7455.67	5491.66	0
-7437.97	5475.53	0
-7512.1	5466.42	0
-7418.53	5471.17	0
-7517.01	5457.34	0
-7446.57	5455.14	0
-7453.13	5444.18	0
-7518.27	5437.78	0
-7423.25	5441.78	0
-7474.58	5421.85	0
-7451.44	5426.93	0
-7461.33	5409.37	0
-7459.76	5420.15	0
-7419.47	5395.58	0
-7512.46	5399.36	0
-7420.86	5392.08	0
-7468.5	5382.36	0
-7471.61	5376.59	0
-7410.4	5377.49	0
-7499.61	5362.87	0
-7392.91	5356.21	0
-7455.7	5358.48	0
-7466.16	5342.44	0
-7390.74	5338.46	0
-7504.7	5341.85	0
-7399.43	5313.86	0
-7455.26	5326.37	0
-7469.85	5319.3	0
-7379.14	5299.15	0
-7479.94	5302.07	0
-7399.74	5304	0
-7423.15	5280.92	0
-7450.44	5284.49	0
-7392.01	5271.7	0
-7463.56	5275.73	0
-7405.01	5260.92	0
-7448.82	5243.69	0
-7417.83	5259.97	0
-7397.05	5249.63	0
-7467.33	5218.51	0
-7357.7	5232.74	0
-7429.43	5243.31	0
-7423.81	5194.71	0
-7374.9	5211.65	0
-7466	5208.45	0
-7349.82	5201.17	0
-7465.52	5177.1	0
-7408.01	5178.42	0
-7359.53	5195.09	0
-7462.58	5156.71	0
-7353.63	5157.79	0
-7406.5	5167.4	0
-7407.8	5145.75	0
-7347.51	5141.35	0
-7461.22	5134.47	0
-7346.82	5131.98	0
-7412.91	5121.2	0
-7415.19	5115.64	0
-7369.42	5110.2	0
-7421.47	5100.72	0
-7346.41	5092.32	0
-7413.31	5102.89	0
-7370.32	5067.23	0
-7355.03	5082.67	0
-7416.46	5070.28	0
-7340.28	5063.68	0
-7419.88	5051.98	0
-7359.05	5048.96	0
-7387.33	5042.32	0
-7415.82	5045.38	0
-7312.87	5013.8	0
-7430.79	5027.64	0
-7350.3	5027.11	0
-7324.62	4999.29	0
-7433.21	5001.86	0
-7293.38	4996.61	0
-7399.77	5001.75	0
-7374.27	4970.77	0
-7322.19	4971.33	0
-7435.68	4979.17	0
-7313.03	4956.65	0
-7389.69	4956.1	0
-7368.91	4938.56	0
-7329.72	4958.89	0
-7383.75	4925.4	0
-7310.13	4925.18	0
-7378.2	4930.49	0
-7330.12	4906.87	0
-7339.14	4910.44	0
-7380.66	4903.22	0
-7311.36	4886.92	0
-7400.08	4889.49	0
-7328.72	4883.03	0
-7341.9	4873.22	0
-7393.06	4854.79	0
-7287.14	4873.17	0
-7388.65	4845.59	0
-7301.93	4851.72	0
-7325.23	4830.45	0
-7380.89	4842.59	0
-7256.56	4824.69	0
-7385.31	4815.61	0
-7338.02	4811.74	0
-7291.73	4807.06	0
-7407.48	4808.7	0
-7280.2	4774.85	0
-7377.59	4787.2	0
-7338.32	4789.2	0
-7285.46	4766.13	0
-7389.14	4761.37	0
-7268.73	4758.32	0
-7340.05	4761.48	0
-7316.84	4741.32	0
-7292.96	4733.15	0
-7346.66	4737.96	0
-7280.45	4726.11	0
-7368.74	4716.12	0
-7282.16	4704.5	0
-7346.04	4712.14	0
-7351.9	4697.53	0
-7270.14	4683.78	0
-7383.27	4686.87	0
-7284.84	4675.13	0
-7304.2	4679.98	0
-7359.6	4652.85	0
-7223.58	4658.54	0
-7361.9	4664.56	0
-7282.14	4630.08	0
-7250.93	4640.93	0
-7377.03	4634.02	0
-7216.67	4628.34	0
-7361.57	4601.87	0
-7294.8	4626.08	0
-7273.82	4597.75	0
-7374.03	4585.97	0
-7259.44	4601.97	0
-7329.09	4576.82	0
-7311.77	4573.02	0
-7277.28	4571.18	0
-7324.8	4562.68	0
-7253.52	4552.98	0
-7310.29	4553.61	0
-7256.83	4538.27	0
-7271.08	4536.93	0
-7301.56	4534.31	0
-7215.84	4520.77	0
-7323.79	4510.17	0
-7252.07	4515.14	0
-7267.36	4499.95	0
-7321.89	4492.67	0
-7228.28	4486.44	0
-7347.94	4478.64	0
-7260.5	4475.53	0
-7271.59	4467.78	0
-7346.75	4445.97	0
-7216.69	4463.87	0
-7328.28	4445.69	0
-7253.58	4432.23	0
-7248.66	4427.64	0
-7310.38	4435.42	0
-7185.18	4419.62	0
-7289.84	4399.52	0
-7237.54	4410.89	0
-7199.27	4404.36	0
-7287.92	4382.94	0
-7181.54	4390.97	0
-7264.08	4369.51	0
-7238.11	4380.16	0
-7210.08	4356.63	0
-7284.99	4358.19	0
-7209.89	4342.48	0
-7277.52	4348.86	0
-7248.37	4330.86	0
-7250.89	4318.84	0
-7295.07	4323.26	0
-7218.93	4317.45	0
-7308.98	4293.29	0
-7248.88	4303.07	0
-7238.83	4285.59	0
-7314.22	4286.1	0
-7192.16	4270.97	0
-7291.4	4267.78	0
-7229.34	4265.64	0
-7204.69	4245.89	0
-7285.35	4255.86	0
-7141.96	4233.71	0
-7245.93	4235.13	0
-7204.31	4225.28	0
-7131.91	4222.19	0
-7246.44	4211.86	0
-7100.77	4203.1	0
-7188.77	4199.7	0
-7160.87	4192.72	0
-7092.96	4187.89	0
-7181.78	4169.31	0
-7093.43	4178.12	0
-7123.56	4166.1	0
-7127.25	4147.72	0
-7069.31	4151.89	0
-7144.75	4146.09	0
-7059.22	4135.57	0
-7104.9	4120.64	0
-7091.6	4126.76	0
-7059.6	4111.97	0
-7116.04	4105.13	0
-7034.85	4096.43	0
-7092.79	4095.26	0
-7077.52	4080.88	0
-7031.62	4079.92	0
-7112.91	4065.53	0
-7003.02	4068.23	0
-7099.07	4049.18	0
-7055.91	4044.57	0
-7005.16	4051.5	0
-7124.93	4024.09	0
-6983.11	4020.76	0
-7070.72	4030.56	0
-7075.44	4000.9	0
-6972.97	4003.5	0
-7114.2	3996	0
-7000.44	3988.56	0
-7023.01	3981.28	0
-7088.93	3967.44	0
-6965.77	3960.93	0
-7086.54	3973.54	0
-7002.17	3935.23	0
-7015.66	3942.91	0
-7066.36	3937.42	0
-6972.63	3933.91	0
-7056.84	3904.91	0
-7009.24	3918.97	0
-6997.2	3910.82	0
-7052.47	3886.26	0
-6970.58	3891.61	0
-7047.17	3887.53	0
-6979.5	3869.33	0
-7021.9	3862.17	0
-7013.83	3866.2	0
-6966.04	3850.03	0
-7049.96	3836.36	0
-6963.21	3840.33	0
-7000.13	3830.32	0
-7024.97	3815.4	0
-6938.1	3812.44	0
-7055.24	3802.76	0
-6943.59	3806.21	0
-6987.79	3779	0
-7033.18	3786.78	0
-6909.5	3771.17	0
-7046.3	3768.22	0
-6954.79	3763.01	0
-6951.26	3740.4	0
-7040.67	3753.17	0
-6897	3735.54	0
-7023.32	3726.59	0
-6970.4	3715.95	0
-6916.66	3717.73	0
-7029.22	3710.9	0
-6919.95	3687.57	0
-6973.56	3693.39	0
-6977.42	3682.64	0
-6910.48	3681.04	0
-7021.72	3654.95	0
-6900.29	3667.16	0
-6966.9	3652.31	0
-6968.95	3641.49	0
-6920.09	3635.81	0
-6979.92	3633.24	0
-6899.29	3611.99	0
-6981.44	3618.42	0
-6941.77	3607.66	0
-6897.54	3592.22	0
-6988.81	3589.68	0
-6899.33	3583.4	0
-6957.48	3576.58	0
-6923.08	3554.05	0
-6904.86	3566.05	0
-6990.88	3557.68	0
-6859.17	3526.82	0
-6952.99	3540.09	0
-6940.93	3535.5	0
-6862.73	3505.44	0
-6991.16	3516.96	0
-6853.4	3507.84	0
-6936.66	3482.06	0
-6944.26	3497.56	0
-6839.8	3480.17	0
-6981.37	3468.23	0
-6861.77	3455.7	0
-6899.61	3467.15	0
-6956.55	3448.19	0
-6825.06	3429.21	0
-6953.18	3433.66	0
-6885.86	3437.9	0
-6868.13	3399.08	0
-6944.27	3410.33	0
-6829.89	3406.32	0
-6936.7	3391.88	0
-6878.7	3374.04	0
-6857.21	3383.61	0
-6927.62	3368.48	0
-6839.89	3352.57	0
-6907.17	3354.28	0
-6872.04	3345.95	0
-6854.69	3333.29	0
-6912.59	3323	0
-6830.56	3325.47	0
-6897.93	3305.65	0
-6860.3	3307.46	0
-6847.13	3287.09	0
-6907.2	3290.32	0
-6805.43	3283.63	0
-6905.9	3259.8	0
-6846.13	3259.79	0
-6826.54	3262.96	0
-6913.96	3250.75	0
-6785.2	3213.52	0
-6894.09	3240.8	0
-6850.68	3233.24	0
-6798	3201.16	0
-6914.86	3192.83	0
-6777.68	3216.17	0
-6867.9	3185.71	0
-6861.22	3168.55	0
-6768.9	3176	0
-6912.8	3171.18	0
-6778.55	3151.58	0
-6828.7	3143.33	0
-6877.52	3145.22	0
-6756.53	3126.77	0
-6872.99	3124.37	0
-6804.58	3116.75	0
-6806.06	3100.89	0
-6853.62	3094.3	0
-6757.19	3102.47	0
-6868.62	3075.74	0
-6787.24	3064.82	0
-6782.67	3076.3	0
-6862.04	3053.61	0
-6750.21	3049.64	0
-6831.95	3036.17	0
-6797.62	3034.01	0
-6779.23	3022.53	0
-6829.44	3016.04	0
-6754.29	3008.68	0
-6822.79	2987.24	0
-6780.17	2996.52	0
-6775.42	2990.86	0
-6813.1	2960.24	0
-6753	2961.76	0
-6806.55	2966.1	0
-6775.64	2952.98	0
-6749.01	2922.7	0
-6837.79	2938.09	0
-6709.14	2928.9	0
-6811.34	2912.22	0
-6771.56	2897.74	0
-6735.66	2902.28	0
-6827.13	2895.19	0
-6696.09	2877.26	0
-6804.34	2871.6	0
-6780.98	2867.66	0
-6693.01	2850.42	0
-6831.84	2856.81	0
-6709.78	2839.8	0
-6762.91	2815.9	0
-6785.33	2831.33	0
-6689.57	2823.35	0
-6808.52	2790.54	0
-6725.07	2794.97	0
-6723.8	2796.68	0
-6797.69	2781.23	0
-6675.67	2763.06	0
-6791.54	2758.99	0
-6730.89	2758.88	0
-6696.51	2747.72	0
-6791.21	2731.04	0
-6691.14	2722.42	0
-6748.46	2728.59	0
-6736.35	2705.83	0
-6689.21	2703.43	0
-6786.34	2684.51	0
-6671.93	2690.31	0
-6742.29	2679.74	0
-6728.92	2659.87	0
-6696.54	2656.06	0
-6753.03	2650.24	0
-6675.67	2645.02	0
-6740.63	2631.29	0
-6716.75	2614.03	0
-6679.06	2621.82	0
-6758.78	2610.45	0
-6658.84	2589.53	0
-6730.01	2586.7	0
-6720.33	2587.43	0
-6658.41	2571.92	0
-6756.81	2553.5	0
-6652.73	2559.4	0
-6724.94	2549.88	0
-6712.52	2532.19	0
-6639.1	2521.18	0
-6763.17	2528.66	0
-6652.12	2513.55	0
-6683.62	2490.48	0
-6744.2	2494.11	0
-6606.1	2501.13	0
-6759.55	2465.47	0
-6661.54	2454.51	0
-6648.79	2479.4	0
-6745.24	2447.42	0
-6617.02	2429.44	0
-6725.86	2439.6	0
-6661.13	2422.4	0
-6639.64	2424.72	0
-6743.15	2394.97	0
-6613.62	2400.11	0
-6683.29	2394.45	0
-6690.58	2378.84	0
-6623.29	2375.43	0
-6721.49	2354.27	0
-6611.23	2360.06	0
-6673.37	2353.58	0
-6696.45	2329.79	0
-6593.77	2324.22	0
-6710.3	2328.83	0
-6627.59	2314.11	0
-6647.58	2294.33	0
-6677.15	2299.43	0
-6618.97	2285.58	0
-6664.59	2275.96	0
-6643.33	2269.95	0
-6634.51	2256.16	0
-6666.95	2249.83	0
-6591.71	2246.67	0
-6691.37	2233.7	0
-6608.68	2218.07	0
-6627.7	2220.27	0
-6661.06	2208.28	0
-6596.27	2198.22	0
-6660.02	2189.2	0
-6615.6	2183.37	0
-6604.92	2165.3	0
-6668.44	2174.43	0
-6573.31	2150.4	0
-6656.02	2141.49	0
-6610.98	2145.2	0
-6583.8	2125.03	0
-6678.64	2127.11	0
-6549.14	2097.75	0
-6637.31	2115.25	0
-6630.71	2091.7	0
-6545.3	2083.84	0
-6684.81	2076.42	0
-6536.81	2071.78	0
-6618.72	2052.93	0
-6646.23	2058.77	0
-6514.38	2039.4	0
-6663.04	2030.82	0
-6572.71	2024.83	0
-6564.36	2024.51	0
-6652.7	1999.54	0
-6509.22	1993.22	0
-6642.65	2001.7	0
-6582.05	1976.9	0
-6527.82	1973.6	0
-6651.13	1956.07	0
-6519.94	1963.8	0
-6596.37	1946.68	0
-6594.36	1928.16	0
-6512.59	1937.83	0
-6639.97	1915.83	0
-6519.93	1916.69	0
-6566.48	1899.87	0
-6595.44	1889.48	0
-6510.67	1891.36	0
-6608.28	1878.78	0
-6528.76	1861.62	0
-6539.87	1858.04	0
-6602.48	1857.85	0
-6495.16	1838.3	0
-6584.82	1827.35	0
-6538.18	1831.84	0
-6525.2	1812.33	0
-6579.2	1803.18	0
-6502.49	1802.74	0
-6562.48	1789.07	0
-6534.3	1775.05	0
-6512.43	1774.81	0
-6573.05	1771.11	0
-6486.25	1738.92	0
-6547.9	1749.23	0
-6531.35	1748.48	0
-6501.55	1711.78	0
-6552.09	1722.64	0
-6477.99	1716.1	0
-6546.77	1703.68	0
-6525.49	1679.2	0
-6461.43	1694.08	0
-6568.67	1673.73	0
-6473.51	1664.92	0
-6513.47	1652.13	0
-6531.71	1653.21	0
-6442.29	1634.49	0
-6568.35	1632.54	0
-6461.16	1618.22	0
-6487.72	1608.93	0
-6535.6	1608.37	0
-6435.05	1591.65	0
-6542.82	1578.88	0
-6471.27	1580.35	0
-6447.6	1565.01	0
-6558.38	1555.78	0
-6408.48	1550	0
-6518.19	1539.21	0
-6488.59	1528.26	0
-6421.66	1518.01	0
-6543.22	1526.3	0
-6419.18	1489.67	0
-6475.34	1488.27	0
-6515.25	1503.25	0
-6380.87	1463.97	0
-6542.67	1464.13	0
-6435.6	1463.04	0
-6418.32	1443.46	0
-6531.22	1446.12	0
-6392.5	1425.36	0
-6491.21	1416.43	0
-6449.4	1413.13	0
-6403.72	1413.47	0
-6534.49	1382.63	0
-6375.25	1374.21	0
-6450.91	1389.5	0
-6487.28	1368.6	0
-6385.52	1341.85	0
-6486.62	1345.45	0
-6395.27	1349.97	0
-6450.76	1323.18	0
-6462	1311.53	0
-6375.98	1312.08	0
-6470.07	1313.33	0
-6418.39	1277.01	0
-6409.8	1283.14	0
-6457.63	1281.59	0
-6375.73	1260.34	0
-6465.56	1249.22	0
-6399.22	1251.56	0
-6397.19	1242.85	0
-6459.02	1220.07	0
-6368.41	1214.97	0
-6432.56	1221.09	0
-6412.18	1196.74	0
-6380.25	1191.37	0
-6442.52	1184.03	0
-6360.11	1170.23	0
-6427.51	1173.81	0
-6402.79	1158.26	0
-6356.71	1129.37	0
-6441.02	1151.59	0
-6364.31	1132.78	0
-6391.01	1113.19	0
-6406.12	1107.93	0
-6339.81	1104.14	0
-6449.42	1100.67	0
-6328.47	1079.53	0
-6378.73	1066.43	0
-6421.76	1070.04	0
-6319.9	1065.66	0
-6406.37	1046.3	0
-6362.72	1025.85	0
-6343.09	1042.66	0
-6428.44	1027.98	0
-6286.65	1000.26	0
-6403.46	1004.48	0
-6376.85	1007.86	0
-6294.32	983.596	0
-6425.35	964.086	0
-6298.7	986.931	0
-6361.34	965.08	0
-6389.13	930.159	0
-6267.85	952.466	0
-6412.05	949.026	0
-6312.79	908.924	0
-6312.49	913.424	0
-6404.98	915.616	0
-6246.45	902.729	0
-6389.13	887.95	0
-6332.95	873.077	0
-6271.01	874.287	0
-6393.88	875.34	0
-6260.56	851.911	0
-6352.59	829.092	0
-6338.09	849.633	0
-6239.78	838.177	0
-6388.32	808.618	0
-6286.8	805.874	0
-6271.42	805.931	0
-6372.32	801.507	0
-6233.99	771.39	0
-6349.55	776.19	0
-6294.75	768.243	0
-6252.43	751.926	0
-6363.52	746.957	0
-6232	742.881	0
-6316.3	717.133	0
-6306.5	725.073	0
-6225.86	713.993	0
-6351.3	692.608	0
-6242.03	696.543	0
-6272.71	674.617	0
-6314.94	683.484	0
-6212.8	660.469	0
-6322.33	651.172	0
-6258.2	647.729	0
-6228.62	634.129	0
-6309.93	635.784	0
-6223.36	613.591	0
-6283.86	601.76	0
-6250.31	613.622	0
-6213.69	589.367	0
-6308.45	575.286	0
-6215.46	574.651	0
-6236.06	570.92	0
-6258.67	551.89	0
-6215.2	540.133	0
-6279.32	544.634	0
-6189.74	530.584	0
-6230.74	508.639	0
-6264.51	514.544	0
-6185.81	506.915	0
-6249.81	485.499	0
-6202.46	484.141	0
-6206.53	468.165	0
-6258.04	477.111	0
-6162.31	445.092	0
-6229.79	445.191	0
-6208.77	441.819	0
-6182.74	416.321	0
-6241.76	436.07	0
-6146.42	396.825	0
-6215.53	395.408	0
-6212.83	398.832	0
-6144.64	381.835	0
-6236.91	369.717	0
-6132.41	363.469	0
-6194.62	344.998	0
-6217.42	357.935	0
-6106.32	334.395	0
-6216.84	314.609	0
-6151.15	323.476	0
-6157.83	304	0
-6196.89	308.782	0
-6093.09	283.27	0
-6211.94	269.838	0
-6135.86	276.419	0
-6119.73	275.625	0
-6197.9	242.554	0
-6087.41	230.806	0
-6164.7	243.06	0
-6159.4	240.373	0
-6072.54	195.748	0
-6189.33	208.384	0
-6087.45	197.51	0
-6121.73	197.481	0
-6171.73	175.188	0
-6026.24	169.923	0
-6185.23	148.123	0
-6099.4	168.786	0
-6058.31	144.879	0
-6174.5	127.071	0
-6032.95	114.577	0
-6131.54	133.399	0
-6105.59	107.471	0
-6033.85	97.4958	0
-6156.09	77.826	0
-6031.15	86.7133	0
-6086.01	85.4306	0
-6129.23	54.6401	0
-5985.89	47.3441	0
-6142.76	44.1139	0
-6053.27	49.2573	0
-6018.37	30.9547	0
-6141.97	-2.39533	0
-5981.27	13.9842	0
-6089.71	16.9367	0
-6083.94	-10.3558	0
-5964.98	-36.2028	0
-6132.17	-15.9236	0
-5997.1	-24.4646	0
-6025.34	-49.8121	0
-6094.32	-62.4244	0
-5948.93	-57.6472	0
-6100.72	-61.6041	0
-6005.17	-86.6112	0
-5971.02	-95.2746	0
-6107.91	-91.2887	0
-5948.47	-100.671	0
-6025.94	-122.896	0
-6034.25	-132.69	0
-5947.31	-116.105	0
-6081.33	-146.615	0
-5934.28	-160.39	0
-5990.67	-158.517	0
-6053.13	-155.267	0
-5913.23	-188.559	0
-6033.35	-187.34	0
-5953.56	-192.919	0
-5958.64	-198.318	0
-6043.08	-214.625	0
-5883.44	-227.187	0
-5993.7	-222.636	0
-5997.67	-238.523	0
-5890.22	-251.328	0
-6014.56	-250.65	0
-5911.34	-269.384	0
-5932.74	-268.094	0
-5998.02	-286.663	0
-5876.33	-282.331	0
-5965.65	-301.895	0
-5924.93	-312.817	0
-5900.43	-308.437	0
-5988.41	-325.509	0
-5836.26	-328.526	0
-5954.7	-356.719	0
-5933.96	-339.616	0
-5850.69	-356.615	0
-5954.17	-367.352	0
-5872.79	-394.231	0
-5890.22	-368.061	0
-5929.29	-389.472	0
-5829.28	-417.192	0
-5939.97	-413.188	0
-5856.03	-407.809	0
-5852.05	-428.378	0
-5933.19	-444.936	0
-5814.76	-453.731	0
-5882.01	-439.178	0
-5883.41	-468.061	0
-5802.94	-478.683	0
-5920.04	-484.787	0
-5803.4	-481.47	0
-5842.31	-499.483	0
-5879.09	-518.25	0
-5790.74	-505.554	0
-5876.23	-532.344	0
-5797.49	-539.612	0
-5815.17	-525.93	0
-5868.79	-560.785	0
-5758.97	-578.961	0
-5843.01	-547.419	0
-5811.53	-580.568	0
-5754.88	-592.254	0
-5865.24	-617.928	0
-5758.83	-583.219	0
-5771.47	-605.006	0
-5821.32	-648.83	0
-5750.05	-632.364	0
-5818.92	-631.017	0
-5737.13	-646.641	0
-5754.31	-668.382	0
-5827.78	-682.914	0
-5706.68	-657.441	0
-5783.11	-684.734	0
-5746.87	-714.979	0
-5728.78	-693.277	0
-5797.65	-712.575	0
-5708.06	-727.312	0
-5719.8	-726.751	0
-5778.18	-740.134	0
-5693.78	-755.709	0
-5762.25	-755.313	0
-5689.57	-763.724	0
-5713.82	-777.808	0
-5758.73	-790.032	0
-5665.87	-795.623	0
-5725.39	-792.283	0
-5706.05	-819.2	0
-5667.65	-828.33	0
-5746.42	-819.283	0
-5649.9	-841.424	0
-5682.45	-852.362	0
-5711.63	-859.994	0
-5639.95	-852.925	0
-5707.63	-889.867	0
-5658.96	-881.118	0
-5635.41	-892.594	0
-5705.29	-891.932	0
-5627.67	-927.892	0
-5664.9	-915.548	0
-5649.32	-927.4	0
-5606.93	-929.169	0
-5703.81	-961.24	0
-5590.88	-954.36	0
-5629.85	-964.579	0
-5651.98	-961.742	0
-5586.81	-994.44	0
-5659.56	-998.869	0
-5595.54	-990.553	0
-5576.37	-1009.64	0
-5667.62	-1021.62	0
-5553.01	-1029.51	0
-5612.88	-1040.11	0
-5607.67	-1038.18	0
-5544.78	-1049.87	0
-5629.98	-1075.1	0
-5559.05	-1068.64	0
-5565.24	-1078.35	0
-5596.43	-1095.01	0
-5530.07	-1088.78	0
-5602.14	-1115.26	0
-5535.82	-1126.58	0
-5537.5	-1112.32	0
-5594.48	-1130.56	0
-5495.29	-1150.55	0
-5565.49	-1163.52	0
-5549.22	-1147.81	0
-5488.88	-1166.73	0
-5568.69	-1183.04	0
-5505.19	-1198.93	0
-5504.29	-1187.83	0
-5559.93	-1199.28	0
-5452.22	-1215.61	0
-5536.36	-1235.03	0
-5514.04	-1232.27	0
-5454.4	-1227.98	0
-5539.45	-1258.08	0
-5446.37	-1258.92	0
-5500.02	-1275.21	0
-5493.99	-1271.02	0
-5435.56	-1279.68	0
-5508.85	-1306.5	0
-5433.52	-1306.08	0
-5461.8	-1303.31	0
-5496.24	-1331.35	0
-5388.21	-1329.69	0
