-1.21244	0.883163	0
-24262.4	-17663.3	0
-24219.5	-17692.5	0
-24189.5	-17721.7	0
-24186.3	-17750.9	0
-24180.6	-17780.1	0
-24147.4	-17809.2	0
-24105.4	-17838.3	0
-24087.5	-17867.4	0
-24087.6	-17896.4	0
-24071.3	-17925.5	0
-24029.8	-17954.5	0
-23995.4	-17983.5	0
-23987.9	-18012.4	0
-23985	-18041.3	0
-23956	-18070.2	0
-23913.3	-18099.1	0
-23889.5	-18128	0
-23888.4	-18156.8	0
-23875.8	-18185.6	0
-23837.9	-18214.4	0
-23799.3	-18243.1	0
-23787.6	-18271.8	0
-23784.9	-18300.5	0
-23761.4	-18329.2	0
-23718.5	-18357.8	0
-23690.6	-18386.4	0
-23685.4	-18415	0
-23676.9	-18443.5	0
-23641.9	-18472.1	0
-23602.5	-18500.6	0
-23584.5	-18529.1	0
-23582.1	-18557.5	0
-23561.8	-18585.9	0
-23522.2	-18614.3	0
-23489.2	-18642.7	0
-23481.1	-18671	0
-23472.7	-18699.3	0
-23443.5	-18727.6	0
-23402.6	-18755.9	0
-23381.2	-18784.1	0
-23374.8	-18812.3	0
-23359.3	-18840.5	0
-23321.6	-18868.7	0
-23288	-18896.8	0
-23273.3	-18924.9	0
-23266.2	-18952.9	0
-23239.5	-18981	0
-23202.1	-19009	0
-23175	-19037	0
-23166.5	-19064.9	0
-23150.8	-19092.8	0
-23119.1	-19120.8	0
-23083.4	-19148.6	0
-23066	-19176.5	0
-23054.5	-19204.3	0
-23032.9	-19232.1	0
-22996.8	-19259.8	0
-22969.7	-19287.6	0
-22954.4	-19315.3	0
-22940.3	-19342.9	0
-22910.4	-19370.6	0
-22878.8	-19398.2	0
-22855.6	-19425.8	0
-22842.4	-19453.4	0
-22819.7	-19480.9	0
-22790.2	-19508.4	0
-22760.9	-19535.9	0
-22743.3	-19563.4	0
-22723.9	-19590.8	0
-22699.5	-19618.2	0
-22669.2	-19645.5	0
-22646.8	-19672.9	0
-22625.9	-19700.2	0
-22604.7	-19727.4	0
-22576.9	-19754.7	0
-22552.8	-19781.9	0
-22529	-19809.1	0
-22507.5	-19836.3	0
-22481.4	-19863.4	0
-22458.7	-19890.5	0
-22434.3	-19917.6	0
-22411	-19944.6	0
-22383.5	-19971.7	0
-22361.5	-19998.7	0
-22339.4	-20025.6	0
-22316.8	-20052.6	0
-22286.5	-20079.4	0
-22261.5	-20106.3	0
-22241	-20133.2	0
-22222.9	-20160	0
-22192.9	-20186.8	0
-22162.3	-20213.5	0
-22138.5	-20240.2	0
-22125.1	-20267	0
-22101	-20293.6	0
-22067.5	-20320.3	0
-22035.4	-20346.9	0
-22021.2	-20373.4	0
-22006.1	-20400	0
-21977.2	-20426.5	0
-21936.9	-20453	0
-21913.9	-20479.5	0
-21903.6	-20505.9	0
-21886.2	-20532.3	0
-21845.7	-20558.7	0
-21809.5	-20585	0
-21793.9	-20611.3	0
-21788	-20637.6	0
-21758	-20663.9	0
-21713.7	-20690.1	0
-21683.4	-20716.3	0
-21679.4	-20742.4	0
-21665.9	-20768.6	0
-21626	-20794.7	0
-21580.3	-20820.7	0
-21564.7	-20846.8	0
-21562.6	-20872.8	0
-21539.1	-20898.8	0
-21488.4	-20924.7	0
-21453.3	-20950.6	0
-21448.2	-20976.5	0
-21443.1	-21002.4	0
-21403.3	-21028.2	0
-21353.2	-21054	0
-21330.9	-21079.8	0
-21333.5	-21105.5	0
-21314.6	-21131.2	0
-21264.7	-21156.9	0
-21221.5	-21182.5	0
-21214.6	-21208.1	0
-21213.2	-21233.7	0
-21179.4	-21259.3	0
-21125.4	-21284.8	0
-21097.4	-21310.3	0
-21098.3	-21335.7	0
-21085.8	-21361.1	0
-21038.7	-21386.5	0
-20991.6	-21411.9	0
-20978.3	-21437.2	0
-20978	-21462.5	0
-20950.2	-21487.8	0
-20898.2	-21513	0
-20864.5	-21538.3	0
-20859.9	-21563.4	0
-20850.4	-21588.6	0
-20809.3	-21613.7	0
-20762.9	-21638.8	0
-20741.9	-21663.8	0
-20738.2	-21688.8	0
-20714.2	-21713.8	0
-20669.7	-21738.8	0
-20632.8	-21763.7	0
-20621.2	-21788.6	0
-20607.8	-21813.4	0
-20575.4	-21838.3	0
-20532.9	-21863.1	0
-20508.8	-21887.9	0
-20494.1	-21912.6	0
-20472.9	-21937.3	0
-20435.3	-21961.9	0
-20404.2	-21986.6	0
-20381.6	-22011.2	0
-20363.1	-22035.8	0
-20332.3	-22060.3	0
-20302.9	-22084.8	0
-20274.9	-22109.3	0
-20252.8	-22133.7	0
-20223	-22158.1	0
-20197.7	-22182.5	0
-20171.2	-22206.9	0
-20147.5	-22231.2	0
-20113.2	-22255.5	0
-20086.5	-22279.7	0
-20063.5	-22304	0
-20045.3	-22328.2	0
-20009	-22352.3	0
-19974.7	-22376.4	0
-19948.6	-22400.5	0
-19938.8	-22424.6	0
-19909.6	-22448.6	0
-19869.7	-22472.6	0
-19831.4	-22496.5	0
-19822.8	-22520.5	0
-19807	-22544.4	0
-19772.8	-22568.2	0
-19721.1	-22592	0
-19700.7	-22615.8	0
-19693.3	-22639.6	0
-19676.1	-22663.3	0
-19622.2	-22687	0
-19583	-22710.7	0
-19568.9	-22734.3	0
-19569	-22757.9	0
-19528.7	-22781.5	0
-19478	-22805	0
-19444.1	-22828.5	0
-19447.9	-22852	0
-19428.7	-22875.4	0
-19383.5	-22898.8	0
-19330	-22922.2	0
-19320.2	-22945.5	0
-19314.3	-22968.8	0
-19288.2	-22992	0
-19229.4	-23015.3	0
-19198.7	-23038.5	0
-19188.8	-23061.6	0
-19181.2	-23084.8	0
-19133.5	-23107.9	0
-19090.1	-23130.9	0
-19064	-23154	0
-19061.3	-23176.9	0
-19030.4	-23199.9	0
-18989.5	-23222.8	0
-18949.1	-23245.7	0
-18938	-23268.6	0
-18915.9	-23291.4	0
-18885.8	-23314.2	0
-18842.9	-23337	0
-18821.1	-23359.7	0
-18796.2	-23382.4	0
-18772.8	-23405	0
-18735.7	-23427.7	0
-18711.6	-23450.3	0
-18681.2	-23472.8	0
-18654.9	-23495.3	0
-18620.7	-23517.8	0
-18601.2	-23540.3	0
-18572.8	-23562.7	0
-18541.6	-23585	0
-18501.2	-23607.4	0
-18482.4	-23629.7	0
-18463.4	-23652	0
-18435.9	-23674.2	0
-18387.1	-23696.4	0
-18357.6	-23718.6	0
-18344	-23740.8	0
-18330.4	-23762.9	0
-18283.3	-23785	0
-18237.6	-23807	0
-18215.4	-23829	0
-18214	-23851	0
-18183.3	-23872.9	0
-18130.3	-23894.8	0
-18088.8	-23916.7	0
-18084.6	-23938.5	0
-18074.2	-23960.3	0
-18031.3	-23982	0
-17975	-24003.8	0
-17952.2	-24025.5	0
-17950	-24047.1	0
-17927.3	-24068.7	0
-17873.4	-24090.3	0
-17829.8	-24111.9	0
-17818.1	-24133.4	0
-17809.1	-24154.9	0
-17771.7	-24176.3	0
-17720.7	-24197.7	0
-17692.2	-24219.1	0
-17680.5	-24240.4	0
-17658.7	-24261.7	0
-17614.9	-24283	0
-17577.9	-24304.3	0
-17554.2	-24325.4	0
-17535.6	-24346.6	0
-17501	-24367.7	0
-17468.1	-24388.8	0
-17437.3	-24409.9	0
-17413.2	-24430.9	0
-17378.2	-24451.9	0
-17351.4	-24472.8	0
-17324.3	-24493.8	0
-17299.5	-24514.6	0
-17256.6	-24535.5	0
-17226.2	-24556.3	0
-17203.7	-24577	0
-17189.3	-24597.8	0
-17144.9	-24618.5	0
-17102.7	-24639.1	0
-17073.1	-24659.8	0
-17070.5	-24680.4	0
-17038.5	-24700.9	0
-16990.8	-24721.4	0
-16942.7	-24741.9	0
-16938.6	-24762.4	0
-16924.3	-24782.8	0
-16887.8	-24803.2	0
-16824.9	-24823.5	0
-16803.3	-24843.8	0
-16794.9	-24864.1	0
-16779.8	-24884.3	0
-16719.5	-24904.5	0
-16678.6	-24924.7	0
-16658.2	-24944.8	0
-16656.8	-24964.9	0
-16613.2	-24984.9	0
-16567.4	-25004.9	0
-16528.7	-25024.9	0
-16523.7	-25044.8	0
-16494.5	-25064.7	0
-16458.4	-25084.6	0
-16411.8	-25104.5	0
-16394.6	-25124.3	0
-16365.9	-25144	0
-16339.3	-25163.7	0
-16298.1	-25183.4	0
-16276.1	-25203.1	0
-16240.6	-25222.7	0
-16211.5	-25242.2	0
-16175.3	-25261.8	0
-16159.5	-25281.3	0
-16125.3	-25300.8	0
-16087.6	-25320.2	0
-16044.5	-25339.6	0
-16032.7	-25358.9	0
-16011.8	-25378.3	0
-15975	-25397.5	0
-15918.5	-25416.8	0
-15895.9	-25436	0
-15886.6	-25455.2	0
-15865.4	-25474.3	0
-15806.4	-25493.4	0
-15763	-25512.4	0
-15748.7	-25531.5	0
-15744.2	-25550.4	0
-15700.7	-25569.4	0
-15644.7	-25588.3	0
-15611.9	-25607.2	0
-15608	-25626	0
-15585.5	-25644.8	0
-15535.5	-25663.6	0
-15488.8	-25682.3	0
-15469.6	-25701	0
-15455.7	-25719.6	0
-15419.7	-25738.2	0
-15375.5	-25756.8	0
-15342.4	-25775.4	0
-15322.4	-25793.8	0
-15290.9	-25812.3	0
-15257.3	-25830.7	0
-15224	-25849.1	0
-15198.9	-25867.5	0
-15159.5	-25885.8	0
-15127.4	-25904	0
-15100.1	-25922.3	0
-15082.8	-25940.5	0
-15038.4	-25958.6	0
-14996.1	-25976.7	0
-14963.9	-25994.8	0
-14959.6	-26012.9	0
-14925.5	-26030.9	0
-14876.9	-26048.9	0
-14826.3	-26066.8	0
-14821.9	-26084.7	0
-14805.1	-26102.6	0
-14767.7	-26120.4	0
-14702	-26138.1	0
-14680.6	-26155.9	0
-14668.8	-26173.6	0
-14652.6	-26191.3	0
-14590.2	-26208.9	0
-14551.4	-26226.5	0
-14526.8	-26244	0
-14521.5	-26261.5	0
-14474.9	-26279	0
-14434.8	-26296.5	0
-14395.2	-26313.9	0
-14383.6	-26331.2	0
-14345.7	-26348.5	0
-14315.3	-26365.8	0
-14275	-26383.1	0
-14254.6	-26400.3	0
-14211.4	-26417.4	0
-14183	-26434.6	0
-14151.3	-26451.7	0
-14135.2	-26468.7	0
-14087	-26485.7	0
-14046.8	-26502.7	0
-14014.5	-26519.7	0
-14010.2	-26536.6	0
-13972.9	-26553.4	0
-13922.2	-26570.2	0
-13874.4	-26587	0
-13869.8	-26603.8	0
-13852.7	-26620.5	0
-13809.2	-26637.1	0
-13747.3	-26653.8	0
-13724.5	-26670.4	0
-13716.2	-26686.9	0
-13690.9	-26703.4	0
-13633.5	-26719.9	0
-13591.2	-26736.3	0
-13573.5	-26752.7	0
-13556.5	-26769.1	0
-13515.9	-26785.4	0
-13470.6	-26801.7	0
-13441.7	-26817.9	0
-13416.2	-26834.1	0
-13384	-26850.3	0
-13346.1	-26866.4	0
-13320.7	-26882.5	0
-13286.4	-26898.5	0
-13248.1	-26914.5	0
-13208.2	-26930.5	0
-13193.9	-26946.4	0
-13166.1	-26962.3	0
-13124.2	-26978.2	0
-13068.2	-26994	0
-13052.6	-27009.8	0
-13038	-27025.5	0
-13009.8	-27041.2	0
-12942.4	-27056.8	0
-12909.6	-27072.4	0
-12894	-27088	0
-12886.6	-27103.5	0
-12827.5	-27119	0
-12781.2	-27134.5	0
-12747.9	-27149.9	0
-12746.6	-27165.3	0
-12704.8	-27180.6	0
-12663.4	-27195.9	0
-12616.1	-27211.2	0
-12604.1	-27226.4	0
-12567	-27241.6	0
-12537.6	-27256.7	0
-12493.7	-27271.8	0
-12474.6	-27286.9	0
-12428.9	-27301.9	0
-12397.9	-27316.9	0
-12362.5	-27331.8	0
-12351.6	-27346.7	0
-12304.8	-27361.6	0
-12260.1	-27376.4	0
-12218.4	-27391.2	0
-12216.6	-27405.9	0
-12186.3	-27420.6	0
-12137.5	-27435.3	0
-12078.7	-27449.9	0
-12067.7	-27464.5	0
-12054.6	-27479	0
-12019.9	-27493.5	0
-11955.9	-27508	0
-11923.3	-27522.4	0
-11908.9	-27536.8	0
-11888.3	-27551.1	0
-11838.1	-27565.4	0
-11794.9	-27579.7	0
-11768.4	-27593.9	0
-11743.8	-27608.1	0
-11706.9	-27622.2	0
-11669.6	-27636.3	0
-11642.7	-27650.4	0
-11606	-27664.4	0
-11565.6	-27678.4	0
-11530.2	-27692.3	0
-11516.9	-27706.2	0
-11482	-27720.1	0
-11433.6	-27733.9	0
-11382.8	-27747.7	0
-11375.2	-27761.4	0
-11355.4	-27775.1	0
-11315.7	-27788.8	0
-11247.7	-27802.4	0
-11226.3	-27816	0
-11211.6	-27829.5	0
-11193.1	-27843	0
-11127.2	-27856.4	0
-11090.4	-27869.9	0
-11061.9	-27883.2	0
-11052.8	-27896.6	0
-11001.5	-27909.8	0
-10967.2	-27923.1	0
-10926	-27936.3	0
-10908.4	-27949.5	0
-10860	-27962.6	0
-10836.1	-27975.7	0
-10800.7	-27988.8	0
-10777.7	-28001.8	0
-10718.6	-28014.7	0
-10689.7	-28027.6	0
-10665.1	-28040.5	0
-10654	-28053.4	0
-10593.4	-28066.2	0
-10546.2	-28078.9	0
-10515.3	-28091.7	0
-10516.4	-28104.4	0
-10474	-28117	0
-10419.6	-28129.6	0
-10371.4	-28142.2	0
-10364.5	-28154.7	0
-10339.7	-28167.1	0
-10296.4	-28179.6	0
-10244.9	-28192	0
-10219.7	-28204.3	0
-10193.5	-28216.6	0
-10157.5	-28228.9	0
-10119.2	-28241.1	0
-10090.2	-28253.3	0
-10057.2	-28265.5	0
-10009.9	-28277.6	0
-9977.43	-28289.6	0
-9957.3	-28301.7	0
-9934.41	-28313.7	0
-9875.31	-28325.6	0
-9830.67	-28337.5	0
-9807.35	-28349.4	0
-9804.12	-28361.2	0
-9753.12	-28373	0
-9699.47	-28384.7	0
-9655.65	-28396.4	0
-9655.91	-28408	0
-9620.95	-28419.6	0
-9578.41	-28431.2	0
-9521.24	-28442.8	0
-9508.19	-28454.2	0
-9472.79	-28465.7	0
-9444.63	-28477.1	0
-9394.41	-28488.5	0
-9376.82	-28499.8	0
-9329.65	-28511.1	0
-9296.87	-28522.3	0
-9253.46	-28533.5	0
-9247.55	-28544.7	0
-9203.3	-28555.8	0
-9157.69	-28566.8	0
-9102.68	-28577.9	0
-9100.72	-28588.9	0
-9075.43	-28599.8	0
-9033.86	-28610.7	0
-8965.33	-28621.6	0
-8946.15	-28632.4	0
-8929.47	-28643.2	0
-8903.86	-28653.9	0
-8842.65	-28664.6	0
-8806.53	-28675.3	0
-8780.07	-28685.9	0
-8755.55	-28696.4	0
-8711.1	-28707	0
-8677.54	-28717.5	0
-8647.41	-28727.9	0
-8608.02	-28738.3	0
-8563.82	-28748.7	0
-8535.54	-28759	0
-8520.94	-28769.3	0
-8477.77	-28779.5	0
-8422.89	-28789.7	0
-8380.36	-28799.9	0
-8377.91	-28810	0
-8348.91	-28820.1	0
-8299.27	-28830.1	0
-8236.4	-28840.1	0
-8224.5	-28850	0
-8201.82	-28859.9	0
-8172.11	-28869.8	0
-8108.76	-28879.6	0
-8084.91	-28889.4	0
-8049.27	-28899.1	0
-8026.04	-28908.8	0
-7973.86	-28918.5	0
-7957.08	-28928.1	0
-7913.72	-28937.7	0
-7879.19	-28947.2	0
-7822.72	-28956.6	0
-7816.06	-28966.1	0
-7786.05	-28975.5	0
-7749.72	-28984.8	0
-7678	-28994.2	0
-7660.15	-29003.4	0
-7642.29	-29012.7	0
-7621.7	-29021.8	0
-7552.05	-29031	0
-7514.58	-29040.1	0
-7488.44	-29049.2	0
-7474.38	-29058.2	0
-7423.37	-29067.1	0
-7384.6	-29076.1	0
-7349.69	-29085	0
-7321.35	-29093.8	0
-7276.43	-29102.6	0
-7245.5	-29111.4	0
-7222.86	-29120.1	0
-7185.46	-29128.8	0
-7130.92	-29137.4	0
-7089.53	-29146	0
-7081.88	-29154.6	0
-7055.62	-29163.1	0
-7004.13	-29171.6	0
-6941.39	-29180	0
-6927.24	-29188.4	0
-6907.95	-29196.7	0
-6877.16	-29205	0
-6811.52	-29213.3	0
-6785.17	-29221.5	0
-6752.16	-29229.6	0
-6730.38	-29237.7	0
-6676.04	-29245.8	0
-6656.91	-29253.9	0
-6613.64	-29261.9	0
-6581.15	-29269.8	0
-6523.02	-29277.7	0
-6515.69	-29285.6	0
-6484.48	-29293.5	0
-6450.04	-29301.2	0
-6376.25	-29309	0
-6358.65	-29316.7	0
-6338.8	-29324.3	0
-6320.17	-29332	0
-6248.97	-29339.5	0
-6212.82	-29347.1	0
-6183.76	-29354.6	0
-6169.95	-29362	0
-6117.43	-29369.4	0
-6082.04	-29376.8	0
-6045.84	-29384.1	0
-6016.03	-29391.3	0
-5967.36	-29398.6	0
-5939.22	-29405.8	0
-5918.12	-29412.9	0
-5880.84	-29420	0
-5822.31	-29427.1	0
-5780.55	-29434.1	0
-5773.4	-29441.1	0
-5748	-29448	0
-5696.25	-29454.9	0
-5633.98	-29461.7	0
-5618.4	-29468.6	0
-5595.37	-29475.3	0
-5564.61	-29482	0
-5503.57	-29488.7	0
-5480.17	-29495.4	0
-5440.53	-29501.9	0
-5413.09	-29508.4	0
-5361.36	-29515	0
-5350.74	-29521.4	0
-5305.96	-29527.9	0
-5266.52	-29534.2	0
-5204.66	-29540.5	0
-5202.59	-29546.8	0
-5173.44	-29553.1	0
-5137.92	-29559.3	0
-5062.23	-29565.4	0
-5044.86	-29571.6	0
-5021.38	-29577.6	0
-5001.16	-29583.6	0
-4935.36	-29589.7	0
-4904.84	-29595.6	0
-4869.73	-29601.5	0
-4844.66	-29607.3	0
-4794.7	-29613.2	0
-4771.48	-29618.9	0
-4738.83	-29624.7	0
-4695.99	-29630.3	0
-4640.95	-29636	0
-4618.34	-29641.6	0
-4606.46	-29647.2	0
-4564.88	-29652.7	0
-4503.31	-29658.1	0
-4459.58	-29663.6	0
-4453.6	-29668.9	0
-4423.04	-29674.3	0
-4377.49	-29679.6	0
-4321.17	-29684.8	0
-4304.2	-29690.1	0
-4264.33	-29695.2	0
-4233.64	-29700.3	0
-4186.52	-29705.4	0
-4174.07	-29710.5	0
-4118.89	-29715.4	0
-4079.06	-29720.4	0
-4032.03	-29725.3	0
-4036.34	-29730.2	0
-3989.62	-29735	0
-3942.39	-29739.8	0
-3878.28	-29744.5	0
-3878.25	-29749.2	0
-3846.04	-29753.8	0
-3811.71	-29758.4	0
-3746.47	-29763	0
-3728.72	-29767.5	0
-3690.1	-29772	0
-3659.67	-29776.4	0
-3612.45	-29780.8	0
-3596.04	-29785.2	0
-3552.3	-29789.5	0
-3503.07	-29793.7	0
-3458.59	-29797.9	0
-3449.83	-29802.1	0
-3424.97	-29806.2	0
-3367.05	-29810.3	0
-3312.02	-29814.4	0
-3287.86	-29818.4	0
-3278.05	-29822.3	0
-3230.51	-29826.2	0
-3184.63	-29830.1	0
-3142.15	-29833.9	0
-3124.46	-29837.7	0
-3073.07	-29841.4	0
-3045.66	-29845.1	0
-3009.24	-29848.8	0
-2991.08	-29852.4	0
-2921.27	-29855.9	0
-2888.77	-29859.5	0
-2858.36	-29863	0
-2858.13	-29866.4	0
-2790.64	-29869.8	0
-2745.76	-29873.1	0
-2700.71	-29876.4	0
-2702.35	-29879.7	0
-2651.26	-29882.9	0
-2615.04	-29886.1	0
-2565.23	-29889.2	0
-2549.07	-29892.3	0
-2494.98	-29895.3	0
-2464.6	-29898.3	0
-2433.38	-29901.3	0
-2415.49	-29904.2	0
-2354.08	-29907.1	0
-2304.58	-29909.9	0
-2280.44	-29912.7	0
-2271.84	-29915.4	0
-2227.66	-29918.1	0
-2165.21	-29920.8	0
-2131.22	-29923.4	0
-2109.71	-29925.9	0
-2082.5	-29928.4	0
-2028.61	-29930.9	0
-2002.77	-29933.4	0
-1962.66	-29935.7	0
-1928.1	-29938.1	0
-1870.5	-29940.4	0
-1863.84	-29942.7	0
-1830.31	-29944.9	0
-1794.12	-29947	0
-1717.41	-29949.2	0
-1705.72	-29951.2	0
-1679.87	-29953.3	0
-1660.74	-29955.3	0
-1586.47	-29957.2	0
-1561.94	-29959.2	0
-1523.01	-29961	0
-1503.69	-29962.8	0
-1445.83	-29964.6	0
-1429.82	-29966.4	0
-1389.43	-29968.1	0
-1350.89	-29969.7	0
-1289.05	-29971.3	0
-1276.32	-29972.9	0
-1257.03	-29974.4	0
-1217.48	-29975.8	0
-1150.24	-29977.3	0
-1116.28	-29978.7	0
-1103.02	-29980	0
-1070.54	-29981.3	0
-1022.81	-29982.6	0
-978.636	-29983.8	0
-957.075	-29985	0
-907.982	-29986	0
-873.564	-29987.1	0
-838.81	-29988.2	0
-829.795	-29989.2	0
-765.224	-29990.1	0
-720.511	-29991	0
-678.358	-29991.9	0
-685.741	-29992.7	0
-631.839	-29993.5	0
-588.877	-29994.2	0
-530.655	-29994.9	0
-527.208	-29995.6	0
-477.297	-29996.1	0
-449.273	-29996.7	0
-401.623	-29997.2	0
-388.333	-29997.7	0
-325.381	-29998.1	0
-287.953	-29998.5	0
-255.396	-29998.9	0
-252.214	-29999.1	0
-196.899	-29999.4	0
-140.625	-29999.6	0
-101.151	-29999.8	0
-92.1045	-29999.9	0
-58.168	-30000	0
-6.26494	-30000	0
29.7833	-30000	0
62.0224	-29999.9	0
97.9114	-29999.8	0
149.485	-29999.7	0
162.194	-29999.5	0
195.357	-29999.3	0
235.55	-29999	0
308.183	-29998.7	0
317.817	-29998.3	0
343.485	-29997.9	0
365.975	-29997.5	0
442.226	-29997	0
462.813	-29996.5	0
502.882	-29995.9	0
521.343	-29995.2	0
582.261	-29994.6	0
592.867	-29993.9	0
638.26	-29993.2	0
675.415	-29992.3	0
740.222	-29991.5	0
744.89	-29990.6	0
770.421	-29989.7	0
809.143	-29988.7	0
879.051	-29987.7	0
904.301	-29986.7	0
924.71	-29985.5	0
958.283	-29984.4	0
1006.56	-29983.2	0
1040.49	-29982	0
1067.96	-29980.7	0
1122.03	-29979.4	0
1157.42	-29978	0
1182.91	-29976.6	0
1193.94	-29975.2	0
1262.96	-29973.7	0
1306.8	-29972.1	0
1344.6	-29970.6	0
1341.44	-29968.9	0
1400.49	-29967.2	0
1435.25	-29965.6	0
1486.77	-29963.8	0
1496.96	-29962	0
1559.82	-29960.1	0
1580.31	-29958.3	0
1616.71	-29956.3	0
1630.31	-29954.4	0
1705.87	-29952.3	0
1740.98	-29950.3	0
1768.66	-29948.2	0
1773.13	-29946	0
1833.29	-29943.8	0
1879.98	-29941.6	0
1915.34	-29939.3	0
1936.79	-29937	0
1981.32	-29934.6	0
2019.58	-29932.2	0
2039.64	-29929.8	0
2081.23	-29927.3	0
2133.12	-29924.7	0
2182.19	-29922.1	0
2181.36	-29919.5	0
2217.55	-29916.8	0
2261.51	-29914.1	0
2329.28	-29911.4	0
2335.28	-29908.6	0
2377.04	-29905.7	0
2402.71	-29902.8	0
2460.29	-29899.9	0
2466.67	-29897	0
2526.64	-29893.9	0
2562.87	-29890.8	0
2612.66	-29887.7	0
2604.74	-29884.6	0
2654.81	-29881.4	0
2702.57	-29878.2	0
2761.64	-29874.9	0
2766.03	-29871.6	0
2802.13	-29868.2	0
2841.64	-29864.8	0
2886.08	-29861.4	0
2909.62	-29857.9	0
2953.89	-29854.3	0
3005.41	-29850.7	0
3026.48	-29847.1	0
3044.99	-29843.4	0
3080.97	-29839.7	0
3154.54	-29835.9	0
3178.59	-29832.2	0
3204.61	-29828.3	0
3220.75	-29824.4	0
3288.19	-29820.5	0
3307.09	-29816.5	0
3353.67	-29812.5	0
3378.91	-29808.4	0
3444.03	-29804.3	0
3443.66	-29800.2	0
3481.96	-29796	0
3515.78	-29791.7	0
3594	-29787.5	0
3602.81	-29783.1	0
3630.58	-29778.8	0
3655.44	-29774.4	0
3719.64	-29769.9	0
3742.53	-29765.4	0
3779.62	-29760.9	0
3819.93	-29756.3	0
3863.31	-29751.7	0
3878.49	-29747	0
3903.7	-29742.3	0
3966.98	-29737.5	0
4013.59	-29732.8	0
4039.23	-29727.9	0
4044.38	-29723	0
4103.82	-29718.1	0
4139.1	-29713.1	0
4184.42	-29708.1	0
4198.38	-29703	0
4264.42	-29697.9	0
4278.46	-29692.8	0
4313.69	-29687.6	0
4329.25	-29682.4	0
4412.2	-29677.1	0
4435.58	-29671.8	0
4465.7	-29666.4	0
4471.11	-29661	0
4539.97	-29655.6	0
4569.87	-29650.1	0
4609.03	-29644.6	0
4634.16	-29639	0
4689.86	-29633.4	0
4710.02	-29627.7	0
4730.64	-29622	0
4774.94	-29616.2	0
4835.95	-29610.5	0
4871.9	-29604.6	0
4874.91	-29598.7	0
4916.56	-29592.8	0
4959.59	-29586.9	0
5010.73	-29580.9	0
5021.32	-29574.8	0
5080.28	-29568.7	0
5105.62	-29562.6	0
5144.7	-29556.4	0
5145.95	-29550.2	0
5221.48	-29543.9	0
5258	-29537.6	0
5300.44	-29531.3	0
5292.8	-29524.8	0
5354.11	-29518.4	0
5387.56	-29511.9	0
5434.88	-29505.4	0
5449.73	-29498.9	0
5509.68	-29492.2	0
5536.38	-29485.6	0
5558.54	-29478.9	0
5582.98	-29472.2	0
5647	-29465.4	0
5695.7	-29458.6	0
5707.17	-29451.7	0
5732.73	-29444.8	0
5773.05	-29437.8	0
5828.18	-29430.8	0
5841.53	-29423.8	0
5893.69	-29416.7	0
5926.31	-29409.6	0
5972.54	-29402.4	0
5965.08	-29395.2	0
6026.38	-29388	0
6068.4	-29380.7	0
6127.34	-29373.3	0
6117.94	-29366	0
6168.89	-29358.5	0
6198.71	-29351.1	0
6252.3	-29343.6	0
6262.07	-29336	0
6323.59	-29328.4	0
6357.64	-29320.8	0
6385.62	-29313.1	0
6393.34	-29305.4	0
6449.9	-29297.6	0
6506.89	-29289.8	0
6533.12	-29282	0
6552.4	-29274.1	0
6585.95	-29266.1	0
6639.45	-29258.2	0
6654.12	-29250.2	0
6701.19	-29242.1	0
6739.43	-29234	0
6796.41	-29225.8	0
6786.49	-29217.6	0
6831.52	-29209.4	0
6868.56	-29201.1	0
6940.44	-29192.8	0
6938.61	-29184.5	0
6985.75	-29176	0
7009.94	-29167.6	0
7063.62	-29159.1	0
7067.41	-29150.6	0
7127.74	-29142	0
7170.83	-29133.4	0
7209.99	-29124.8	0
7208.57	-29116	0
7250.77	-29107.3	0
7306.37	-29098.5	0
7344.41	-29089.7	0
7368.08	-29080.8	0
7400	-29071.9	0
7451.61	-29063	0
7461.82	-29054	0
7500.56	-29044.9	0
7539.88	-29035.9	0
7610.99	-29026.7	0
7607.65	-29017.6	0
7642.23	-29008.4	0
7666.22	-28999.1	0
7739.65	-28989.8	0
7744.89	-28980.5	0
7796.73	-28971.1	0
7822.83	-28961.7	0
7876.1	-28952.2	0
7870.43	-28942.7	0
7921.2	-28933.2	0
7969.46	-28923.6	0
8023.11	-28914	0
8026.11	-28904.3	0
8057.28	-28894.6	0
8103.91	-28884.8	0
8140.32	-28875.1	0
8168.88	-28865.2	0
8205.82	-28855.3	0
8265.26	-28845.4	0
8272.34	-28835.4	0
8299.49	-28825.4	0
8328.47	-28815.4	0
8407.84	-28805.3	0
8416.68	-28795.2	0
8455.42	-28785	0
8471.26	-28774.7	0
8536.73	-28764.5	0
8536.85	-28754.2	0
8590.2	-28743.9	0
8625.85	-28733.5	0
8687.86	-28723.1	0
8679.76	-28712.6	0
8715.3	-28702.1	0
8756.8	-28691.5	0
8814.5	-28681	0
8830.72	-28670.3	0
8864.83	-28659.6	0
8910.61	-28648.9	0
8935.06	-28638.2	0
8957.33	-28627.4	0
8991.87	-28616.5	0
9065.41	-28605.6	0
9080.18	-28594.7	0
9106.9	-28583.7	0
9120.96	-28572.7	0
9193.21	-28561.7	0
9202.47	-28550.6	0
9252.19	-28539.5	0
9276.3	-28528.3	0
9342.01	-28517.1	0
9331.99	-28505.8	0
9372.91	-28494.5	0
9408.92	-28483.2	0
9479.67	-28471.8	0
9484.94	-28460.4	0
9518.17	-28448.9	0
9552.7	-28437.4	0
9594.99	-28425.8	0
9612.58	-28414.3	0
9651.65	-28402.6	0
9713.68	-28390.9	0
9736.38	-28379.2	0
9753.74	-28367.5	0
9771.74	-28355.7	0
9844.69	-28343.8	0
9863.01	-28332	0
9905.54	-28320	0
9922.77	-28308.1	0
9989.09	-28296.1	0
9982.63	-28284	0
10026.9	-28272	0
10058.2	-28259.8	0
10135	-28247.7	0
10132.7	-28235.4	0
10166.8	-28223.2	0
10193.5	-28210.9	0
10250	-28198.6	0
10262.6	-28186.2	0
10305.3	-28173.8	0
10355.4	-28161.3	0
10386.5	-28148.8	0
10396.6	-28136.3	0
10421	-28123.7	0
10490.3	-28111.1	0
10516.5	-28098.5	0
10550.9	-28085.8	0
10566.3	-28073	0
10631	-28060.2	0
10629.9	-28047.4	0
10674.7	-28034.6	0
10703.3	-28021.6	0
10781.7	-28008.7	0
10775.2	-27995.7	0
10810.5	-27982.7	0
10832.5	-27969.6	0
10898.2	-27956.5	0
10906	-27943.4	0
10952.1	-27930.2	0
10992.6	-27916.9	0
11031.1	-27903.7	0
11034.9	-27890.4	0
11066.1	-27877	0
11129.9	-27863.6	0
11162.4	-27850.2	0
11189.3	-27836.7	0
11206.8	-27823.2	0
11268.2	-27809.6	0
11271.9	-27796.1	0
11315	-27782.4	0
11343.5	-27768.7	0
11421	-27755	0
11412.6	-27741.3	0
11449.1	-27727.5	0
11468.7	-27713.6	0
11538.8	-27699.8	0
11542.3	-27685.9	0
11592.1	-27671.9	0
11626.3	-27657.9	0
11669.8	-27643.8	0
11668	-27629.8	0
11705.3	-27615.7	0
11763.5	-27601.5	0
11800.4	-27587.3	0
11821.5	-27573	0
11843.7	-27558.8	0
11900.8	-27544.4	0
11907.1	-27530.1	0
11947.6	-27515.7	0
11978.3	-27501.3	0
12053.8	-27486.8	0
12044.7	-27472.3	0
12082.2	-27457.7	0
12100.9	-27443.1	0
12171.4	-27428.5	0
12171	-27413.8	0
12225.2	-27399.1	0
12256.4	-27384.3	0
12302.4	-27369.5	0
12295.3	-27354.7	0
12338	-27339.8	0
12390.8	-27324.9	0
12430.1	-27309.9	0
12447.7	-27294.9	0
12476.3	-27279.8	0
12528.6	-27264.8	0
12534.7	-27249.7	0
12572.5	-27234.5	0
12607	-27219.3	0
12679.9	-27204.1	0
12670.6	-27188.8	0
12710.1	-27173.5	0
12728.6	-27158.1	0
12795.8	-27142.7	0
12791.7	-27127.3	0
12851.3	-27111.8	0
12882.1	-27096.3	0
12928.2	-27080.8	0
12917	-27065.2	0
12964.2	-27049.5	0
13011.5	-27033.9	0
13050.5	-27018.2	0
13067.8	-27002.4	0
13104.2	-26986.6	0
13151.5	-26970.8	0
13154.5	-26954.9	0
13190.5	-26939	0
13228.6	-26923.1	0
13298.3	-26907.1	0
13289.4	-26891.1	0
13333.2	-26875	0
13351.7	-26858.9	0
13411.9	-26842.8	0
13404.1	-26826.6	0
13470.2	-26810.4	0
13501.8	-26794.1	0
13546.5	-26777.8	0
13533.7	-26761.5	0
13584.8	-26745.1	0
13625.1	-26728.7	0
13660.7	-26712.3	0
13681	-26695.7	0
13726.2	-26679.2	0
13768.7	-26662.6	0
13767.2	-26646	0
13803	-26629.4	0
13842.5	-26612.7	0
13907.1	-26596	0
13899.9	-26579.2	0
13951.9	-26562.4	0
13969.9	-26545.6	0
14020.5	-26528.7	0
14009	-26511.8	0
14081.4	-26494.8	0
14112.9	-26477.8	0
14155.9	-26460.8	0
14146.3	-26443.7	0
14201.1	-26426.6	0
14231.6	-26409.5	0
14260.3	-26392.3	0
14286.7	-26375	0
14340.1	-26357.8	0
14378.7	-26340.5	0
14373.9	-26323.1	0
14412.4	-26305.7	0
14448.5	-26288.3	0
14504.8	-26270.9	0
14500.7	-26253.4	0
14564.9	-26235.8	0
14582	-26218.3	0
14622.6	-26200.7	0
14608.9	-26183	0
14685.1	-26165.4	0
14712.5	-26147.6	0
14754	-26129.9	0
14754.6	-26112.1	0
14813.3	-26094.2	0
14831.9	-26076.4	0
14851.5	-26058.5	0
14885.3	-26040.5	0
14942.4	-26022.5	0
14978.2	-26004.5	0
14975	-25986.4	0
15020.9	-25968.3	0
15047.6	-25950.2	0
15091.9	-25932	0
15091.4	-25913.8	0
15169.2	-25895.5	0
15184.2	-25877.2	0
15219.1	-25858.9	0
15208.1	-25840.5	0
15283	-25822.1	0
15298.9	-25803.7	0
15339.1	-25785.2	0
15356.2	-25766.7	0
15418.4	-25748.1	0
15426.7	-25729.6	0
15439.2	-25710.9	0
15479.4	-25692.3	0
15530	-25673.6	0
15563.1	-25654.8	0
15568.9	-25636	0
15627.6	-25617.2	0
15640.8	-25598.4	0
15672.9	-25579.5	0
15675.3	-25560.6	0
15760.5	-25541.6	0
15770.3	-25522.6	0
15808.1	-25503.6	0
15808.5	-25484.5	0
15877.1	-25465.4	0
15875.7	-25446.2	0
15913.3	-25427.1	0
15947.2	-25407.8	0
16008.4	-25388.6	0
16014	-25369.2	0
16028.2	-25349.9	0
16073.4	-25330.5	0
16104.2	-25311.2	0
16133.3	-25291.7	0
16151.8	-25272.2	0
16224.7	-25252.7	0
16225.5	-25233.1	0
16254.6	-25213.5	0
16259.7	-25193.9	0
16338.7	-25174.3	0
16336.7	-25154.6	0
16385.1	-25134.8	0
16404.7	-25115	0
16464.9	-25095.2	0
16450.3	-25075.4	0
16485.8	-25055.5	0
16527.1	-25035.6	0
16575.1	-25015.6	0
16587.9	-24995.6	0
16615.8	-24975.6	0
16667.1	-24955.5	0
16671.7	-24935.4	0
16698.6	-24915.3	0
16723.6	-24895.1	0
16800.5	-24874.9	0
16793.5	-24854.6	0
16837	-24834.3	0
16848.8	-24814	0
16909.3	-24793.7	0
16891.6	-24773.3	0
16949.9	-24752.9	0
16984.1	-24732.4	0
17034.5	-24711.9	0
17025.4	-24691.3	0
17065.9	-24670.8	0
17102.5	-24650.1	0
17122.6	-24629.5	0
17147.5	-24608.8	0
17189.8	-24588.1	0
17246.9	-24567.4	0
17235.7	-24546.6	0
17273.2	-24525.7	0
17293	-24504.9	0
17353.9	-24484	0
17340.8	-24463.1	0
17409	-24442.1	0
17430.3	-24421.1	0
17474	-24400.1	0
17453.6	-24379	0
17513.8	-24357.9	0
17542.1	-24336.7	0
17575.8	-24315.6	0
17591.9	-24294.3	0
17643.8	-24273.1	0
17674.8	-24251.8	0
17669.8	-24230.5	0
17707.8	-24209.1	0
17743.7	-24187.8	0
17795.7	-24166.3	0
17786.9	-24144.9	0
17852.6	-24123.3	0
17863.6	-24101.8	0
17901.2	-24080.3	0
17885.5	-24058.7	0
17964	-24037	0
17981.9	-24015.4	0
18019.5	-23993.7	0
18025	-23971.9	0
18083.7	-23950.1	0
18093.2	-23928.3	0
18105	-23906.5	0
18145.8	-23884.6	0
18193.7	-23862.7	0
18225.9	-23840.7	0
18223	-23818.7	0
18282.3	-23796.7	0
18290.7	-23774.7	0
18325.3	-23752.6	0
18323.8	-23730.5	0
18409.8	-23708.3	0
18412.9	-23686.1	0
18448.8	-23663.9	0
18450	-23641.6	0
18514.9	-23619.3	0
18510.4	-23597	0
18542.8	-23574.6	0
18582.5	-23552.2	0
18632.7	-23529.8	0
18641.9	-23507.3	0
18651.5	-23484.8	0
18704.8	-23462.3	0
18716.2	-23439.7	0
18748.5	-23417.1	0
18763.4	-23394.5	0
18843.2	-23371.8	0
18831.4	-23349.1	0
18867.2	-23326.4	0
18872.9	-23303.6	0
18940.7	-23280.8	0
18927.7	-23258	0
18978.4	-23235.1	0
19011.5	-23212.1	0
19056.5	-23189.2	0
19048.1	-23166.2	0
19077.3	-23143.2	0
19123.6	-23120.2	0
19138.9	-23097.1	0
19168.6	-23074	0
19197.9	-23050.8	0
19261	-23027.7	0
19240.3	-23004.5	0
19281.3	-22981.2	0
19295.6	-22957.9	0
19359.7	-22934.6	0
19342.7	-22911.3	0
19407.9	-22887.9	0
19429.6	-22864.5	0
19466.5	-22841	0
19451.3	-22817.5	0
19502.3	-22794	0
19537.3	-22770.5	0
19555.7	-22746.9	0
19584.2	-22723.3	0
19623.5	-22699.7	0
19664.3	-22676	0
19644.3	-22652.3	0
19694.5	-22628.5	0
19715.4	-22604.8	0
19769.2	-22581	0
19754.5	-22557.1	0
19829.1	-22533.2	0
19835.9	-22509.3	0
19866.6	-22485.4	0
19855.8	-22461.4	0
19924	-22437.4	0
19942.3	-22413.4	0
19965.7	-22389.3	0
19995.1	-22365.2	0
20038.1	-22341	0
20056.2	-22316.9	0
20047.7	-22292.7	0
20106.4	-22268.4	0
20127.2	-22244.2	0
20168.8	-22219.9	0
20163.5	-22195.5	0
20240.6	-22171.2	0
20231	-22146.8	0
20261.6	-22122.4	0
20262.1	-22097.9	0
20337.3	-22073.4	0
20337.1	-22048.9	0
20370.5	-22024.3	0
20401	-21999.7	0
20440.1	-21975.1	0
20440.8	-21950.5	0
20452.1	-21925.8	0
20513.2	-21901.1	0
20527.1	-21876.3	0
20561.3	-21851.5	0
20570.2	-21826.7	0
20640.6	-21801.9	0
20616.5	-21777	0
20655.3	-21752.1	0
20667.5	-21727.1	0
20737.7	-21702.2	0
20723.5	-21677.2	0
20772.6	-21652.1	0
20799.6	-21627.1	0
20829	-21602	0
20822.7	-21576.8	0
20856.7	-21551.7	0
20909.6	-21526.5	0
20915.1	-21501.3	0
20951	-21476	0
20972.5	-21450.7	0
21027	-21425.4	0
20996	-21400.1	0
21049.7	-21374.7	0
21066	-21349.3	0
21123.2	-21323.9	0
21105.9	-21298.4	0
21172.1	-21272.9	0
21186.9	-21247.3	0
21207	-21221.8	0
21205.9	-21196.2	0
21256.9	-21170.6	0
21291.6	-21144.9	0
21295.1	-21119.2	0
21340.6	-21093.5	0
21365.7	-21067.8	0
21400	-21042	0
21374.4	-21016.2	0
21443	-20990.3	0
21451.4	-20964.5	0
21496.6	-20938.6	0
21488.9	-20912.6	0
21565.3	-20886.7	0
21560.1	-20860.7	0
21579.6	-20834.6	0
21591.2	-20808.6	0
21645.7	-20782.5	0
21659.3	-20756.4	0
21673.1	-20730.3	0
21728.1	-20704.1	0
21744.3	-20677.9	0
21764.2	-20651.6	0
21755.4	-20625.4	0
21828.9	-20599.1	0
21820.6	-20572.8	0
21864.8	-20546.4	0
21872.8	-20520	0
21945.4	-20493.6	0
21921.3	-20467.1	0
21953.3	-20440.7	0
21974.2	-20414.1	0
22017.4	-20387.7	0
22018.7	-20361.1	0
22052.4	-20334.5	0
22106.6	-20307.8	0
22107.1	-20281.2	0
22127.4	-20254.5	0
22137.3	-20227.8	0
22200.1	-20201.1	0
22177	-20174.3	0
22234.3	-20147.5	0
22251.5	-20120.7	0
22308	-20093.8	0
22277.7	-20066.9	0
22330	-20040	0
22346.3	-20013.1	0
22372.4	-19986.1	0
22378	-19959.1	0
22429.5	-19932.1	0
22468.5	-19905	0
22459.6	-19877.9	0
22495.4	-19850.8	0
22511.8	-19823.6	0
22553.3	-19796.5	0
22529.6	-19769.3	0
22605.2	-19742	0
22615.1	-19714.8	0
22655.8	-19687.5	0
22637.7	-19660.1	0
22703.9	-19632.8	0
22700.6	-19605.4	0
22719.1	-19578	0
22741.5	-19550.6	0
22794.2	-19523.1	0
22812.6	-19495.6	0
22811.9	-19468.1	0
22865.4	-19440.5	0
22869.3	-19413	0
22894.9	-19385.4	0
22886.4	-19357.7	0
22968.7	-19330.1	0
22958.1	-19302.4	0
22999.1	-19274.7	0
23002.2	-19246.9	0
23063.5	-19219.1	0
23039.8	-19191.3	0
23068.9	-19163.5	0
23103.1	-19135.6	0
23137.5	-19107.8	0
23147.5	-19079.9	0
23168.9	-19051.9	0
23225.4	-19023.9	0
23207.9	-18995.9	0
23237.9	-18967.9	0
23245.5	-18939.9	0
23313.3	-18911.8	0
23286.5	-18883.7	0
23346.7	-18855.5	0
23360.5	-18827.4	0
23402	-18799.2	0
23376.5	-18771	0
23424.7	-18742.7	0
23450.1	-18714.5	0
23461.7	-18686.2	0
23485.6	-18657.8	0
23522.8	-18629.5	0
23564	-18601.1	0
23537.8	-18572.7	0
23589.7	-18544.2	0
23594.6	-18515.8	0
23637.3	-18487.3	0
23614.9	-18458.8	0
23695.4	-18430.3	0
23697.6	-18401.7	0
23725.7	-18373.1	0
23721.8	-18344.4	0
23775.3	-18315.8	0
23776.5	-18287.1	0
23782.4	-18258.5	0
23829.2	-18229.7	0
23856.9	-18201	0
23882.7	-18172.2	0
23872.7	-18143.4	0
23941.4	-18114.5	0
23922.7	-18085.7	0
23955	-18056.8	0
23952	-18027.9	0
24029.2	-17999	0
24010.4	-17970	0
24049.6	-17941	0
24070.1	-17911.9	0
24105	-17882.9	0
24093.1	-17853.8	0
24113.6	-17824.8	0
24165.3	-17795.6	0
24164.3	-17766.5	0
24197.4	-17737.3	0
24211.3	-17708.1	0
24273.4	-17678.9	0
24234.9	-17649.6	0
24283.8	-17620.3	0
24288.7	-17591	0
24337.5	-17561.7	0
24315.3	-17532.4	0
24378.2	-17503	0
24400.2	-17473.6	0
24411.8	-17444.2	0
24418.3	-17414.7	0
24449.6	-17385.2	0
24480.1	-17355.7	0
24460.5	-17326.2	0
24520	-17296.6	0
24533.9	-17267.1	0
24577	-17237.5	0
24549	-17207.8	0
24620.8	-17178.1	0
24607.3	-17148.5	0
24633.1	-17118.8	0
24631.7	-17089	0
24696.4	-17059.3	0
24699.1	-17029.5	0
24711.8	-16999.7	0
24752.4	-16969.8	0
24767.9	-16940	0
24780.1	-16910.1	0
24770.1	-16880.2	0
24841.6	-16850.3	0
24825.8	-16820.4	0
24867.9	-16790.4	0
24870	-16760.3	0
24939.4	-16730.3	0
24905.4	-16700.3	0
24940.5	-16670.2	0
24956.8	-16640.1	0
24988.4	-16610	0
24984	-16579.8	0
25017.5	-16549.7	0
25068.8	-16519.5	0
25056.6	-16489.2	0
25086.6	-16459	0
25092.7	-16428.7	0
25143.9	-16398.4	0
25104.4	-16368.1	0
25168.2	-16337.8	0
25177.3	-16307.4	0
25221.1	-16277	0
25200.6	-16246.6	0
25259.3	-16216.2	0
25266.4	-16185.7	0
25266.2	-16155.2	0
25285.3	-16124.7	0
25317.8	-16094.2	0
25348.8	-16063.7	0
25332.3	-16033.1	0
25400.7	-16002.5	0
25396.9	-15971.8	0
25427.4	-15941.2	0
25402	-15910.5	0
25474.8	-15879.8	0
25455.2	-15849.1	0
25486.2	-15818.4	0
25502.3	-15787.6	0
25554.3	-15756.9	0
25548.1	-15726	0
25556.3	-15695.2	0
25601.7	-15664.3	0
25596.3	-15633.5	0
25616.9	-15602.6	0
25618.5	-15571.7	0
25692.9	-15540.7	0
25662.7	-15509.8	0
25710.9	-15478.7	0
25713.9	-15447.7	0
25761.7	-15416.7	0
25726	-15385.6	0
25770	-15354.6	0
25794.3	-15323.5	0
25807	-15292.4	0
25820.9	-15261.2	0
25851.8	-15230	0
25894.1	-15198.8	0
25861.4	-15167.6	0
25910.2	-15136.4	0
25909.4	-15105.1	0
25950.8	-15073.9	0
25919.1	-15042.6	0
25996.1	-15011.2	0
25994.8	-14979.9	0
26019.3	-14948.5	0
26017.9	-14917.1	0
26064.3	-14885.7	0
26064.1	-14854.3	0
26056.3	-14822.8	0
26105.7	-14791.4	0
26115.8	-14759.9	0
26145.3	-14728.4	0
26132.5	-14696.8	0
26209	-14665.2	0
26178.5	-14633.7	0
26209.5	-14602.1	0
26203.7	-14570.4	0
26261.9	-14538.8	0
26236.9	-14507.1	0
26271.5	-14475.5	0
26307.6	-14443.7	0
26322	-14412	0
26327.8	-14380.2	0
26337.5	-14348.5	0
26388.8	-14316.7	0
26352.3	-14284.9	0
26397.9	-14253	0
26402.6	-14221.2	0
26459.4	-14189.3	0
26423.7	-14157.4	0
26486.9	-14125.5	0
26490.6	-14093.5	0
26505.3	-14061.6	0
26496.7	-14029.6	0
26536.7	-13997.6	0
26558.1	-13965.6	0
26543.5	-13933.6	0
26596.8	-13901.5	0
26606.2	-13869.4	0
26639.7	-13837.3	0
26607	-13805.2	0
26678.8	-13773.1	0
26654.2	-13740.9	0
26681.6	-13708.7	0
26678	-13676.5	0
26740.4	-13644.3	0
26729.4	-13612.1	0
26745	-13579.8	0
26784.2	-13547.5	0
26789.2	-13515.2	0
26797.6	-13482.9	0
26790.5	-13450.6	0
26856.5	-13418.2	0
26823	-13385.9	0
26869.2	-13353.4	0
26872.3	-13321	0
26930.9	-13288.6	0
26892.3	-13256.1	0
26936.8	-13223.6	0
26949.3	-13191.1	0
26956.8	-13158.7	0
26957.2	-13126.1	0
26987.1	-13093.6	0
27028.9	-13061	0
27002	-13028.4	0
27056.4	-12995.8	0
27055.9	-12963.2	0
27092.7	-12930.5	0
27050.6	-12897.8	0
27119.3	-12865.2	0
27106.3	-12832.5	0
27128.9	-12799.8	0
27132.8	-12767	0
27184.7	-12734.3	0
27187	-12701.5	0
27180	-12668.7	0
27227.4	-12635.8	0
27220.3	-12603	0
27240	-12570.2	0
27222.1	-12537.3	0
27298.4	-12504.4	0
27265.7	-12471.5	0
27307.6	-12438.6	0
27310.9	-12405.6	0
27360.3	-12372.7	0
27328.8	-12339.7	0
27354.7	-12306.7	0
27383.6	-12273.7	0
27378	-12240.7	0
27394.5	-12207.6	0
27408.8	-12174.6	0
27465.3	-12141.5	0
27424.8	-12108.4	0
27481.5	-12075.2	0
27474.8	-12042.1	0
27510.3	-12009	0
27471.1	-11975.8	0
27531.4	-11942.6	0
27532.7	-11909.4	0
27540.4	-11876.2	0
27559.7	-11842.9	0
27591.5	-11809.7	0
27609.9	-11776.4	0
27582.4	-11743.1	0
27643.2	-11709.8	0
27623.2	-11676.5	0
27651.4	-11643.1	0
27629.6	-11609.8	0
27705.4	-11576.4	0
27676.7	-11543	0
27707.4	-11509.6	0
27722.6	-11476.1	0
27752.3	-11442.7	0
27738.3	-11409.2	0
27743.8	-11375.8	0
27792.3	-11342.3	0
27765.9	-11308.8	0
27799.6	-11275.2	0
27800.3	-11241.7	0
27862.9	-11208.1	0
27816.5	-11174.6	0
27872.6	-11140.9	0
27870.4	-11107.3	0
27891.7	-11073.7	0
27869	-11040.1	0
27910.3	-11006.4	0
27929.4	-10972.7	0
27912.9	-10939.1	0
27956.1	-10905.3	0
27964.9	-10871.6	0
27997.9	-10837.9	0
27958.2	-10804.1	0
28029	-10770.3	0
28000.9	-10736.6	0
28025.2	-10702.8	0
28013.3	-10668.9	0
28072	-10635.1	0
28056.6	-10601.3	0
28068.1	-10567.4	0
28108.8	-10533.5	0
28109.3	-10499.7	0
28119.6	-10465.7	0
28106.7	-10431.8	0
28169.7	-10397.9	0
28123.2	-10363.9	0
28166.8	-10330	0
28165.1	-10296	0
28216.9	-10262	0
28181.5	-10228	0
28227.4	-10193.9	0
28243.5	-10159.9	0
28236.1	-10125.8	0
28243.7	-10091.7	0
28257.3	-10057.7	0
28292.4	-10023.6	0
28251.1	-9989.46	0
28317	-9955.31	0
28308.2	-9921.18	0
28344.2	-9887.03	0
28312.5	-9852.82	0
28378.5	-9818.64	0
28356.4	-9784.43	0
28360.7	-9750.22	0
28376.2	-9715.96	0
28398.4	-9681.76	0
28404.2	-9647.49	0
28393	-9613.22	0
28461.6	-9578.92	0
28432.9	-9544.64	0
28465.3	-9510.3	0
28449.4	-9475.95	0
28508.9	-9441.62	0
28458.8	-9407.26	0
28495.5	-9372.9	0
28507.6	-9338.5	0
28523.6	-9304.15	0
28518.9	-9269.71	0
28542.8	-9235.29	0
28584.9	-9200.84	0
28546.2	-9166.4	0
28590.8	-9131.9	0
28580.8	-9097.43	0
28617.6	-9062.95	0
28568.8	-9028.44	0
28636.9	-8993.93	0
28624.3	-8959.4	0
28640.4	-8924.88	0
28644	-8890.28	0
28683.1	-8855.74	0
28685.3	-8821.14	0
28664.2	-8786.54	0
28717.4	-8751.91	0
28695	-8717.31	0
28718.3	-8682.68	0
28694.5	-8648.02	0
28767.6	-8613.38	0
28725.3	-8578.72	0
28762.7	-8544.03	0
28770.9	-8509.31	0
28800	-8474.63	0
28778.5	-8439.87	0
28793.1	-8405.14	0
28830	-8370.39	0
28794.8	-8335.66	0
28827.7	-8300.87	0
28824.4	-8266.1	0
28875.1	-8231.32	0
28825.6	-8196.5	0
28892.7	-8161.68	0
28882.3	-8126.84	0
28898.8	-8092.01	0
28881.9	-8057.12	0
28920.5	-8022.27	0
28920.6	-7987.39	0
28897.4	-7952.52	0
28946.5	-7917.6	0
28939	-7882.72	0
28966.8	-7847.79	0
28938.8	-7812.84	0
29014.9	-7777.9	0
28971.9	-7742.94	0
28998.9	-7707.96	0
28994.5	-7672.96	0
29028.1	-7638	0
29001.1	-7602.98	0
29014.3	-7567.98	0
29057	-7532.95	0
29033	-7497.95	0
29062.6	-7462.87	0
29059	-7427.82	0
29112.5	-7392.75	0
29054.7	-7357.66	0
29110.9	-7322.56	0
29097.4	-7287.46	0
29115.1	-7252.38	0
29091.8	-7217.23	0
29134.9	-7182.12	0
29143.7	-7146.98	0
29122.9	-7111.84	0
29169.7	-7076.65	0
29164.8	-7041.49	0
29189.8	-7006.3	0
29150.5	-6971.09	0
29221.7	-6935.88	0
29177.8	-6900.68	0
29201.1	-6865.46	0
29195.6	-6830.21	0
29236.6	-6795.01	0
29214.5	-6759.74	0
29226.1	-6724.48	0
29271.5	-6689.19	0
29246.7	-6653.93	0
29269.6	-6618.6	0
29257.8	-6583.3	0
29310.1	-6547.99	0
29248.2	-6512.67	0
29301.2	-6477.34	0
29291.9	-6442	0
29313.8	-6406.68	0
29292.9	-6371.29	0
29335.4	-6335.94	0
29348.5	-6300.55	0
29321.4	-6265.18	0
29364	-6229.74	0
29353.2	-6194.36	0
29376.5	-6158.94	0
29331.6	-6123.51	0
29403.3	-6088.08	0
29363.4	-6052.66	0
29387.2	-6017.22	0
29385.8	-5981.73	0
29426	-5946.3	0
29407.1	-5910.8	0
29410.5	-5875.32	0
29456.1	-5839.8	0
29423.3	-5804.33	0
29445.3	-5768.79	0
29428.5	-5733.27	0
29482.6	-5697.76	0
29422	-5662.23	0
29475.7	-5626.69	0
29471.3	-5591.14	0
29490.1	-5555.61	0
29473.3	-5520	0
29507.8	-5484.44	0
29522.8	-5448.84	0
29485.8	-5413.26	0
29530.8	-5377.63	0
29513.2	-5342.04	0
29538.5	-5306.43	0
29494	-5270.8	0
29566.8	-5235.18	0
29529.8	-5199.55	0
29550.6	-5163.92	0
29555.3	-5128.23	0
29585.4	-5092.6	0
29570.5	-5056.91	0
29564.5	-5021.23	0
29614	-4985.53	0
29571	-4949.87	0
29598.3	-4914.15	0
29579.9	-4878.45	0
29633.3	-4842.76	0
29575.3	-4807.04	0
29628	-4771.32	0
29627.9	-4735.58	0
29635.6	-4699.87	0
29628	-4664.08	0
29651	-4628.34	0
29669.6	-4592.57	0
29623	-4556.81	0
29676.5	-4521.01	0
29650.9	-4485.25	0
29677.1	-4449.48	0
29636.9	-4413.67	0
29706.3	-4377.89	0
29671.1	-4342.09	0
29685.1	-4306.29	0
29700.8	-4270.43	0
29714.1	-4234.64	0
29707.8	-4198.78	0
29693.7	-4162.94	0
29749.3	-4127.09	0
29694.5	-4091.26	0
29729.6	-4055.39	0
29711.2	-4019.53	0
29757.2	-3983.7	0
29704.8	-3947.81	0
29753.1	-3911.94	0
29758.8	-3876.05	0
29749.9	-3840.19	0
29759.4	-3804.25	0
29768.4	-3768.37	0
29791.8	-3732.45	0
29737.7	-3696.54	0
29801.2	-3660.61	0
29766.1	-3624.7	0
29789.2	-3588.79	0
29758.9	-3552.84	0
29816.9	-3516.93	0
29785.9	-3480.98	0
29790.6	-3445.04	0
29822.7	-3409.06	0
29813.4	-3373.13	0
29821.2	-3337.14	0
29801.6	-3301.17	0
29860.8	-3265.2	0
29795.7	-3229.23	0
29837.6	-3193.23	0
29821.8	-3157.25	0
29850.6	-3121.29	0
29811.3	-3085.27	0
29849.7	-3049.29	0
29863	-3013.28	0
29834.4	-2977.29	0
29868	-2941.24	0
29860.4	-2905.24	0
29887.7	-2869.21	0
29832.9	-2833.17	0
29902.3	-2797.14	0
29859.4	-2761.11	0
29874.5	-2725.09	0
29861.8	-2689.02	0
29896.7	-2653.01	0
29875.1	-2616.95	0
29868.7	-2580.91	0
29918.6	-2544.83	0
29883.1	-2508.8	0
29909.3	-2472.71	0
29888.5	-2436.63	0
29943.6	-2400.57	0
29877.2	-2364.48	0
29922.3	-2328.4	0
29912.8	-2292.31	0
29914.6	-2256.26	0
29899.2	-2220.14	0
29918.8	-2184.07	0
29938.7	-2147.98	0
29891.6	-2111.9	0
29950.2	-2075.77	0
29924.5	-2039.68	0
29952.3	-2003.58	0
29910.1	-1967.44	0
29974.5	-1931.33	0
29931.9	-1895.21	0
29936.2	-1859.1	0
29949.1	-1822.94	0
29948.2	-1786.86	0
29942.9	-1750.72	0
29924.8	-1714.6	0
29984.2	-1678.47	0
29924.4	-1642.36	0
29967.7	-1606.21	0
29950.8	-1570.06	0
29988.8	-1533.94	0
29939.4	-1497.77	0
29980.1	-1461.63	0
29982.4	-1425.46	0
29954.2	-1389.34	0
29973.8	-1353.14	0
29966.1	-1317.02	0
29988.3	-1280.87	0
29931.8	-1244.71	0
30002.9	-1208.55	0
29960.1	-1172.4	0
29981	-1136.25	0
29965.6	-1100.06	0
30006	-1063.92	0
29978.3	-1027.73	0
29972.9	-991.568	0
30015.1	-955.37	0
29975.2	-919.227	0
29995.3	-883.025	0
29970.2	-846.849	0
30021.5	-810.69	0
29951.3	-774.51	0
29999.8	-738.335	0
29988.2	-702.154	0
29991.7	-666.011	0
29978.3	-629.794	0
29999.6	-593.636	0
30015.5	-557.445	0
29967	-521.268	0
30025.4	-485.053	0
29991.4	-448.883	0
30014.5	-412.694	0
29971.1	-376.48	0
30031	-340.312	0
29982.5	-304.119	0
29987.7	-267.943	0
30003.8	-231.731	0
29995.6	-195.59	0
29994.2	-159.378	0
29978.1	-123.199	0
30035.3	-87.0121	0
29969.2	-50.8345	0
30017.1	-14.6267	0
29996.9	21.5719	0
30023.9	57.7387	0
29978.1	93.9663	0
30015.7	130.145	0
30013.6	166.346	0
29977.5	202.514	0
30008.5	238.738	0
29990.3	274.894	0
30010.3	311.08	0
29957.5	347.272	0
30029.2	383.45	0
29977.5	419.626	0
29996.8	455.804	0
29991.3	492.019	0
30014.1	528.166	0
29990.4	564.379	0
29983.8	600.559	0
30029.1	636.759	0
29972.1	672.919	0
30004.6	709.128	0
29978.2	745.308	0
30017.3	781.464	0
29951	817.658	0
30000.9	853.822	0
29986.5	889.998	0
29972.1	926.138	0
29979.3	962.346	0
29983.9	998.482	0
29997.9	1034.66	0
29947.1	1070.83	0
30016.8	1107.01	0
29966.3	1143.16	0
29989.4	1179.33	0
29962.6	1215.52	0
30004.4	1251.65	0
29959	1287.83	0
29961.8	1323.98	0
29990	1360.15	0
29949.9	1396.26	0
29966.7	1432.44	0
29944.9	1468.57	0
29991.1	1504.7	0
29918.7	1540.85	0
29976.4	1576.99	0
29953.9	1613.13	0
29957.9	1649.24	0
29942.2	1685.41	0
29964.5	1721.52	0
29965.2	1757.66	0
29919.6	1793.79	0
29977.2	1829.94	0
29931.1	1866.04	0
29952.1	1902.16	0
29912.4	1938.3	0
29967.2	1974.39	0
29908.3	2010.51	0
29922.7	2046.6	0
29936.3	2082.72	0
29915.7	2118.78	0
29917.7	2154.9	0
29904.7	2190.98	0
29950	2227.07	0
29877.2	2263.15	0
29935.3	2299.25	0
29905.9	2335.34	0
29921	2371.4	0
29886	2407.51	0
29921.5	2443.56	0
29907.8	2479.65	0
29871	2515.7	0
29915.2	2551.79	0
29877.3	2587.82	0
29894.2	2623.88	0
29850.3	2659.94	0
29912.5	2695.96	0
29845.7	2732	0
29869.9	2768.03	0
29870.8	2804.08	0
29865.7	2840.07	0
29853.4	2876.13	0
29849.6	2912.13	0
29888	2948.15	0
29817.9	2984.16	0
29872.7	3020.19	0
29839.2	3056.19	0
29860.2	3092.17	0
29812.7	3128.21	0
29858.3	3164.18	0
29832.2	3200.18	0
29805.4	3236.14	0
29838	3272.15	0
29808.4	3308.09	0
29819.6	3344.07	0
29776.4	3380.03	0
29840.4	3415.97	0
29768.3	3451.92	0
29799.3	3487.86	0
29790	3523.82	0
29794.8	3559.71	0
29770.7	3595.68	0
29775.8	3631.59	0
29805	3667.52	0
29739.2	3703.42	0
29790.8	3739.36	0
29755.6	3775.25	0
29778.8	3811.14	0
29725.1	3847.07	0
29778.1	3882.94	0
29741.2	3918.84	0
29723.9	3954.7	0
29747.6	3990.61	0
29723.5	4026.43	0
29728.5	4062.31	0
29688.6	4098.16	0
29750.3	4134	0
29673.8	4169.83	0
29709.8	4205.67	0
29692.6	4241.51	0
29702	4277.29	0
29669.8	4313.14	0
29682.6	4348.93	0
29702	4384.74	0
29640.6	4420.52	0
29690.8	4456.34	0
29654.3	4492.11	0
29677.4	4527.89	0
29622.6	4563.69	0
29680.2	4599.44	0
29634.5	4635.21	0
29625.6	4670.95	0
29644	4706.73	0
29621.9	4742.43	0
29622.3	4778.19	0
29587.1	4813.91	0
29644.2	4849.63	0
29563.7	4885.33	0
29604.2	4921.04	0
29580.6	4956.74	0
29589.6	4992.39	0
29553.3	5028.1	0
29571	5063.75	0
29580.1	5099.42	0
29521.9	5135.06	0
29572.3	5170.74	0
29532.3	5206.36	0
29553.8	5241.99	0
29501.4	5277.65	0
29560.5	5313.25	0
29507.4	5348.87	0
29506.6	5384.47	0
29523.1	5420.1	0
29499.5	5455.65	0
29499.4	5491.27	0
29470.1	5526.84	0
29521.9	5562.41	0
29439.3	5597.97	0
29486.1	5633.53	0
29457.4	5669.08	0
29463.2	5704.58	0
29428.1	5740.15	0
29447.5	5775.64	0
29446.7	5811.16	0
29390.5	5846.64	0
29442.6	5882.16	0
29394.7	5917.61	0
29413.7	5953.09	0
29365	5988.57	0
29420	6024	0
29359.7	6059.46	0
29364.9	6094.88	0
29379.9	6130.33	0
29349.2	6165.71	0
29352.3	6201.15	0
29327	6236.55	0
29372	6271.93	0
29289.1	6307.32	0
29343.7	6342.7	0
29310.2	6378.07	0
29312.1	6413.4	0
29285.4	6448.79	0
29303.8	6484.1	0
29296.7	6519.45	0
29245.2	6554.76	0
29302.1	6590.1	0
29244.9	6625.37	0
29265.4	6660.68	0
29223.7	6695.98	0
29270.9	6731.23	0
29207.3	6766.51	0
29218.6	6801.76	0
29232	6837.02	0
29190.1	6872.22	0
29201.3	6907.48	0
29175.3	6942.68	0
29210.6	6977.88	0
29128.8	7013.08	0
29188.7	7048.27	0
29146.7	7083.44	0
29142.6	7118.58	0
29127.1	7153.77	0
29136.1	7188.87	0
29124.1	7224.02	0
29077.1	7259.13	0
29136.6	7294.26	0
29066.5	7329.33	0
29092	7364.43	0
29056.9	7399.52	0
29090.7	7434.55	0
29029.9	7469.63	0
29046.2	7504.66	0
29057.2	7539.71	0
29003.7	7574.7	0
29029.7	7609.75	0
28998.4	7644.73	0
29024.8	7679.71	0
28950.6	7714.7	0
29013.1	7749.66	0
28962.6	7784.62	0
28955.5	7819.55	0
28955.7	7854.52	0
28948.1	7889.39	0
28938	7924.33	0
28897.1	7959.22	0
28955.6	7994.11	0
28873.5	8028.97	0
28908.5	8063.85	0
28878	8098.71	0
28893.6	8133.51	0
28844.6	8168.38	0
28861.1	8203.17	0
28867.6	8237.99	0
28804.8	8272.76	0
28848.7	8307.57	0
28805	8342.32	0
28824.3	8377.07	0
28763.4	8411.84	0
28820.2	8446.55	0
28762.8	8481.28	0
28755.7	8515.97	0
28770.9	8550.7	0
28739.1	8585.34	0
28739.5	8620.04	0
28703.2	8654.69	0
28753.7	8689.33	0
28665.1	8723.96	0
28711.1	8758.58	0
28680.6	8793.2	0
28675.6	8827.76	0
28648.6	8862.38	0
28656.1	8896.92	0
28657.6	8931.49	0
28591.9	8966.02	0
28651.7	9000.57	0
28589.8	9035.06	0
28607.1	9069.57	0
28564.3	9104.08	0
28603.1	9138.53	0
28546.8	9173.01	0
28542.1	9207.45	0
28567.1	9241.91	0
28508.7	9276.29	0
28529.2	9310.73	0
28492.4	9345.12	0
28528.1	9379.49	0
28445.3	9413.88	0
28497.3	9448.22	0
28462.3	9482.57	0
28439.8	9516.87	0
28442.5	9551.23	0
28428.1	9585.49	0
28429.2	9619.79	0
28368.9	9654.07	0
28434.3	9688.32	0
28354.6	9722.56	0
28376.7	9756.79	0
28351.8	9791.03	0
28360.4	9825.19	0
28319.8	9859.41	0
28314.5	9893.56	0
28340.7	9927.73	0
28262	9961.86	0
28307.8	9996.01	0
28261.8	10030.1	0
28280.1	10064.2	0
28218.8	10098.3	0
28262.6	10132.4	0
28223.6	10166.4	0
28191.7	10200.5	0
28223.1	10234.5	0
28175.8	10268.5	0
28186.4	10302.5	0
28136.8	10336.5	0
28190.8	10370.4	0
28105	10404.4	0
28134.6	10438.3	0
28120.9	10472.3	0
28094.1	10506.1	0
28085.8	10540.1	0
28069.3	10573.9	0
28089.5	10607.8	0
28006.7	10641.6	0
28070.9	10675.5	0
28009.2	10709.3	0
28014.8	10743.1	0
27986.3	10776.9	0
28001.1	10810.6	0
27968.5	10844.4	0
27935.4	10878.1	0
27982.6	10911.8	0
27902.4	10945.5	0
27933.5	10979.2	0
27891.8	11012.9	0
27917.9	11046.5	0
27849.1	11080.2	0
27877.6	11113.8	0
27866.5	11147.4	0
27812	11181	0
27844.1	11214.6	0
27801	11248.1	0
27816.2	11281.7	0
27749.1	11315.2	0
27809.2	11348.7	0
27737.2	11382.2	0
27738.7	11415.7	0
27741.7	11449.1	0
27710.8	11482.5	0
27703.9	11516	0
27669.9	11549.4	0
27712.3	11582.8	0
27618.1	11616.2	0
27669.5	11649.5	0
27627.1	11682.9	0
27620	11716.2	0
27592.6	11749.5	0
27597.6	11782.8	0
27588	11816.1	0
27525	11849.3	0
27585.1	11882.6	0
27508.9	11915.8	0
27528.4	11949	0
27488	11982.2	0
27513.9	12015.3	0
27455	12048.5	0
27454.3	12081.6	0
27473.2	12114.7	0
27400.1	12147.8	0
27433.7	12180.9	0
27388.2	12214	0
27410.6	12247	0
27335.4	12280.1	0
27385.1	12313.1	0
27338.7	12346.1	0
27309.4	12379	0
27330	12412	0
27288.2	12444.9	0
27292.7	12477.8	0
27238.4	12510.8	0
27294.1	12543.6	0
27202.3	12576.5	0
27231.9	12609.3	0
27212.1	12642.2	0
27187	12675	0
27172.5	12707.8	0
27155.1	12740.5	0
27172.6	12773.3	0
27086.2	12806	0
27149.8	12838.8	0
27083.1	12871.5	0
27087.3	12904.1	0
27057.1	12936.8	0
27067.4	12969.4	0
27033.1	13002.1	0
26997.3	13034.7	0
27043.7	13067.3	0
26956	13099.8	0
26989.6	13132.4	0
26944.9	13164.9	0
26963.4	13197.4	0
26897.9	13229.9	0
26921.2	13262.4	0
26908.7	13294.8	0
26846.1	13327.2	0
26886.7	13359.7	0
26830.9	13392	0
26845.1	13424.4	0
26781.8	13456.8	0
26832.9	13489.1	0
26759.9	13521.4	0
26757.1	13553.7	0
26767.9	13586	0
26715.6	13618.2	0
26722.6	13650.5	0
26681.4	13682.7	0
26716.8	13714.9	0
26622.6	13747.1	0
26674.8	13779.2	0
26629.8	13811.4	0
26605.9	13843.5	0
26601.6	13875.6	0
26581.9	13907.7	0
26578	13939.7	0
26512.2	13971.8	0
26575.1	14003.8	0
26484.3	14035.8	0
26505.9	14067.7	0
26478.3	14099.7	0
26472.1	14131.6	0
26435.7	14163.6	0
26421.7	14195.4	0
26444.1	14227.3	0
26352.6	14259.1	0
26407.2	14291	0
26347.1	14322.8	0
26353.7	14354.6	0
26305.3	14386.4	0
26328.6	14418.1	0
26290.2	14449.8	0
26247.2	14481.5	0
26292.3	14513.2	0
26211.8	14544.9	0
26235	14576.5	0
26185.9	14608.2	0
26214.9	14639.7	0
26138.1	14671.3	0
26158.8	14702.9	0
26150.3	14734.4	0
26086	14765.9	0
26117	14797.4	0
26066.4	14828.9	0
26081.2	14860.3	0
26007.2	14891.8	0
26062	14923.2	0
25990.5	14954.5	0
25979.6	14985.9	0
25989.8	15017.3	0
25940.6	15048.5	0
25942.4	15079.9	0
25896	15111.1	0
25937	15142.4	0
25837.9	15173.6	0
25884.2	15204.8	0
25844	15236	0
25815.6	15267.2	0
25808.7	15298.3	0
25786.6	15329.4	0
25786.5	15360.5	0
25711.7	15391.6	0
25776.1	15422.7	0
25686.5	15453.7	0
25700.9	15484.7	0
25675.7	15515.7	0
25664.7	15546.6	0
25631.7	15577.6	0
25607.8	15608.5	0
25637.1	15639.4	0
25538.8	15670.3	0
25592.1	15701.1	0
25533	15731.9	0
25533.7	15762.7	0
25489.5	15793.6	0
25502.6	15824.3	0
25473.1	15855	0
25417.7	15885.7	0
25469.8	15916.4	0
25382	15947.1	0
25405.3	15977.7	0
25357.3	16008.4	0
25377.3	16038.9	0
25309.3	16069.5	0
25316.4	16100.1	0
25318.8	16130.6	0
25239.9	16161.1	0
25281.1	16191.6	0
25221.1	16222	0
25234.7	16252.4	0
25165.5	16282.9	0
25208.4	16313.2	0
25146.7	16343.6	0
25120.7	16373.9	0
25146.2	16404.3	0
25076.7	16434.5	0
25091.2	16464.8	0
25038.2	16495	0
25073.6	16525.2	0
24980.7	16555.5	0
25016.3	16585.6	0
24987.2	16615.8	0
24937.1	16645.9	0
24953.6	16676	0
24908.4	16706	0
24917.1	16736.1	0
24840.3	16766.1	0
24899.6	16796.1	0
24812.7	16826.1	0
24815.4	16856	0
24810	16886	0
24767.3	16915.8	0
24760.3	16945.8	0
24718.7	16975.6	0
24751.9	17005.4	0
24649.2	17035.2	0
24703.3	17065	0
24647.6	17094.7	0
24626	17124.4	0
24613.6	17154.2	0
24592.3	17183.8	0
24582.2	17213.5	0
24514.3	17243.1	0
24574.5	17272.7	0
24474.3	17302.3	0
24498	17331.9	0
24465.8	17361.4	0
24449.7	17390.9	0
24416.2	17420.4	0
24396.7	17449.8	0
24413.2	17479.2	0
24315.7	17508.6	0
24375.4	17538	0
24302.9	17567.4	0
24302.9	17596.7	0
24265.3	17626	0
24269.1	17655.2	0
24233.2	17684.5	0
24185.9	17713.7	0
24233.5	17742.9	0
24132.5	17772.1	0
24166.5	17801.2	0
24116.5	17830.4	0
24120.6	17859.4	0
24062.6	17888.5	0
24068.9	17917.5	0
24060	17946.6	0
23979	17975.5	0
24033	18004.5	0
23954.3	18033.4	0
23965.9	18062.3	0
23911.6	18091.2	0
23935.6	18120.1	0
23873.3	18148.9	0
23852.5	18177.7	0
23878.6	18206.5	0
23786.8	18235.2	0
23821.1	18264	0
23763.2	18292.7	0
23778	18321.3	0
23702.7	18350	0
23732.4	18378.6	0
23695.1	18407.2	0
23637.3	18435.7	0
23677.4	18464.3	0
23601.2	18492.8	0
23615.1	18521.3	0
23553.9	18549.7	0
23589.6	18578.1	0
23505.6	18606.6	0
23511.8	18634.9	0
23511.8	18663.3	0
23435.4	18691.6	0
23463.1	18719.9	0
23405.6	18748.2	0
23421.5	18776.4	0
23338.2	18804.6	0
23385	18832.8	0
23320.9	18861	0
23288.9	18889.1	0
23310.6	18917.2	0
23242.1	18945.2	0
23251.7	18973.3	0
23192.3	19001.3	0
23230.2	19029.3	0
23131.9	19057.3	0
23161.9	19085.2	0
23135	19113.1	0
23077.1	19141	0
23094.5	19168.9	0
23042.2	19196.7	0
23051.9	19224.5	0
22969.9	19252.3	0
23025.5	19280	0
22939.1	19307.7	0
22932.4	19335.4	0
22934	19363.1	0
22875.5	19390.6	0
22877.6	19418.3	0
22825.7	19445.8	0
22857.4	19473.4	0
22753.6	19500.9	0
22801.7	19528.4	0
22749.4	19555.8	0
22710.8	19583.2	0
22716.9	19610.7	0
22671.2	19638	0
22671	19665.4	0
22597.4	19692.7	0
22653.2	19720	0
22550.9	19747.2	0
22567.3	19774.5	0
22548.4	19801.7	0
22500.2	19828.8	0
22495	19856	0
22452.6	19883.1	0
22472	19910.2	0
22371.1	19937.3	0
22430.5	19964.3	0
22355.5	19991.3	0
22336.4	20018.2	0
22331.2	20045.2	0
22291	20072.1	0
22280.6	20099	0
22220	20125.8	0
22268	20152.6	0
22157.2	20179.4	0
22193.3	20206.2	0
22154	20233	0
22115.9	20259.6	0
22105.4	20286.3	0
22070.9	20313	0
22075.5	20339.6	0
21984.7	20366.2	0
22047.7	20392.7	0
21954	20419.3	0
21954.3	20445.7	0
21937.8	20472.2	0
21900.5	20498.6	0
21883.1	20525.1	0
21836.1	20551.5	0
21870.4	20577.8	0
21758.7	20604.1	0
21810.3	20630.4	0
21750.4	20656.7	0
21723.2	20682.9	0
21709.8	20709.1	0
21679	20735.2	0
21670	20761.4	0
21593.9	20787.5	0
21652.9	20813.6	0
21545.4	20839.6	0
21565.1	20865.7	0
21535.8	20891.7	0
21499.8	20917.6	0
21480.2	20943.5	0
21443.8	20969.4	0
21461.3	20995.3	0
21356.4	21021.1	0
21417.5	21046.9	0
21337.6	21072.7	0
21323.5	21098.4	0
21307.8	21124.2	0
21275.5	21149.8	0
21257.8	21175.5	0
21197.7	21201.1	0
21245.5	21226.7	0
21131.1	21252.3	0
21169.1	21277.8	0
21124	21303.3	0
21090	21328.7	0
21073.3	21354.2	0
21041	21379.6	0
21042.5	21405	0
20950.6	21430.3	0
21013.8	21455.6	0
20915.8	21480.9	0
20918.2	21506.1	0
20898.2	21531.4	0
20860.2	21556.5	0
20841.4	21581.7	0
20794.1	21606.8	0
20825.8	21631.9	0
20712.6	21657	0
20765.5	21682	0
20701.5	21707	0
20673	21731.9	0
20661.9	21756.9	0
20625.6	21781.8	0
20616.7	21806.7	0
20541	21831.5	0
20597.6	21856.3	0
20486.9	21881.1	0
20508.2	21905.8	0
20478.9	21930.5	0
20434.4	21955.2	0
20422.6	21979.9	0
20380.3	22004.5	0
20395.2	22029	0
20291.8	22053.6	0
20352.3	22078.1	0
20268.4	22102.6	0
20251.4	22127	0
20244.5	22151.5	0
20197	22175.8	0
20187.2	22200.2	0
20125.6	22224.5	0
20168	22248.8	0
20053.7	22273.1	0
20092.7	22297.3	0
20047.8	22321.5	0
20001.1	22345.7	0
20001.6	22369.8	0
19953.6	22393.9	0
19956.7	22418	0
19869	22442	0
19926.8	22466	0
19826.8	22490	0
19827	22513.9	0
19817.7	22537.8	0
19756.4	22561.7	0
19756.8	22585.5	0
19701.1	22609.3	0
19725.9	22633.1	0
19619.2	22656.8	0
19669	22680.5	0
19604.7	22704.2	0
19563.8	22727.8	0
19575.9	22751.5	0
19512.2	22775	0
19514.7	22798.6	0
19442.5	22822.1	0
19486.6	22845.5	0
19380.8	22869	0
19399.1	22892.4	0
19378.3	22915.8	0
19307.7	22939.1	0
19325.9	22962.4	0
19263.3	22985.7	0
19274.9	23008.9	0
19184.8	23032.1	0
19232.7	23055.3	0
19151.9	23078.4	0
19125.4	23101.5	0
19141.3	23124.6	0
19057.8	23147.6	0
19073	23170.7	0
19007.8	23193.6	0
19032.3	23216.5	0
18934.9	23239.5	0
18963.8	23262.3	0
18925.6	23285.2	0
18856	23307.9	0
18891.7	23330.8	0
18809.9	23353.5	0
18820.4	23376.2	0
18748.8	23398.8	0
18780.3	23421.4	0
18695.2	23444.1	0
18685.1	23466.6	0
18693	23489.2	0
18595.3	23511.6	0
18632.2	23534.1	0
18559.6	23556.5	0
18567.9	23578.9	0
18491.5	23601.3	0
18515.1	23623.6	0
18462.6	23645.9	0
18405.2	23668.1	0
18447.9	23690.4	0
18343	23712.5	0
18367.3	23734.7	0
18305.3	23756.8	0
18312	23778.9	0
18240.6	23801	0
18237.8	23823	0
18229.8	23845	0
18131.9	23866.9	0
18188.1	23888.8	0
18095.3	23910.7	0
18100.7	23932.5	0
18048	23954.3	0
18048.5	23976.1	0
17996.8	23997.8	0
17954.1	24019.5	0
17988.4	24041.2	0
17869.6	24062.8	0
17916	24084.4	0
17847.7	24106	0
17833.5	24127.5	0
17790.7	24149	0
17775.7	24170.4	0
17756.3	24191.9	0
17672	24213.2	0
17732.3	24234.6	0
17618.2	24255.9	0
17636.2	24277.2	0
17596.7	24298.4	0
17565.2	24319.6	0
17535.3	24340.8	0
17495.6	24361.9	0
17512.2	24383	0
17398.9	24404.1	0
17459.6	24425.1	0
17373.5	24446.1	0
17354.2	24467.1	0
17340.6	24488	0
17294.4	24508.9	0
17281.5	24529.8	0
17213.2	24550.6	0
17257.5	24571.3	0
17138.2	24592.1	0
17173.3	24612.8	0
17129.4	24633.5	0
17073.9	24654.1	0
17079.3	24674.7	0
17020.8	24695.3	0
17026.2	24715.8	0
16935	24736.3	0
16987.5	24756.8	0
16888.8	24777.2	0
16879.6	24797.6	0
16879.8	24817.9	0
16797.9	24838.2	0
16813	24858.5	0
16745.8	24878.8	0
16764.8	24899	0
16665.6	24919.2	0
16702.1	24939.3	0
16645.2	24959.4	0
16586	24979.4	0
16620.1	24999.5	0
16526.8	25019.4	0
16541.7	25039.4	0
16471.9	25059.3	0
16493.3	25079.2	0
16406.4	25099	0
16405.5	25118.8	0
16399.5	25138.6	0
16299.1	25158.3	0
16348	25178	0
16260.2	25197.7	0
16264.9	25217.3	0
16201.5	25236.9	0
16210.4	25256.4	0
16154.4	25276	0
16105.3	25295.4	0
16143.7	25314.9	0
16023	25334.3	0
16063.9	25353.6	0
15996.8	25373	0
15982.8	25392.2	0
15935	25411.5	0
15918.4	25430.7	0
15902.8	25449.9	0
15810.1	25469	0
15872.4	25488.1	0
15758.4	25507.2	0
15770.4	25526.2	0
15734	25545.3	0
15696.6	25564.2	0
15670.7	25583.1	0
15622.6	25602	0
15644.1	25620.8	0
15526.1	25639.7	0
15583.9	25658.4	0
15502.1	25677.2	0
15472.1	25695.8	0
15468.7	25714.5	0
15408.7	25733.1	0
15404.4	25751.7	0
15329.4	25770.3	0
15371.8	25788.8	0
15256	25807.3	0
15281.3	25825.7	0
15248	25844.1	0
15174.7	25862.4	0
15196.9	25880.8	0
15122.6	25899	0
15131.4	25917.3	0
15044.3	25935.5	0
15083.5	25953.6	0
14996.9	25971.8	0
14971.6	25989.9	0
14988.6	26008	0
14883.7	26025.9	0
14915.6	26044	0
14841.3	26061.9	0
14848.4	26079.8	0
14768.9	26097.7	0
14781.6	26115.5	0
14742.1	26133.3	0
14663.7	26151	0
14716.6	26168.8	0
14602.9	26186.4	0
14623.3	26204.1	0
14565.6	26221.7	0
14555.3	26239.2	0
14500.8	26256.8	0
14472.8	26274.2	0
14482.1	26291.7	0
14365.9	26309.1	0
14428	26326.5	0
14332.7	26343.8	0
14321.5	26361.1	0
14293.4	26378.4	0
14255.7	26395.5	0
14233.5	26412.8	0
14166	26429.9	0
14208.7	26447	0
14082.8	26464.1	0
14122.9	26481.1	0
14069.3	26498.1	0
14015.4	26515	0
14019.6	26532	0
13955.9	26548.8	0
13959.7	26565.6	0
13868.6	26582.4	0
13917.5	26599.2	0
13813.8	26615.9	0
13806.8	26632.6	0
13805.5	26649.2	0
13711.9	26665.8	0
13737.9	26682.4	0
13662	26698.9	0
13673.5	26715.4	0
13583.9	26731.9	0
13609.9	26748.2	0
13552.4	26764.6	0
13488.9	26780.9	0
13532.3	26797.2	0
13417.9	26813.5	0
13443.4	26829.7	0
13377.3	26845.9	0
13373.9	26862	0
13309.3	26878.1	0
13293.1	26894.1	0
13288.6	26910.2	0
13179.3	26926.1	0
13242.6	26942.1	0
13136.8	26958	0
13135.9	26973.8	0
13100	26989.7	0
13065.5	27005.4	0
13037.2	27021.2	0
12977.4	27036.9	0
13012.1	27052.5	0
12885	27068.2	0
12934.3	27083.8	0
12866.7	27099.3	0
12820.2	27114.8	0
12823.4	27130.3	0
12756.6	27145.7	0
12757.9	27161.1	0
12672.2	27176.4	0
12716.8	27191.7	0
12607.1	27207	0
12611.8	27222.2	0
12599.6	27237.4	0
12505.6	27252.6	0
12538.4	27267.7	0
12455.9	27282.7	0
12464.3	27297.8	0
12381.4	27312.8	0
12403.9	27327.7	0
12338.9	27342.6	0
12285.4	27357.5	0
12324.3	27372.3	0
12201.8	27387.1	0
12237.9	27401.9	0
12167.8	27416.6	0
12155.5	27431.2	0
12101.5	27445.9	0
12081.7	27460.5	0
12068.9	27475	0
11967.3	27489.6	0
12031.4	27504	0
11914.2	27518.5	0
11920.8	27532.8	0
11889.3	27547.2	0
11838	27561.5	0
11822.7	27575.8	0
11762.2	27590	0
11785.4	27604.2	0
11666	27618.4	0
11717.6	27632.5	0
11640.5	27646.6	0
11594	27660.6	0
11611	27674.6	0
11523.1	27688.5	0
11533.6	27702.4	0
11455.5	27716.3	0
11482.1	27730.1	0
11382.2	27743.9	0
11388.5	27757.6	0
11370.7	27771.4	0
11269.7	27785	0
11320.9	27798.7	0
11220.9	27812.2	0
11226.9	27825.8	0
11164.5	27839.3	0
11161.9	27852.7	0
11107.2	27866.2	0
11056.7	27879.6	0
11091.1	27892.9	0
10959.8	27906.2	0
11010.9	27919.5	0
10935	27932.7	0
10904.5	27945.9	0
10882.4	27959.1	0
10836.1	27972.1	0
10827.3	27985.2	0
10736.3	27998.2	0
10790.8	28011.2	0
10669.6	28024.1	0
10681.9	28037	0
10658.8	28049.9	0
10576.9	28062.7	0
10596.1	28075.5	0
10518.6	28088.2	0
10530	28100.9	0
10434.9	28113.6	0
10468.8	28126.1	0
10393.8	28138.7	0
10345	28151.2	0
10378.6	28163.7	0
10258.7	28176.2	0
10292.8	28188.6	0
10218.5	28201	0
10212.1	28213.2	0
10149.5	28225.6	0
10134.6	28237.8	0
10118	28250	0
10015.9	28262.2	0
10080.3	28274.3	0
9959.65	28286.3	0
9968.34	28298.4	0
9933.74	28310.4	0
9881.9	28322.3	0
9866.62	28334.3	0
9804.44	28346.1	0
9826.5	28357.9	0
9706.62	28369.7	0
9758.01	28381.5	0
9678.68	28393.2	0
9630.64	28404.8	0
9651.44	28416.5	0
9555.2	28428	0
9570.21	28439.6	0
9491.98	28451.1	0
9511.41	28462.5	0
9417.85	28474	0
9418.91	28485.3	0
9402.62	28496.7	0
9296.23	28508	0
9354.84	28519.2	0
9246.28	28530.4	0
9251.16	28541.6	0
9199.39	28552.7	0
9178.26	28563.8	0
9137.13	28574.9	0
9080.03	28585.8	0
9113.43	28596.8	0
8980.69	28607.7	0
9033.84	28618.6	0
8958.18	28629.4	0
8914.13	28640.2	0
8915.13	28651	0
8843.73	28661.7	0
8845.79	28672.4	0
8758.46	28683	0
8799.28	28693.5	0
8688.33	28704.1	0
8692.55	28714.6	0
8679.44	28725.1	0
8575.88	28735.5	0
8620.31	28745.9	0
8525.6	28756.2	0
8530.7	28766.5	0
8460.09	28776.8	0
8463.07	28786.9	0
8408.03	28797.1	0
8348.2	28807.2	0
8390.32	28817.3	0
8254.99	28827.4	0
8301.03	28837.4	0
8230.63	28847.3	0
8193.78	28857.2	0
8174.57	28867.1	0
8121.93	28876.9	0
8119.32	28886.7	0
8020.64	28896.5	0
8075.71	28906.2	0
7959.05	28915.8	0
7958.77	28925.4	0
7948.74	28935	0
7852.02	28944.5	0
7881.2	28954.1	0
7796.52	28963.5	0
7805.84	28972.9	0
7718.68	28982.3	0
7736.38	28991.6	0
7678.01	29000.9	0
7610.99	29010.1	0
7658.62	29019.3	0
7526.69	29028.5	0
7562.93	29037.6	0
7496.45	29046.7	0
7467.57	29055.7	0
7432.63	29064.7	0
7390.06	29073.6	0
7389.72	29082.5	0
7279.95	29091.4	0
7342.44	29100.2	0
7227.88	29109	0
7219.52	29117.7	0
7212.18	29126.4	0
7122.35	29135	0
7139.89	29143.7	0
7059.87	29152.2	0
7075.35	29160.7	0
6976.44	29169.3	0
6999.76	29177.7	0
6945.72	29186.1	0
6869.32	29194.4	0
6920.51	29202.7	0
6793.84	29211	0
6821.04	29219.2	0
6757.2	29227.4	0
6734.16	29235.5	0
6690.44	29243.7	0
6649.61	29251.7	0
6656.11	29259.7	0
6536.82	29267.7	0
6601.56	29275.6	0
6493.57	29283.5	0
6475.4	29291.3	0
6471.73	29299.1	0
6385.66	29306.8	0
6397.11	29314.6	0
6317.33	29322.3	0
6338.52	29329.9	0
6233.7	29337.5	0
6255.03	29345	0
6210.5	29352.5	0
6123.34	29360	0
6177.9	29367.4	0
6055.78	29374.7	0
6075.5	29382.1	0
6014.72	29389.4	0
5992.97	29396.6	0
5948.13	29403.8	0
5902.36	29411	0
5918.04	29418.1	0
5791.4	29425.2	0
5854.65	29432.2	0
5755.98	29439.2	0
5726.31	29446.1	0
5729.08	29453	0
5641.91	29459.8	0
5652.55	29466.7	0
5570.82	29473.5	0
5594.96	29480.2	0
5490.56	29486.9	0
5503.68	29493.5	0
5472.3	29500.1	0
5373.14	29506.7	0
5431.94	29513.2	0
5313.05	29519.7	0
5325.75	29526.1	0
5270.79	29532.5	0
5244.07	29538.8	0
5205.4	29545.1	0
5150.08	29551.4	0
5175.21	29557.6	0
5044.11	29563.8	0
5102.51	29569.9	0
5015.78	29576	0
4971.96	29582	0
4985.29	29588	0
4891.91	29593.9	0
4905.36	29599.9	0
4822.31	29605.8	0
4844.4	29611.6	0
4747.29	29617.4	0
4746.81	29623.1	0
4731.22	29628.8	0
4619.25	29634.4	0
4682.89	29640.1	0
4566.99	29645.6	0
4570.92	29651.1	0
4526.9	29656.7	0
4487.94	29662	0
4461.71	29667.5	0
4394.61	29672.8	0
4427.07	29678.1	0
4295.96	29683.4	0
4345.27	29688.6	0
4273.88	29693.8	0
4212.45	29698.9	0
4240.68	29704	0
4137.25	29709.1	0
4154.32	29714.1	0
4073.85	29719.1	0
4086.52	29723.9	0
4004.31	29728.9	0
3985.48	29733.7	0
3986.99	29738.5	0
3863.01	29743.2	0
3930.12	29747.9	0
3819.44	29752.6	0
3810.27	29757.2	0
3784.05	29761.8	0
3725.56	29766.3	0
3716.18	29770.8	0
3638.12	29775.2	0
3672.6	29779.6	0
3548.5	29784	0
3582.79	29788.3	0
3530.94	29792.6	0
3448.71	29796.8	0
3494.54	29801	0
3380.14	29805.1	0
3398.02	29809.2	0
3327.41	29813.3	0
3321.14	29817.2	0
3261.83	29821.3	0
3221.23	29825.2	0
3238.51	29829	0
3106.73	29832.9	0
3172.33	29836.7	0
3072.25	29840.4	0
3043.71	29844.1	0
3042.33	29847.8	0
2958.71	29851.4	0
2967.38	29855	0
2883.23	29858.5	0
2910.35	29862	0
2803.51	29865.5	0
2815.24	29868.8	0
2786.63	29872.2	0
2682.99	29875.5	0
2745.04	29878.8	0
2623.37	29882	0
2635.16	29885.2	0
2584.43	29888.4	0
2548.74	29891.4	0
2519.31	29894.5	0
2456.52	29897.5	0
2483.65	29900.5	0
2353.59	29903.4	0
2408.01	29906.3	0
2326.58	29909.1	0
2272.49	29911.9	0
2300.33	29914.7	0
2190.35	29917.3	0
2213.23	29920	0
2132.73	29922.7	0
2139.1	29925.2	0
2062.16	29927.8	0
2043.86	29930.2	0
2039.13	29932.7	0
1919.14	29935.1	0
1989.29	29937.4	0
1869.83	29939.8	0
1865.32	29942	0
1844.87	29944.3	0
1771.41	29946.4	0
1774.87	29948.6	0
1694.82	29950.7	0
1719.59	29952.7	0
1606.88	29954.8	0
1636.33	29956.7	0
1582.05	29958.6	0
1499.98	29960.5	0
1554.62	29962.4	0
1424.68	29964.1	0
1451.55	29965.9	0
1388.53	29967.6	0
1359.09	29969.2	0
1323.93	29970.9	0
1271.67	29972.4	0
1284.93	29974	0
1162.24	29975.5	0
1224.02	29976.9	0
1121.52	29978.3	0
1090.18	29979.6	0
1106.01	29981	0
993.647	29982.2	0
1025.15	29983.5	0
939.923	29984.6	0
944.262	29985.7	0
868.45	29986.9	0
858.455	29987.9	0
835.892	29988.9	0
732.022	29989.9	0
799.908	29990.8	0
666.402	29991.7	0
681.362	29992.5	0
649.912	29993.3	0
573.734	29994	0
585.487	29994.8	0
503.495	29995.4	0
519.858	29996	0
417.018	29996.6	0
447.369	29997.1	0
377.992	29997.6	0
314.656	29998	0
361.74	29998.4	0
222.392	29998.8	0
266.199	29999.1	0
194.054	29999.3	0
158.652	29999.5	0
136.571	29999.8	0
78.7499	29999.8	0
82.9731	29999.9	0
-24.2313	30000	0
30.793	30000	0
-81.2132	30000	0
-95.1669	29999.9	0
-88.2266	29999.8	0
-209.125	29999.5	0
-159.42	29999.4	0
-255.361	29999.1	0
-258.335	29998.8	0
-315.246	29998.5	0
-338.607	29998	0
-364.915	29997.6	0
-453.096	29997.1	0
-396.343	29996.6	0
-534.789	29996.1	0
-504.081	29995.4	0
-544.874	29994.8	0
-630.473	29994.1	0
-595.818	29993.4	0
-695.271	29992.6	0
-682.12	29991.7	0
-763.725	29990.9	0
-754.57	29989.9	0
-819.176	29989	0
-871.193	29988	0
-835.579	29986.9	0
-978.207	29985.9	0
-917.888	29984.7	0
-1002.31	29983.6	0
-1046.07	29982.3	0
-1040.33	29981.1	0
-1125.92	29979.7	0
-1114.62	29978.4	0
-1204.59	29977	0
-1174.71	29975.5	0
-1273.9	29974.1	0
-1282.78	29972.5	0
-1285.21	29971	0
-1409.96	29969.4	0
-1340.25	29967.7	0
-1455.59	29966	0
-1460.67	29964.3	0
-1488.83	29962.5	0
-1549.95	29960.6	0
-1554.82	29958.8	0
-1636.37	29956.9	0
-1602.68	29954.9	0
-1723.67	29952.9	0
-1693.15	29950.8	0
-1741.32	29948.8	0
-1831.21	29946.6	0
-1772.35	29944.5	0
-1901.6	29942.2	0
-1877.99	29939.9	0
-1937.22	29937.7	0
-1971.03	29935.3	0
-1999.7	29932.9	0
-2060.22	29930.4	0
-2039.57	29928	0
-2164.78	29925.4	0
-2107.23	29922.8	0
-2199.11	29920.3	0
-2244.88	29917.6	0
-2213.3	29914.9	0
-2339.21	29912.1	0
-2300.13	29909.4	0
-2382.52	29906.5	0
-2392.53	29903.6	0
-2445.47	29900.8	0
-2479.13	29897.7	0
-2484.04	29894.8	0
-2595.8	29891.7	0
-2528.55	29888.6	0
-2653.93	29885.5	0
-2654.68	29882.3	0
-2660.9	29879.1	0
-2768.8	29875.8	0
-2727.63	29872.5	0
-2823.26	29869.1	0
-2816.59	29865.7	0
-2888.79	29862.3	0
-2896.78	29858.8	0
-2933	29855.3	0
-3017.46	29851.7	0
-2958.84	29848.1	0
-3102.09	29844.4	0
-3064.35	29840.7	0
-3112.35	29837	0
-3191.58	29833.2	0
-3159.98	29829.4	0
-3259.31	29825.5	0
-3243.84	29821.5	0
-3327.57	29817.6	0
-3316.45	29813.6	0
-3382.53	29809.6	0
-3432.27	29805.4	0
-3397.9	29801.3	0
-3541.19	29797.1	0
-3477.14	29792.9	0
-3564.73	29788.7	0
-3609.1	29784.3	0
-3596.27	29780	0
-3691.3	29775.6	0
-3673.61	29771.1	0
-3761.33	29766.7	0
-3740.23	29762.1	0
-3828.88	29757.6	0
-3843.77	29752.9	0
-3843.85	29748.3	0
-3970.32	29743.6	0
-3895.55	29738.9	0
-4015.25	29734.1	0
-4022.91	29729.2	0
-4035.65	29724.4	0
-4119.89	29719.4	0
-4104.54	29714.5	0
-4191.03	29709.5	0
-4168.53	29704.4	0
-4269.29	29699.4	0
-4255.77	29694.2	0
-4293.53	29689	0
-4390.05	29683.8	0
-4321.19	29678.6	0
-4461.3	29673.3	0
-4434.64	29667.9	0
-4477.5	29662.5	0
-4545.29	29657	0
-4535.43	29651.6	0
-4618.42	29646.1	0
-4600.11	29640.5	0
-4702.59	29634.9	0
-4671.47	29629.2	0
-4743.05	29623.6	0
-4802.37	29617.8	0
-4754.56	29612.1	0
-4900.53	29606.2	0
-4846.18	29600.4	0
-4921.2	29594.5	0
-4967.09	29588.5	0
-4965.81	29582.5	0
-5045.24	29576.4	0
-5032.61	29570.4	0
-5129.46	29564.3	0
-5092.76	29558.1	0
-5188.47	29551.9	0
-5210.5	29545.6	0
-5194.81	29539.3	0
-5331.1	29533	0
-5259.79	29526.6	0
-5365.66	29520.2	0
-5384.57	29513.7	0
-5396.33	29507.2	0
-5472.3	29500.6	0
-5463.33	29494.1	0
-5552.2	29487.4	0
-5519.6	29480.7	0
-5626.75	29474	0
-5618.34	29467.2	0
-5639.56	29460.4	0
-5752.22	29453.6	0
-5677.9	29446.7	0
-5808.9	29439.7	0
-5797.39	29432.7	0
-5828.44	29425.8	0
-5898.93	29418.6	0
-5890.39	29411.6	0
-5973.91	29404.4	0
-5949.93	29397.2	0
-6056.56	29390	0
-6029.66	29382.7	0
-6085	29375.4	0
-6164.73	29368	0
-6102.53	29360.6	0
-6248.02	29353.1	0
-6206.39	29345.6	0
-6263.57	29338.1	0
-6323.02	29330.5	0
-6313.62	29322.9	0
-6397.35	29315.2	0
-6380.17	29307.5	0
-6478.9	29299.8	0
-6446.93	29291.9	0
-6526.66	29284.1	0
-6571.4	29276.2	0
-6534.27	29268.3	0
-6679.75	29260.3	0
-6614.01	29252.3	0
-6702.03	29244.3	0
-6741.84	29236.2	0
-6734.88	29228.1	0
-6823.59	29219.9	0
-6806.43	29211.7	0
-6896.99	29203.4	0
-6870.26	29195.1	0
-6960.6	29186.8	0
-6976.62	29178.3	0
-6971.44	29169.9	0
-7101.7	29161.5	0
-7023.97	29152.9	0
-7142.02	29144.4	0
-7153.47	29135.8	0
-7157.48	29127.2	0
-7251.15	29118.4	0
-7226.17	29109.7	0
-7315.23	29100.9	0
-7296.92	29092.1	0
-7385.02	29083.3	0
-7385.17	29074.3	0
-7409.92	29065.4	0
-7513.76	29056.4	0
-7439.91	29047.4	0
-7579.55	29038.4	0
-7558.27	29029.2	0
-7584.6	29020.1	0
-7676.25	29010.9	0
-7639.66	29001.7	0
-7737.31	28992.4	0
-7722.01	28983	0
-7801.37	28973.7	0
-7800.28	28964.2	0
-7844.08	28954.8	0
-7918.97	28945.3	0
-7863.53	28935.8	0
-8009.68	28926.2	0
-7959.61	28916.6	0
-8017.19	28907	0
-8094.34	28897.2	0
-8050.34	28887.5	0
-8164.14	28877.7	0
-8140.47	28867.9	0
-8214.24	28858.1	0
-8221.74	28848.1	0
-8269.04	28838.2	0
-8322.97	28828.2	0
-8292.93	28818.1	0
-8428.78	28808.1	0
-8362.99	28797.9	0
-8452.61	28787.8	0
-8502.63	28777.6	0
-8463.5	28767.3	0
-8592.67	28757	0
-8549.74	28746.7	0
-8629.48	28736.4	0
-8645.31	28725.9	0
-8683.2	28715.5	0
-8731.79	28704.9	0
-8722.5	28694.4	0
-8836.99	28683.9	0
-8773.49	28673.2	0
-8884.86	28662.6	0
-8902.38	28651.8	0
-8883.36	28641.1	0
-9016.88	28630.3	0
-8951.72	28619.5	0
-9051.03	28608.6	0
-9064.28	28597.7	0
-9089.77	28586.8	0
-9148.49	28575.7	0
-9145.06	28564.7	0
-9239.12	28553.6	0
-9192.54	28542.5	0
-9307.3	28531.4	0
-9299.31	28520.1	0
-9309.96	28508.9	0
-9430.85	28497.6	0
-9352.53	28486.3	0
-9477.97	28474.9	0
-9473.09	28463.5	0
-9495.68	28452.1	0
-9570.8	28440.5	0
-9555.73	28429	0
-9642.91	28417.4	0
-9616.02	28405.8	0
-9716.54	28394.2	0
-9701.05	28382.4	0
-9737.83	28370.7	0
-9832.78	28358.9	0
-9759.29	28347.1	0
-9904.03	28335.2	0
-9871.14	28323.3	0
-9907.71	28311.4	0
-9991.44	28299.3	0
-9955.4	28287.4	0
-10054.6	28275.3	0
-10035.6	28263.1	0
-10115.5	28251	0
-10112.5	28238.8	0
-10158.2	28226.6	0
-10227.3	28214.3	0
-10175.3	28202	0
-10320.7	28189.6	0
-10264.3	28177.2	0
-10327.6	28164.8	0
-10402.2	28152.2	0
-10351.2	28139.8	0
-10474.3	28127.2	0
-10443.5	28114.6	0
-10512.5	28101.9	0
-10531.8	28089.2	0
-10564.6	28076.5	0
-10623.6	28063.7	0
-10596.4	28050.9	0
-10722.9	28038.1	0
-10662.1	28025.2	0
-10749.8	28012.3	0
-10799.6	27999.3	0
-10752.5	27986.3	0
-10894.7	27973.2	0
-10838.2	27960.1	0
-10916.5	27947	0
-10950.1	27933.8	0
-10957.4	27920.6	0
-11029.7	27907.3	0
-11012.9	27894	0
-11113.7	27880.7	0
-11070.7	27867.3	0
-11163.6	27853.9	0
-11189	27840.4	0
-11163.6	27826.9	0
-11305.3	27813.4	0
-11226.9	27799.8	0
-11329.8	27786.2	0
-11357.2	27772.5	0
-11345.7	27758.8	0
-11445.5	27745	0
-11415.3	27731.3	0
-11503.3	27717.4	0
-11487.8	27703.5	0
-11561.2	27689.7	0
-11581.5	27675.7	0
-11579.7	27661.7	0
-11700.1	27647.7	0
-11621	27633.6	0
-11745.3	27619.5	0
-11749.5	27605.4	0
-11740.7	27591.2	0
-11861.7	27576.9	0
-11802.8	27562.7	0
-11902.1	27548.4	0
-11902.4	27534	0
-11944.5	27519.7	0
-11985.8	27505.2	0
-11988.7	27490.7	0
-12083.8	27476.2	0
-12027.3	27461.7	0
-12150.1	27447.1	0
-12134.4	27432.4	0
-12146.6	27417.8	0
-12265.8	27403.1	0
-12185.1	27388.3	0
-12311.1	27373.6	0
-12302.8	27358.7	0
-12325	27343.9	0
-12400.1	27328.9	0
-12380.6	27314	0
-12469	27299	0
-12441.2	27284	0
-12536.4	27268.9	0
-12525.4	27253.8	0
-12555.5	27238.7	0
-12652.5	27223.5	0
-12575.7	27208.2	0
-12719.8	27193	0
-12687.6	27177.7	0
-12715.1	27162.4	0
-12811.6	27146.9	0
-12757.6	27131.6	0
-12866.2	27116.1	0
-12848.4	27100.6	0
-12909.4	27085.1	0
-12930.5	27069.4	0
-12952.8	27053.8	0
-13030.5	27038.2	0
-12979.9	27022.5	0
-13113.2	27006.7	0
-13068.4	26990.9	0
-13116.2	26975.1	0
-13206.8	26959.3	0
-13133.4	26943.4	0
-13272.6	26927.4	0
-13238.1	26911.5	0
-13284.4	26895.5	0
-13343.2	26879.4	0
-13330.3	26863.3	0
-13415	26847.2	0
-13387.9	26831	0
-13486.6	26814.8	0
-13460.4	26798.5	0
-13515.3	26782.3	0
-13584.7	26765.9	0
-13522.3	26749.6	0
-13672.4	26733.2	0
-13613.9	26716.7	0
-13672.3	26700.3	0
-13746.8	26683.7	0
-13696.1	26667.2	0
-13813.6	26650.6	0
-13783	26633.9	0
-13851.2	26617.3	0
-13867.3	26600.5	0
-13896.5	26583.8	0
-13959.7	26567	0
-13923.7	26550.2	0
-14051.3	26533.3	0
-13993	26516.4	0
-14067.8	26499.5	0
-14129.9	26482.5	0
-14068.5	26465.5	0
-14215.8	26448.4	0
-14158.8	26431.3	0
-14224.5	26414.2	0
-14275.2	26397	0
-14257.9	26379.8	0
-14347.4	26362.5	0
-14321.3	26345.2	0
-14411.8	26327.9	0
-14388.9	26310.5	0
-14452.2	26293.1	0
-14500.1	26275.7	0
-14457.6	26258.2	0
-14601.8	26240.7	0
-14527.8	26223.1	0
-14611.5	26205.5	0
-14665.5	26187.9	0
-14616.1	26170.2	0
-14747	26152.5	0
-14699.4	26134.7	0
-14772.5	26117	0
-14795.6	26099.1	0
-14813.5	26081.3	0
-14877.1	26063.3	0
-14852.9	26045.4	0
-14963.5	26027.5	0
-14910.4	26009.4	0
-14996.5	25991.4	0
-15035.5	25973.3	0
-14990	25955.2	0
-15138.7	25937	0
-15062.3	25918.8	0
-15148	25900.5	0
-15191.8	25882.2	0
-15161.7	25864	0
-15270	25845.6	0
-15233.5	25827.2	0
-15315.1	25808.8	0
-15310.9	25790.3	0
-15359.8	25771.8	0
-15403.4	25753.2	0
-15378.5	25734.7	0
-15504.5	25716.1	0
-15431.9	25697.4	0
-15530	25678.7	0
-15564.5	25659.9	0
-15520.2	25641.2	0
-15664	25622.4	0
-15593.5	25603.5	0
-15678.1	25584.7	0
-15710.1	25565.7	0
-15701.8	25546.8	0
-15787.3	25527.8	0
-15759.9	25508.8	0
-15850.8	25489.7	0
-15822.7	25470.6	0
-15895.1	25451.5	0
-15926.2	25432.3	0
-15898.3	25413.1	0
-16034.8	25393.8	0
-15952.1	25374.5	0
-16053.9	25355.2	0
-16086.7	25335.8	0
-16046.4	25316.5	0
-16180.2	25297	0
-16119.1	25277.5	0
-16202	25258.1	0
-16221.6	25238.5	0
-16234	25218.9	0
-16300.4	25199.3	0
-16278.3	25179.6	0
-16378.8	25160	0
-16331.7	25140.2	0
-16419.5	25120.5	0
-16444.6	25100.6	0
-16412.5	25080.8	0
-16554.9	25060.9	0
-16469.1	25041	0
-16569.3	25021.1	0
-16601.8	25001.1	0
-16567	24981.1	0
-16689.2	24961	0
-16637.4	24940.9	0
-16719.5	24920.8	0
-16727.4	24900.6	0
-16756.7	24880.5	0
-16809.4	24860.2	0
-16788.6	24839.9	0
-16898.1	24819.6	0
-16837.5	24799.2	0
-16933.2	24778.9	0
-16957.8	24758.4	0
-16920.6	24738	0
-17065.9	24717.5	0
-16981.2	24697	0
-17076.8	24676.4	0
-17110.1	24655.8	0
-17080.3	24635.2	0
-17192.1	24614.5	0
-17147.7	24593.8	0
-17229.8	24573.1	0
-17228.2	24552.2	0
-17269.1	24531.5	0
-17314.2	24510.6	0
-17291.2	24489.7	0
-17408.6	24468.8	0
-17339.5	24447.8	0
-17437	24426.9	0
-17465.1	24405.8	0
-17421.9	24384.8	0
-17568.5	24363.7	0
-17487.1	24342.5	0
-17576.5	24321.4	0
-17611.9	24300.1	0
-17585.1	24279	0
-17689.4	24257.6	0
-17649.8	24236.3	0
-17732.1	24215	0
-17724.2	24193.6	0
-17771	24172.2	0
-17814	24150.7	0
-17786.3	24129.3	0
-17910	24107.8	0
-17836.8	24086.2	0
-17931.2	24064.6	0
-17966.1	24042.9	0
-17915.9	24021.3	0
-18063.3	23999.6	0
-17986.2	23977.9	0
-18068.1	23956.1	0
-18107.6	23934.3	0
-18080.5	23912.5	0
-18181.2	23890.6	0
-18143.9	23868.7	0
-18225.8	23846.8	0
-18215.5	23824.7	0
-18262.4	23802.8	0
-18308.2	23780.7	0
-18274	23758.6	0
-18402.1	23736.5	0
-18328.9	23714.4	0
-18416.2	23692.2	0
-18460.5	23670	0
-18402.1	23647.7	0
-18550.6	23625.4	0
-18477.9	23603.1	0
-18551.2	23580.8	0
-18597.5	23558.3	0
-18566.2	23536	0
-18666.9	23513.5	0
-18630.3	23491	0
-18709.9	23468.5	0
-18702.1	23445.9	0
-18743.5	23423.3	0
-18795.8	23400.7	0
-18754.6	23378	0
-18884.7	23355.3	0
-18815.3	23332.6	0
-18891.8	23309.8	0
-18947.9	23287	0
-18880.3	23264.2	0
-19029.9	23241.3	0
-18962.6	23218.4	0
-19025	23195.5	0
-19081.7	23172.5	0
-19041.9	23149.6	0
-19145.7	23126.5	0
-19109.7	23103.4	0
-19183.8	23080.4	0
-19183.9	23057.1	0
-19214.5	23034	0
-19276.1	23010.8	0
-19228.6	22987.6	0
-19357	22964.3	0
-19295.9	22941	0
-19358.1	22917.7	0
-19427.9	22894.3	0
-19350.5	22870.9	0
-19500.7	22847.5	0
-19440.4	22824	0
-19489	22800.5	0
-19560	22776.9	0
-19508.1	22753.4	0
-19616.6	22729.8	0
-19582.7	22706.1	0
-19646.5	22682.5	0
-19660.6	22658.7	0
-19675.7	22635.1	0
-19747.8	22611.3	0
-19696.7	22587.4	0
-19818.5	22563.7	0
-19770.7	22539.7	0
-19815.2	22515.9	0
-19899.7	22491.9	0
-19813.5	22468	0
-19961.9	22444	0
-19911.8	22419.9	0
-19942.9	22395.9	0
-20031.8	22371.8	0
-19965.3	22347.7	0
-20078.4	22323.5	0
-20050.2	22299.3	0
-20097.5	22275.1	0
-20131.9	22250.8	0
-20127.8	22226.6	0
-20209.6	22202.2	0
-20159.8	22177.8	0
-20268.1	22153.5	0
-20239.6	22129	0
-20263.4	22104.6	0
-20361.9	22080.1	0
-20270.4	22055.6	0
-20412.3	22031.1	0
-20377	22006.5	0
-20386.8	21981.9	0
-20495.8	21957.2	0
-20414.8	21932.6	0
-20529.5	21907.8	0
-20512.5	21883.1	0
-20536.6	21858.4	0
-20596.8	21833.5	0
-20571.8	21808.7	0
-20659.9	21783.8	0
-20618.8	21758.9	0
-20705.1	21734	0
-20701.9	21709	0
-20703.7	21684	0
-20812.7	21659	0
-20722.5	21633.9	0
-20850.7	21608.9	0
-20835.8	21583.7	0
-20821.6	21558.6	0
-20950.1	21533.4	0
-20858.2	21508.2	0
-20968.5	21483	0
-20969.9	21457.7	0
-20964.4	21432.4	0
-21053.7	21407	0
-21009.4	21381.7	0
-21097.1	21356.3	0
-21074.4	21330.8	0
-21129.4	21305.4	0
-21156.7	21279.8	0
-21137.7	21254.3	0
-21250	21228.8	0
-21171.3	21203.2	0
-21276.3	21177.6	0
-21287.2	21151.9	0
-21249.2	21126.3	0
-21392.1	21100.5	0
-21297.2	21074.8	0
-21394.6	21049.1	0
-21421.4	21023.2	0
-21382.4	20997.4	0
-21500.1	20971.5	0
-21442.1	20945.6	0
-21519.9	20919.7	0
-21526.6	20893.7	0
-21541.8	20867.8	0
-21601.8	20841.8	0
-21567.5	20815.7	0
-21671.3	20789.7	0
-21617.8	20763.5	0
-21689.3	20737.4	0
-21728.9	20711.2	0
-21672.2	20685	0
-21818.5	20658.8	0
-21733.5	20632.5	0
-21807.7	20606.3	0
-21864.7	20579.9	0
-21793.8	20553.6	0
-21932.8	20527.2	0
-21871.7	20500.8	0
-21927.9	20474.4	0
-21973.5	20447.9	0
-21944.6	20421.5	0
-22034.2	20394.9	0
-21995.1	20368.3	0
-22075.3	20341.8	0
-22061.6	20315.1	0
-22091.3	20288.5	0
-22157.9	20261.8	0
-22094.1	20235.1	0
-22226.7	20208.4	0
-22167.5	20181.6	0
-22209.4	20154.9	0
-22295.9	20128	0
-22202.5	20101.2	0
-22348.4	20074.3	0
-22298.9	20047.4	0
-22322.8	20020.5	0
-22411.4	19993.5	0
-22341.7	19966.5	0
-22450.7	19939.5	0
-22421.8	19912.4	0
-22462.5	19885.4	0
-22500.2	19858.2	0
-22485.5	19831.1	0
-22570.3	19803.9	0
-22517.5	19776.7	0
-22615.2	19749.5	0
-22597.8	19722.2	0
-22603.2	19694.9	0
-22709.8	19667.6	0
-22613.2	19640.3	0
-22744.4	19612.9	0
-22722.3	19585.5	0
-22708.5	19558.1	0
-22834.4	19530.6	0
-22738	19503.1	0
-22848.7	19475.6	0
-22846.5	19448.1	0
-22836.4	19420.6	0
-22928.3	19392.9	0
-22876.5	19365.3	0
-22963	19337.7	0
-22942.9	19309.9	0
-22985.6	19282.3	0
-23020.5	19254.5	0
-22993.8	19226.7	0
-23101.5	19199	0
-23028.5	19171.1	0
-23120.7	19143.3	0
-23138.1	19115.4	0
-23091.5	19087.5	0
-23235.3	19059.6	0
-23137.8	19031.6	0
-23227.8	19003.6	0
-23264.5	18975.6	0
-23204.1	18947.6	0
-23338.6	18919.5	0
-23268.5	18891.4	0
-23335.4	18863.3	0
-23366.5	18835.1	0
-23343.7	18806.9	0
-23429	18778.7	0
-23386.1	18750.5	0
-23468.3	18722.2	0
-23447.7	18693.9	0
-23481.2	18665.6	0
-23539.7	18637.2	0
-23478.8	18608.9	0
-23608.6	18580.5	0
-23542.6	18552	0
-23591.4	18523.6	0
-23667.7	18495.1	0
-23574.9	18466.6	0
-23723.6	18438.1	0
-23663.4	18409.5	0
-23691.4	18381	0
-23779.7	18352.3	0
-23699.1	18323.7	0
-23816.2	18295	0
-23782.1	18266.3	0
-23813.1	18237.6	0
-23863.8	18208.8	0
-23833.9	18180.1	0
-23919.7	18151.3	0
-23874.5	18122.4	0
-23953.5	18093.6	0
-23948.3	18064.7	0
-23947	18035.8	0
-24046.5	18006.9	0
-23957.2	17977.9	0
-24079.2	17948.9	0
-24058.2	17919.9	0
-24040.4	17890.9	0
-24169.6	17861.8	0
-24062.3	17832.7	0
-24177.3	17803.6	0
-24177.9	17774.4	0
-24146.1	17745.3	0
-24264.1	17716.1	0
-24188.5	17686.9	0
-24273.8	17657.7	0
-24276	17628.3	0
-24277.4	17599.1	0
-24344.9	17569.7	0
-24304	17540.4	0
-24394.1	17511.1	0
-24352.7	17481.6	0
-24408.8	17452.3	0
-24443.9	17422.8	0
-24394.1	17393.3	0
-24524.6	17363.8	0
-24439.6	17334.3	0
-24514.1	17304.7	0
-24562.7	17275.1	0
-24482.8	17245.6	0
-24633.6	17215.9	0
-24552.5	17186.3	0
-24604.9	17156.6	0
-24671	17126.9	0
-24596.5	17097.2	0
-24718.3	17067.4	0
-24668.6	17037.6	0
-24712.5	17007.9	0
-24752.1	16978	0
-24725	16948.2	0
-24808.2	16918.3	0
-24761	16888.4	0
-24841.5	16858.5	0
-24827.3	16828.5	0
-24836.7	16798.6	0
-24921.9	16768.6	0
-24837.6	16738.5	0
-24963.2	16708.5	0
-24924.6	16678.4	0
-24924.8	16648.4	0
-25040.1	16618.2	0
-24929.6	16588.1	0
-25057.7	16557.9	0
-25038.5	16527.7	0
-25016.2	16497.5	0
-25134.6	16467.3	0
-25045.7	16437	0
-25141.9	16406.7	0
-25138.5	16376.4	0
-25132.1	16346.1	0
-25208.7	16315.7	0
-25160.4	16285.3	0
-25244.9	16255	0
-25213.5	16224.5	0
-25257.8	16194.1	0
-25292.4	16163.6	0
-25250.5	16133.1	0
-25366.1	16102.6	0
-25287.4	16072	0
-25363.5	16041.5	0
-25399.5	16010.8	0
-25328	15980.2	0
-25476.6	15949.6	0
-25384.8	15918.9	0
-25447	15888.3	0
-25508.6	15857.5	0
-25422.4	15826.8	0
-25560.4	15796	0
-25496.5	15765.3	0
-25535.6	15734.5	0
-25593.9	15703.6	0
-25539	15672.8	0
-25636.5	15641.9	0
-25593.1	15611	0
-25647.6	15580.2	0
-25661.4	15549.1	0
-25651.6	15518.2	0
-25732	15487.2	0
-25666.3	15456.2	0
-25766.9	15425.2	0
-25740.3	15394.1	0
-25739.6	15363.1	0
-25844.4	15332	0
-25739.6	15300.9	0
-25865.7	15269.7	0
-25842.2	15238.5	0
-25815.6	15207.4	0
-25946	15176.2	0
-25836	15144.9	0
-25942.7	15113.7	0
-25946	15082.4	0
-25907.8	15051.2	0
-26021.8	15019.8	0
-25946.2	14988.5	0
-26024.4	14957.1	0
-26027.2	14925.7	0
-26020.9	14894.4	0
-26090.3	14862.9	0
-26041.9	14831.4	0
-26128.7	14800	0
-26091.1	14768.5	0
-26130.5	14737	0
-26177.5	14705.4	0
-26114.2	14673.9	0
-26240.8	14642.3	0
-26165.4	14610.7	0
-26215.7	14579.1	0
-26282.3	14547.5	0
-26185.3	14515.8	0
-26333.7	14484.1	0
-26262.6	14452.4	0
-26287.5	14420.7	0
-26378.4	14388.9	0
-26277.9	14357.2	0
-26404.3	14325.4	0
-26363.8	14293.6	0
-26373	14261.8	0
-26449.8	14229.9	0
-26385.4	14198.1	0
-26477.3	14166.2	0
-26444.2	14134.2	0
-26479.6	14102.4	0
-26511.8	14070.3	0
-26480.8	14038.4	0
-26572	14006.4	0
-26505.9	13974.3	0
-26585.4	13942.4	0
-26590.5	13910.3	0
-26552.5	13878.2	0
-26677.2	13846.1	0
-26574.7	13814	0
-26668.2	13781.9	0
-26688.5	13749.7	0
-26618.9	13717.6	0
-26766.5	13685.3	0
-26665.9	13653.1	0
-26734.6	13620.9	0
-26782.2	13588.6	0
-26704.2	13556.4	0
-26832.8	13524.1	0
-26765.1	13491.8	0
-26810.5	13459.5	0
-26852.5	13427	0
-26806.8	13394.7	0
-26896.7	13362.3	0
-26846.9	13329.9	0
-26907.9	13297.5	0
-26909.6	13265	0
-26901.9	13232.6	0
-26980.4	13200.1	0
-26907.5	13167.5	0
-27009.5	13135.1	0
-26979	13102.5	0
-26973.5	13069.9	0
-27078.8	13037.3	0
-26969.4	13004.7	0
-27091.5	12972.1	0
-27069.4	12939.4	0
-27034.2	12906.8	0
-27167.1	12874.1	0
-27052	12841.4	0
-27153.5	12808.7	0
-27161.9	12776	0
-27108.9	12743.3	0
-27232	12710.4	0
-27147.7	12677.7	0
-27218.5	12644.9	0
-27234.2	12612	0
-27203.5	12579.2	0
-27288.1	12546.3	0
-27231.8	12513.4	0
-27304	12480.6	0
-27288.4	12447.6	0
-27297.7	12414.7	0
-27359.5	12381.7	0
-27293.2	12348.7	0
-27400.4	12315.8	0
-27347.9	12282.7	0
-27370.8	12249.8	0
-27449.8	12216.7	0
-27347.8	12183.6	0
-27483.4	12150.6	0
-27428.3	12117.4	0
-27426.8	12084.4	0
-27538.2	12051.2	0
-27418.7	12018.1	0
-27543.8	11984.9	0
-27518.7	11951.7	0
-27489.1	11918.5	0
-27605.3	11885.3	0
-27507.7	11852	0
-27598.6	11818.8	0
-27595.1	11785.5	0
-27571.7	11752.3	0
-27656.5	11718.9	0
-27593.7	11685.6	0
-27669.8	11652.3	0
-27649.8	11618.9	0
-27662.8	11585.6	0
-27715.1	11552.1	0
-27658.4	11518.7	0
-27758	11485.3	0
-27700.2	11451.8	0
-27739.1	11418.4	0
-27794	11384.9	0
-27708	11351.4	0
-27842.4	11318	0
-27767.6	11284.4	0
-27793.7	11250.9	0
-27881	11217.3	0
-27765.3	11183.7	0
-27905.3	11150.2	0
-27852	11116.5	0
-27844.2	11082.9	0
-27953.1	11049.3	0
-27842.7	11015.6	0
-27953.4	10982	0
-27932.4	10948.3	0
-27911.2	10914.6	0
-28004.4	10880.8	0
-27927.6	10847.1	0
-28009.1	10813.4	0
-27992.1	10779.6	0
-27994.4	10745.9	0
-28051.9	10712	0
-27997.9	10678.2	0
-28084.4	10644.4	0
-28037.3	10610.5	0
-28073.5	10576.7	0
-28115.8	10542.8	0
-28047.4	10508.9	0
-28167.2	10475.1	0
-28090.1	10441.1	0
-28131.6	10407.2	0
-28196.2	10373.2	0
-28092.6	10339.3	0
-28235.7	10305.3	0
-28162.6	10271.3	0
-28174.9	10237.3	0
-28273.3	10203.2	0
-28153.6	10169.2	0
-28283.4	10135.2	0
-28243.3	10101.1	0
-28224.6	10067	0
-28330.3	10032.9	0
-28231.1	9998.8	0
-28326	9964.68	0
-28310.9	9930.49	0
-28293.2	9896.4	0
-28372.3	9862.17	0
-28306.2	9828.01	0
-28383.4	9793.83	0
-28358	9759.55	0
-28370.5	9725.4	0
-28419.9	9691.11	0
-28361.7	9656.86	0
-28457.5	9622.63	0
-28399.3	9588.28	0
-28435.3	9554.04	0
-28486.4	9519.69	0
-28401.4	9485.36	0
-28530.3	9451.06	0
-28454.7	9416.66	0
-28479.3	9382.33	0
-28562.8	9347.93	0
-28445.3	9313.53	0
-28584.2	9279.14	0
-28527.5	9244.69	0
-28515.7	9210.29	0
-28628.5	9175.81	0
-28507.4	9141.37	0
-28621.2	9106.9	0
-28601	9072.37	0
-28564.5	9037.93	0
-28673.7	9003.36	0
-28580.6	8968.86	0
-28660.4	8934.33	0
-28657.2	8899.72	0
-28630.6	8865.23	0
-28710	8830.59	0
-28645.1	8796.01	0
-28716.7	8761.44	0
-28696	8726.75	0
-28699	8692.2	0
-28757.1	8657.51	0
-28689.5	8622.85	0
-28785.4	8588.23	0
-28735.1	8553.48	0
-28751.2	8518.84	0
-28821.9	8484.11	0
-28723	8449.38	0
-28847.1	8414.69	0
-28790.8	8379.9	0
-28784.9	8345.18	0
-28891.4	8310.4	0
-28765.4	8275.61	0
-28888.9	8240.85	0
-28860.6	8206	0
-28816	8171.23	0
-28946.6	8136.37	0
-28825.8	8101.54	0
-28917.6	8066.71	0
-28926.6	8031.8	0
-28861.8	7996.98	0
-28982.7	7962.05	0
-28893.5	7927.17	0
-28952	7892.29	0
-28974.1	7857.3	0
-28922.9	7822.44	0
-29013.5	7787.45	0
-28949.7	7752.5	0
-29003.6	7717.58	0
-29006.9	7682.53	0
-28982.8	7647.61	0
-29056.8	7612.58	0
-28986.7	7577.54	0
-29064.5	7542.59	0
-29043	7507.48	0
-29025.6	7472.49	0
-29116.2	7437.43	0
-29015.9	7402.33	0
-29116.1	7367.31	0
-29095.7	7332.17	0
-29051.9	7297.1	0
-29177.6	7261.99	0
-29055.6	7226.85	0
-29148.3	7191.76	0
-29160.6	7156.58	0
-29077.9	7121.46	0
-29223.6	7086.29	0
-29112.5	7051.1	0
-29169.1	7015.96	0
-29219.9	6980.72	0
-29119	6945.56	0
-29251.4	6910.33	0
-29175.4	6875.09	0
-29196.5	6839.91	0
-29261	6804.6	0
-29174.3	6769.41	0
-29274.7	6734.13	0
-29226.5	6698.83	0
-29240.4	6663.61	0
-29288.3	6628.25	0
-29228.2	6592.99	0
-29310.2	6557.69	0
-29259.5	6522.32	0
-29292.9	6487.06	0
-29318.6	6451.66	0
-29265.8	6416.34	0
-29360.7	6381	0
-29285	6345.58	0
-29336.7	6310.27	0
-29364.6	6274.84	0
-29287.8	6239.45	0
-29413	6204.08	0
-29320.4	6168.62	0
-29361.9	6133.25	0
-29422.2	6097.79	0
-29309.1	6062.35	0
-29450.8	6026.93	0
-29372.3	5991.43	0
-29375.6	5956.01	0
-29475.1	5920.5	0
-29344.8	5885.03	0
-29470.5	5849.55	0
-29431	5814.02	0
-29394.7	5778.56	0
-29510.4	5743	0
-29395.1	5707.5	0
-29484.1	5671.98	0
-29479.7	5636.39	0
-29429.6	5600.91	0
-29530.8	5565.29	0
-29446.3	5529.74	0
-29507.7	5494.2	0
-29510.6	5458.55	0
-29474.8	5423.04	0
-29551.5	5387.39	0
-29483.6	5351.78	0
-29546.1	5316.22	0
-29532	5280.53	0
-29514.4	5244.96	0
-29585.5	5209.3	0
-29504.8	5173.63	0
-29588.9	5138.05	0
-29560	5102.32	0
-29537.2	5066.69	0
-29631.9	5031.02	0
-29522.8	4995.3	0
-29620.1	4959.67	0
-29603.5	4923.92	0
-29547	4888.25	0
-29676.6	4852.54	0
-29552.5	4816.8	0
-29633.3	4781.11	0
-29656	4745.34	0
-29559.1	4709.63	0
-29705.6	4673.88	0
-29597.9	4638.11	0
-29637.2	4602.39	0
-29702	4566.58	0
-29585.7	4530.85	0
-29717.6	4495.06	0
-29648.3	4459.25	0
-29647.5	4423.51	0
-29730.7	4387.65	0
-29625.8	4351.9	0
-29724.8	4316.08	0
-29688.5	4280.22	0
-29672.7	4244.47	0
-29745.9	4208.57	0
-29665.9	4172.77	0
-29741.6	4136.95	0
-29712.2	4101.04	0
-29706.8	4065.27	0
-29761.6	4029.35	0
-29692.8	3993.5	0
-29771.8	3957.67	0
-29727.5	3921.72	0
-29735.3	3885.91	0
-29789.8	3849.98	0
-29705.1	3814.08	0
-29805.6	3778.23	0
-29749	3742.26	0
-29748	3706.4	0
-29829.4	3670.47	0
-29714.2	3634.53	0
-29828.4	3598.65	0
-29785.3	3562.67	0
-29748	3526.77	0
-29867.8	3490.82	0
-29734.2	3454.85	0
-29833.7	3418.94	0
-29831	3382.94	0
-29749.1	3347.01	0
-29891.6	3311.03	0
-29769.8	3275.05	0
-29828.5	3239.11	0
-29872	3203.08	0
-29763.4	3167.14	0
-29898.1	3131.13	0
-29812.3	3095.12	0
-29827.2	3059.17	0
-29897.2	3023.1	0
-29791.8	2987.14	0
-29897.2	2951.12	0
-29847.4	2915.07	0
-29839.3	2879.12	0
-29907.8	2843.02	0
-29823.3	2807.03	0
-29902.8	2771.01	0
-29867.4	2734.91	0
-29861.9	2698.95	0
-29915.5	2662.84	0
-29844.7	2626.81	0
-29920.8	2590.8	0
-29877.1	2554.67	0
-29882.4	2518.68	0
-29932.8	2482.58	0
-29852	2446.5	0
-29944.8	2410.48	0
-29889.3	2374.34	0
-29889.6	2338.32	0
-29961.7	2302.22	0
-29853.1	2266.11	0
-29961.5	2230.07	0
-29914.3	2193.92	0
-29883.1	2157.87	0
-29992.9	2121.77	0
-29861.6	2085.64	0
-29961.9	2049.58	0
-29950.8	2013.43	0
-29873.3	1977.35	0
-30013.1	1941.23	0
-29885.1	1905.09	0
-29948.7	1869.01	0
-29987.4	1832.85	0
-29873.4	1796.76	0
-30015.6	1760.62	0
-29919.6	1724.48	0
-29933.9	1688.39	0
-30011.6	1652.2	0
-29888.7	1616.11	0
-30005.7	1579.96	0
-29952.8	1543.79	0
-29929.4	1507.71	0
-30019.2	1471.5	0
-29913	1435.39	0
-29995.8	1399.25	0
-29973.8	1363.04	0
-29937.9	1326.97	0
-30017.6	1290.75	0
-29933.8	1254.61	0
-29995.9	1218.49	0
-29981.2	1182.25	0
-29951.3	1146.17	0
-30018.9	1109.96	0
-29942.4	1073.78	0
-30005.6	1037.67	0
-29984.1	1001.43	0
-29957.6	965.319	0
-30030.4	929.13	0
-29940.7	892.921	0
-30015.2	856.817	0
-29994	820.571	0
-29950.7	784.433	0
-30049	748.263	0
-29939.2	712.036	0
-30013.5	675.92	0
-30015.8	639.688	0
-29935.2	603.524	0
-30063.6	567.361	0
-29948.8	531.132	0
-29996.5	494.999	0
-30044	458.777	0
-29922.8	422.6	0
-30063.5	386.434	0
-29972.2	350.208	0
-29971	314.064	0
-30066.3	277.843	0
-29923.6	241.665	0
-30046.6	205.493	0
-30002.3	169.266	0
-29949.3	133.123	0
-30073	96.8966	0
-29939	60.7185	0
-30021.1	24.551	0
-30026.6	-11.6881	0
-29940.3	-47.8203	0
-30063.6	-84.0498	0
-29960.6	-120.237	0
-29998.7	-156.386	0
-30036.9	-192.642	0
-29944	-228.767	0
-30046.7	-264.985	0
-29976.9	-301.194	0
-29987	-337.318	0
-30034.2	-373.583	0
-29951.7	-409.715	0
-30033.3	-445.905	0
-29981.5	-482.14	0
-29984.1	-518.244	0
-30027.3	-554.501	0
-29952.9	-590.653	0
-30028.5	-626.809	0
-29977.2	-663.061	0
-29980.8	-699.161	0
-30026	-735.392	0
-29943.5	-771.571	0
-30028.7	-807.697	0
-29973.4	-843.949	0
-29968.1	-880.059	0
-30033.4	-916.256	0
-29928.3	-952.454	0
-30024	-988.564	0
-29978.9	-1024.8	0
-29943.6	-1060.93	0
-30043.8	-1097.09	0
-29917.5	-1133.3	0
-30005.8	-1169.4	0
-29995.1	-1205.61	0
-29914.1	-1241.75	0
-30046.3	-1277.9	0
-29919.7	-1314.09	0
-29973.5	-1350.2	0
-30014.8	-1386.39	0
-29890.5	-1422.52	0
-30032.8	-1458.66	0
-29935	-1494.84	0
-29934.6	-1530.94	0
-30026.5	-1567.11	0
-29881.2	-1603.24	0
-30003.1	-1639.36	0
-29955.6	-1675.53	0
-29900.6	-1711.62	0
-30022.4	-1747.79	0
-29886	-1783.9	0
-29965.2	-1820	0
-29970.3	-1856.18	0
-29879.4	-1892.24	0
-30002.3	-1928.39	0
-29897.3	-1964.5	0
-29929.8	-2000.57	0
-29971.7	-2036.75	0
-29870.5	-2072.79	0
-29974	-2108.92	0
-29904.7	-2145.04	0
-29903.9	-2181.07	0
-29960.2	-2217.24	0
-29866.8	-2253.28	0
-29947	-2289.36	0
-29902	-2325.5	0
-29886.5	-2361.5	0
-29943.1	-2397.64	0
-29859.3	-2433.69	0
-29926.7	-2469.73	0
-29890.8	-2505.87	0
-29870.5	-2541.85	0
-29928.6	-2577.95	0
-29843.5	-2614.01	0
-29910.7	-2650	0
-29878.4	-2686.13	0
-29848.1	-2722.11	0
-29920.3	-2758.16	0
-29822.6	-2794.24	0
-29891.6	-2830.2	0
-29872.3	-2866.29	0
-29816.5	-2902.28	0
-29914.3	-2938.28	0
-29804.5	-2974.35	0
-29861.9	-3010.29	0
-29874.6	-3046.35	0
-29780.3	-3082.34	0
-29902	-3118.3	0
-29796.9	-3154.35	0
-29819.7	-3190.28	0
-29880.2	-3226.29	0
-29748.7	-3262.28	0
-29875.5	-3298.21	0
-29801.5	-3334.23	0
-29770.6	-3370.15	0
-29879.4	-3406.13	0
-29730	-3442.09	0
-29832.9	-3478	0
-29812.7	-3513.99	0
-29724.7	-3549.89	0
-29863.4	-3585.84	0
-29726.4	-3621.78	0
-29779.8	-3657.67	0
-29820.1	-3693.63	0
-29691	-3729.51	0
-29829.7	-3765.42	0
-29732.7	-3801.35	0
-29726.3	-3837.19	0
-29814.6	-3873.13	0
-29672.6	-3908.99	0
-29782.8	-3944.86	0
-29739.2	-3980.77	0
-29681.6	-4016.58	0
-29792.7	-4052.49	0
-29665.5	-4088.33	0
-29732	-4124.15	0
-29737	-4160.06	0
-29649.2	-4195.83	0
-29758	-4231.7	0
-29661.2	-4267.53	0
-29685.6	-4303.3	0
-29722.4	-4339.18	0
-29626.4	-4374.93	0
-29717.8	-4410.75	0
-29652.2	-4446.57	0
-29647	-4482.29	0
-29698.1	-4518.14	0
-29606.3	-4553.87	0
-29679.3	-4589.63	0
-29635.3	-4625.45	0
-29613.7	-4661.12	0
-29670.2	-4696.93	0
-29582.7	-4732.66	0
-29644.6	-4768.35	0
-29613.3	-4804.15	0
-29580	-4839.8	0
-29644.1	-4875.54	0
-29554.2	-4911.27	0
-29610.7	-4946.9	0
-29592	-4982.67	0
-29540.9	-5018.3	0
-29620.6	-5053.98	0
-29524.5	-5089.7	0
-29571.6	-5125.28	0
-29575.7	-5161	0
-29496.5	-5196.63	0
-29595.2	-5232.23	0
-29499.8	-5267.93	0
-29523.1	-5303.49	0
-29564	-5339.14	0
-29451.9	-5374.76	0
-29561.1	-5410.31	0
-29484.7	-5445.97	0
-29465.7	-5481.5	0
-29551.3	-5517.09	0
-29414.7	-5552.69	0
-29513.1	-5588.19	0
-29478.8	-5623.8	0
-29405.7	-5659.31	0
-29529	-5694.84	0
-29390.7	-5730.41	0
-29451.3	-5765.87	0
-29475.7	-5801.43	0
-29352	-5836.92	0
-29490.6	-5872.39	0
-29380.6	-5907.92	0
-29381.9	-5943.35	0
-29465.9	-5978.85	0
-29312.2	-6014.3	0
-29434.5	-6049.73	0
-29378.7	-6085.21	0
-29314.6	-6120.6	0
-29441.1	-6156.05	0
-29288.9	-6191.47	0
-29365.6	-6226.85	0
-29375.5	-6262.29	0
-29258.3	-6297.64	0
-29397.7	-6333.03	0
-29278.3	-6368.42	0
-29292.8	-6403.73	0
-29361.7	-6439.14	0
-29217.6	-6474.44	0
-29338.1	-6509.78	0
-29272.1	-6545.13	0
-29225.6	-6580.39	0
-29331.7	-6615.75	0
-29191.3	-6651.02	0
-29269.7	-6686.28	0
-29261.3	-6721.61	0
-29170.1	-6756.81	0
-29285.8	-6792.11	0
-29173.3	-6827.35	0
-29201	-6862.54	0
-29239.5	-6897.84	0
-29126.9	-6932.99	0
-29228.9	-6968.22	0
-29155.8	-7003.44	0
-29138.1	-7038.56	0
-29205.3	-7073.81	0
-29092.5	-7108.93	0
-29167.5	-7144.07	0
-29133.2	-7179.28	0
-29083	-7214.33	0
-29161.3	-7249.51	0
-29061.2	-7284.61	0
-29106.8	-7319.67	0
-29103.5	-7354.84	0
-29033.7	-7389.85	0
-29112	-7424.95	0
-29028.9	-7460.03	0
-29048.5	-7495.01	0
-29068	-7530.13	0
-28986.8	-7565.1	0
-29060.8	-7600.11	0
-28994.3	-7635.17	0
-28991.2	-7670.08	0
-29029.9	-7705.13	0
-28939.6	-7740.08	0
-29008.2	-7775	0
-28959.1	-7810.03	0
-28932.3	-7844.88	0
-28990.6	-7879.85	0
-28892.6	-7914.78	0
-28951.9	-7949.61	0
-28925.7	-7984.59	0
-28870.8	-8019.41	0
-28949.2	-8054.28	0
-28848.7	-8089.19	0
-28889.3	-8123.95	0
-28895.2	-8158.85	0
-28808.4	-8193.65	0
-28901.8	-8228.42	0
-28811.2	-8263.29	0
-28819	-8298	0
-28865.2	-8332.81	0
-28749.7	-8367.58	0
-28844.3	-8402.27	0
-28781.9	-8437.08	0
-28743.7	-8471.75	0
-28830.5	-8506.47	0
-28700	-8541.21	0
-28774	-8575.82	0
-28758.4	-8610.56	0
-28669.1	-8645.2	0
-28784.7	-8679.82	0
-28662.8	-8714.51	0
-28692.8	-8749.07	0
-28734.7	-8783.72	0
-28602.7	-8818.32	0
-28722.9	-8852.86	0
-28637.5	-8887.5	0
-28606.4	-8922.01	0
-28702.7	-8956.56	0
-28550.5	-8991.12	0
-28644.6	-9025.59	0
-28618.7	-9060.15	0
-28523.8	-9094.62	0
-28654.7	-9129.09	0
-28514.7	-9163.59	0
-28554.4	-9197.99	0
-28597.3	-9232.47	0
-28453.5	-9266.89	0
-28587.3	-9301.28	0
-28491.9	-9335.73	0
-28460.9	-9370.07	0
-28563.9	-9404.46	0
-28400.8	-9438.83	0
-28502	-9473.14	0
-28474.1	-9507.52	0
-28374.3	-9541.8	0
-28511.6	-9576.11	0
-28365.8	-9610.42	0
-28406	-9644.65	0
-28451.1	-9678.96	0
-28302.7	-9713.18	0
-28438.5	-9747.41	0
-28342.9	-9781.66	0
-28309	-9815.82	0
-28413.6	-9850.05	0
-28250	-9884.22	0
-28348.4	-9918.35	0
-28322.9	-9952.55	0
-28221.2	-9986.63	0
-28356.1	-10020.8	0
-28214.2	-10054.9	0
-28249.5	-10088.9	0
-28295.4	-10123.1	0
-28149.6	-10157.1	0
-28278.5	-10191.1	0
-28188.5	-10225.2	0
-28151.9	-10259.2	0
-28252.5	-10293.2	0
-28096.1	-10327.2	0
-28185.8	-10361.1	0
-28163.6	-10395.1	0
-28064.5	-10429	0
-28190.1	-10463	0
-28057.6	-10496.9	0
-28086.5	-10530.7	0
-28130.2	-10564.7	0
-27992.7	-10598.5	0
-28109.6	-10632.4	0
-28027.1	-10666.2	0
-27989.8	-10700	0
-28081.7	-10733.8	0
-27937.2	-10767.6	0
-28016.3	-10801.3	0
-27995.9	-10835.2	0
-27903	-10868.8	0
-28015.5	-10902.6	0
-27894.4	-10936.3	0
-27917.9	-10970	0
-27956.2	-11003.7	0
-27830.3	-11037.3	0
-27933.5	-11071	0
-27857.8	-11104.6	0
-27822.4	-11138.2	0
-27902.8	-11171.8	0
-27771.5	-11205.4	0
-27840.7	-11238.9	0
-27820	-11272.5	0
-27735.7	-11306	0
-27834.1	-11339.5	0
-27723.4	-11373	0
-27743.7	-11406.5	0
-27774.6	-11440	0
-27660.9	-11473.4	0
-27751.6	-11506.8	0
-27680.4	-11540.3	0
-27648.8	-11573.6	0
-27717.4	-11607.1	0
-27597.9	-11640.4	0
-27659.6	-11673.7	0
-27636.6	-11707.1	0
-27561.1	-11740.3	0
-27647	-11773.7	0
-27544.1	-11807	0
-27563.4	-11840.2	0
-27586.5	-11873.5	0
-27483.3	-11906.7	0
-27564.4	-11939.9	0
-27495.3	-11973.1	0
-27468.1	-12006.2	0
-27526.6	-12039.4	0
-27415.8	-12072.6	0
-27472.7	-12105.6	0
-27446.5	-12138.8	0
-27378.4	-12171.8	0
-27455	-12204.9	0
-27356.9	-12238	0
-27376.2	-12271	0
-27393	-12304.1	0
-27297.1	-12337	0
-27371.9	-12370	0
-27303.3	-12403	0
-27279.5	-12435.9	0
-27331	-12468.9	0
-27225.3	-12501.7	0
-27279.5	-12534.6	0
-27250.8	-12567.5	0
-27187	-12600.3	0
-27258	-12633.2	0
-27162.3	-12666	0
-27181.4	-12698.7	0
-27194.7	-12731.6	0
-27102.2	-12764.3	0
-27173.6	-12797.1	0
-27105.3	-12829.8	0
-27082.2	-12862.5	0
-27130.7	-12895.2	0
-27027	-12927.9	0
-27079.2	-12960.5	0
-27050.2	-12993.2	0
-26986.6	-13025.7	0
-27055.7	-13058.3	0
-26961.1	-13090.9	0
-26978.3	-13123.4	0
-26992	-13156	0
-26899	-13188.5	0
-26968.7	-13221	0
-26902	-13253.5	0
-26876	-13285.9	0
-26925.6	-13318.4	0
-26821.6	-13350.8	0
-26870.9	-13383.1	0
-26845.1	-13415.6	0
-26777.7	-13447.9	0
-26847.5	-13480.3	0
-26754.3	-13512.6	0
-26766.5	-13544.8	0
-26784.7	-13577.2	0
-26688.3	-13609.4	0
-26756.4	-13641.6	0
-26694.2	-13673.9	0
-26661	-13706.1	0
-26715	-13738.3	0
-26610.1	-13770.5	0
-26654.2	-13802.5	0
-26635.7	-13834.7	0
-26560.9	-13866.8	0
-26632.3	-13898.9	0
-26542.7	-13931	0
-26545.7	-13962.9	0
-26572.4	-13995	0
-26471	-14027	0
-26535.8	-14059	0
-26482.1	-14091	0
-26437.7	-14122.9	0
-26498	-14154.8	0
-26393.6	-14186.7	0
-26428.4	-14218.5	0
-26421.7	-14250.5	0
-26337	-14282.3	0
-26409.3	-14314.1	0
-26327.1	-14345.9	0
-26316.2	-14377.6	0
-26354.2	-14409.4	0
-26248.4	-14441.2	0
