-121244	88316.3	0
-11431.4	-11261.4	0
-11485	-11071.4	0
-11308.8	-11201.5	0
-11283.9	-11132.4	0
-11411.4	-11028	0
-11356	-11032	0
-11218.5	-11118.6	0
-11209.2	-11101	0
-11047.2	-11245.4	0
-10999.6	-11277.4	0
-11290.4	-11462.5	0
-11052	-11208.1	0
-11140.5	-11378.2	0
-11134.6	-11502.3	0
-11077.9	-11529.5	0
-10994.3	-11571.3	0
-11063.2	-11594.8	0
-10903.9	-11542.6	0
-11151.8	-11347.7	0
-11109.6	-11564.3	0
-11079.2	-11556.2	0
-11014.6	-11771.4	0
-11010.3	-11969.1	0
-11067	-11870	0
-11235.6	-12138.9	0
-11327.9	-11885.5	0
-11265.3	-12130.6	0
-11140	-12049.3	0
-11173.5	-11934.1	0
-11035.6	-12089.7	0
-11258.6	-12147.8	0
-11381.6	-12228.1	0
-11154.7	-12327.4	0
-10986.4	-12572.8	0
-11056.7	-12505.6	0
-10985	-12699.1	0
-10965.1	-12942.7	0
-10904.1	-12802.7	0
-10811.6	-12958.4	0
-10962.6	-12953.3	0
-10828.8	-12761.1	0
-10634.2	-12800.5	0
-10859.1	-12640.7	0
-10957.9	-12594.9	0
-10879.5	-12667.5	0
-10774.1	-12807.5	0
-10814.1	-12748.8	0
-10849.3	-12841	0
-10724.5	-13044.6	0
-10529.3	-13076.7	0
-10404.8	-13309.5	0
-10374.7	-13199.1	0
-10258.4	-13179.8	0
-10630.4	-13196.2	0
-10460.1	-13267.3	0
-10515.9	-13451.1	0
-10359.5	-13501.2	0
-10450.4	-13435.2	0
-10664.2	-13530.7	0
-10677.2	-13427.3	0
-10654.3	-13352.4	0
-10581.2	-13368.5	0
-10449.6	-13390.9	0
-10337.1	-13709.9	0
-10462.7	-13882.9	0
-10443.6	-13754.1	0
-10368.1	-13764.6	0
-10707.9	-13974.3	0
-10577.6	-13929.1	0
-10347.1	-14122.2	0
-10401.1	-14093.2	0
-10601.3	-14070.4	0
-10392.7	-14230.5	0
-10486.9	-14157.9	0
-10405.8	-14376.5	0
-10369.1	-14390	0
-10477.9	-14391.1	0
-10430.3	-14682.8	0
-10498.5	-14524.9	0
-10343.3	-14521.6	0
-10591.8	-14632	0
-10488.2	-14696.6	0
-10579.1	-14973.6	0
-10672.8	-14902.8	0
-10522.2	-14891.7	0
-10653.1	-14969.4	0
-10512.1	-15087	0
-10514.5	-15059.2	0
-10360.4	-14742.5	0
-10493.3	-14834.1	0
-10114.1	-15079.7	0
-10061.7	-14904.5	0
-9963.09	-14999.3	0
-10108.7	-15088.9	0
-9990.92	-15031.5	0
-10038.4	-15258.2	0
-10044	-15367.2	0
-9885.72	-15432.4	0
-9871.54	-15391.8	0
-9613.38	-15356.1	0
-9475.29	-15578.7	0
-9472.83	-15585.6	0
-9697.82	-15327.7	0
-9471.33	-15364.8	0
-9320.83	-15481.3	0
-9311.81	-15501.4	0
-9275.23	-15622.5	0
-8988.5	-15667	0
-9042.92	-15582.9	0
-8957.17	-15754.4	0
-8798.93	-15695	0
-8843.8	-15866.1	0
-8879.04	-15970.5	0
-8895.44	-15760.2	0
-8763.91	-15851.4	0
-8715.42	-15532.3	0
-8757.06	-15676	0
-8597.71	-15623.7	0
-8543.87	-15768.7	0
-8461.05	-15939.9	0
-8615.95	-15977.3	0
-8526.83	-15804.9	0
-8667.92	-15923.7	0
-8681.73	-15991.4	0
-8461.61	-16069.3	0
-8390.37	-16082.8	0
-8407.36	-15924.6	0
-8638.38	-16234.9	0
-8453.3	-16222.1	0
-8147.63	-16171	0
-8016.71	-16301.3	0
-8332.04	-16272.1	0
-8157.7	-16234.4	0
-8164.61	-16214.7	0
-8348.97	-16438.4	0
-8412.66	-16299.6	0
-8373.97	-16303.9	0
-8575.46	-16389.9	0
-8545.4	-16533.7	0
-8254.32	-16503.2	0
-8385.06	-16472	0
-8604.04	-16686	0
-8663.51	-16745.1	0
-8480.43	-16760.8	0
-8719.62	-16777.6	0
-8678.4	-16755.3	0
-8769.31	-16855.7	0
-8765.59	-16726.7	0
-8625.12	-16883.3	0
-8654.54	-16810.7	0
-8328.53	-16830.9	0
-8559.54	-16945.6	0
-8613.74	-17010	0
-8802.89	-17072	0
-8498.38	-17172	0
-8497.68	-17171.7	0
-8580.04	-17045	0
-8626.5	-17135.8	0
-8565.38	-17421.5	0
-8403.07	-17276.3	0
-8507.29	-17331.4	0
-8476.62	-17428	0
-8766.34	-17507.6	0
-8730.63	-17622	0
-8625.84	-17677.5	0
-8622.9	-17708.2	0
-8766.87	-17701.8	0
-8890.54	-17953.1	0
-8666.56	-18017	0
-8697.81	-18047.7	0
-8764.97	-17772.8	0
-8732.25	-18151.1	0
-8802.03	-18051.6	0
-8755.89	-17996.3	0
-8630.41	-18196.9	0
-8958.65	-18383.3	0
-8749.84	-18159.2	0
-8624.81	-18095.7	0
-8631.51	-18142.1	0
-8690.14	-17868	0
-8652.93	-18046	0
-8642.16	-18057.3	0
-8888.23	-17982.2	0
-8652.81	-17922.4	0
-8862.62	-18060.5	0
-8844	-18004	0
-8871.66	-18065.3	0
-8960.26	-17917	0
-9040.47	-17855.9	0
-8905.63	-17908.8	0
-9133.01	-18044.3	0
-9025.29	-18079.4	0
-9009.96	-18154.2	0
-9024.12	-18125.7	0
-8872.42	-18148.1	0
-8974.06	-18236.1	0
-8957.07	-18522.7	0
-8944.06	-18435.8	0
-8921.54	-18351.5	0
-8673.9	-18297	0
-8609.74	-18019.2	0
-8511.37	-18182.7	0
-8495.15	-18221.8	0
-8427.38	-17927.7	0
-8418.52	-18009.9	0
-8656.71	-18078.3	0
-8516.49	-17970.4	0
-8295.35	-18330.5	0
-8376.48	-17957.3	0
-8064.2	-17952	0
-7790.89	-18012.1	0
-7868.08	-18018.7	0
-7782.61	-18146.4	0
-7880.35	-18251.8	0
-7824.11	-18276	0
-7849.13	-18247.4	0
-7804	-18423.6	0
-7786.62	-18305.7	0
-7718.68	-18529.6	0
-7726.05	-18547.5	0
-7481.57	-18624.8	0
-7661.69	-18565.2	0
-7379.83	-18314.1	0
-7561.58	-18531.5	0
-7644.12	-18640.8	0
-7730.02	-18583.1	0
-7802.68	-18453.1	0
-7911.96	-18599.7	0
-7677.5	-18417.9	0
-7750.95	-18216.7	0
-7475.56	-17975.7	0
-7499.31	-17966.5	0
-7619.18	-17937	0
-7606.87	-17978.4	0
-7694.59	-17973.5	0
-7476.14	-17864.4	0
-7476.64	-17916.8	0
-7325.18	-17800	0
-7380.91	-17966.6	0
-7380.88	-17977	0
-7369.45	-17848.1	0
-7483.45	-17930	0
-7408.3	-18053.9	0
-7551.74	-18130.6	0
-7604.08	-18173.4	0
-7451.94	-18264.5	0
-7378.9	-18057.6	0
-7101.78	-18232.1	0
-7016.02	-18260.9	0
-6908.96	-18075.1	0
-7151.19	-18090.7	0
-6897.46	-18020.6	0
-6867.17	-18073.5	0
-6748.77	-18284.7	0
-6739.37	-18254.1	0
-6793.61	-18133.2	0
-6629.36	-18266	0
-6635.73	-18205.5	0
-6678.85	-18069.6	0
-6766.72	-18213.7	0
-6875.63	-18188.5	0
-6686.5	-18129.4	0
-6845.56	-18174.5	0
-6687.36	-18279.2	0
-6583.84	-18147	0
-6740.44	-18195.4	0
-6727.52	-18176.1	0
-6846.75	-18094	0
-6695.9	-18172.2	0
-6693.56	-18119.9	0
-6684.58	-18243.4	0
-6534.8	-18196.1	0
-6700.81	-18414.1	0
-6697.31	-18350.7	0
-6807.15	-18690.4	0
-6853.22	-18549.8	0
-6929.2	-18783.1	0
-6632.91	-18432.2	0
-6592.86	-18544.7	0
-6691.57	-18441.4	0
-6684.82	-18373	0
-6507.96	-18419.1	0
-6573.38	-18516.2	0
-6640.27	-18241.9	0
-6346.53	-18235.6	0
-6288.57	-18182.4	0
-6400.46	-18207.2	0
-6264.34	-17998.9	0
-6184.54	-18196.9	0
-6301.7	-18329.5	0
-6194.27	-17915.5	0
-6170.69	-17961.2	0
-5785.92	-17816.3	0
-5925.72	-17838.4	0
-5788.93	-17883.9	0
-5613.74	-17783.9	0
-5772.32	-17832.8	0
-5343.42	-18078.5	0
-5448.99	-18116.1	0
-5400.88	-18193.4	0
-5429.28	-18181.4	0
-5487.3	-18184.8	0
-5472.89	-18309.8	0
-5412.98	-18483.1	0
-5215.94	-18273.8	0
-5076.91	-18215	0
-5090.19	-18173.3	0
-5003.07	-18439.6	0
-4769.53	-18514.1	0
-4854.18	-18257.9	0
-5001.25	-18328.1	0
-4707.65	-18568.1	0
-4676.92	-18757.2	0
-4752.13	-18512.8	0
-4613.22	-18838.7	0
-4753.47	-18591.4	0
-4462.65	-18873.3	0
-4595.17	-18961.2	0
-4186.89	-18967.1	0
-4251.69	-18930.5	0
-4244.54	-18811.2	0
-4253.24	-18856.4	0
-4260.87	-18902.5	0
-4056.83	-19237	0
-4011.31	-19295.9	0
-3995.52	-19330.8	0
-4169.29	-19231.5	0
-4146.26	-19170.2	0
-4020.92	-19157.4	0
-4046.26	-19293.6	0
-4084.41	-19447.9	0
-4111.96	-19543.2	0
-3770.47	-19259.2	0
-3757.49	-19173	0
-3697.2	-19167.6	0
-3450.65	-19293.1	0
-3529.38	-19193.1	0
-3307.22	-19196.5	0
-3281.16	-19120.3	0
-3428.39	-19210.8	0
-3282.81	-19412.7	0
-3216.22	-19086.9	0
-3099.5	-19276.6	0
-2964.42	-19380	0
-3233.94	-19170.3	0
-3086.48	-19402.9	0
-3197.67	-19431.8	0
-3078.25	-19384.9	0
-3249.98	-19412.5	0
-3118.58	-19537.9	0
-3326.5	-19709.6	0
-3342.18	-19748.7	0
-3283.3	-19901.1	0
-3152.59	-19830.9	0
-3101.16	-19868.6	0
-2955.68	-19589	0
-2858.21	-19564.2	0
-2744.86	-19562.6	0
-2707.91	-19611.1	0
-2664.65	-19563.8	0
-2548.45	-19532.8	0
-2643.26	-19362.4	0
-2675.21	-19585.6	0
-2597.44	-19611.5	0
-2587.59	-19830.2	0
-2310.75	-19582.8	0
-2293.96	-19791.2	0
-2386.85	-19843.3	0
-2149.24	-19789.8	0
-2227.6	-19795.2	0
-2117.4	-19925.6	0
-2208.1	-19981.2	0
-2146.39	-19694.3	0
-1833.47	-19759.2	0
-1739.55	-19872	0
-1684.07	-19884.8	0
-1297.18	-19919.2	0
-1341.36	-19960.6	0
-1254.63	-20020.7	0
-1430.14	-20225.1	0
-1489.31	-20228	0
-1729.69	-20568.9	0
-1717.2	-20453.8	0
-1536.23	-20264.8	0
-1414.62	-20391.9	0
-1507.69	-20520.9	0
-1396.05	-20428.7	0
-1255.46	-20716.8	0
-1217.47	-20747.5	0
-1095.87	-20588.4	0
-1459.95	-20825	0
-1315.95	-20823.9	0
-1408.41	-20992.2	0
-1362.51	-21126.8	0
-1243.95	-21243.3	0
-1331.84	-21423.3	0
-1369.97	-21241.9	0
-1384.56	-21289.2	0
-1489.21	-21309.3	0
-1552.91	-21470.9	0
-1516.51	-21576.1	0
-1272.75	-21537.2	0
-1336.52	-21579.2	0
-1213.93	-21668.9	0
-1304.88	-21853.7	0
-1297.26	-21873.2	0
-1267.27	-21851.6	0
-1401.65	-22028	0
-1276.62	-22227.5	0
-1362.18	-22066.8	0
-1376.29	-22094	0
-1291.75	-21966.6	0
-1160.01	-21955.6	0
-1101.85	-21701.9	0
-1138.07	-21754.4	0
-1169.98	-21736.6	0
-1117.44	-21794.3	0
-764.022	-21766.7	0
-868.364	-21723.9	0
-923.268	-21729.1	0
-840.793	-21516.6	0
-864.39	-21491.5	0
-692.554	-21407.1	0
-630.274	-21555.5	0
-602.189	-21605.1	0
-565.825	-21812.9	0
-649.498	-21694.6	0
-676.683	-21714	0
-789.655	-21711	0
-915.45	-21627.5	0
-721.287	-21548.8	0
-777.369	-21529.4	0
-776.746	-21516.1	0
-842.754	-21477	0
-477.973	-21343.5	0
-497.149	-21440.5	0
-594.556	-21577	0
-553.931	-21404.7	0
-472.155	-21422.5	0
-629.879	-21385.3	0
-612.373	-21375.8	0
-574.172	-21387.1	0
-500.711	-21544.3	0
-403.144	-21596.3	0
-556.432	-21714	0
-602.276	-21687.1	0
-713.798	-21755.7	0
-599.912	-21432.1	0
-613.578	-21433.9	0
-394.69	-21613.6	0
-484.596	-21579.6	0
-536.393	-21371	0
-430.258	-21502.8	0
-535.906	-21519.2	0
-513.786	-21809.5	0
-333.263	-21891.8	0
-329.36	-21698.5	0
-273.159	-21712.7	0
-370.307	-21757.3	0
-406.47	-21786.1	0
-234.988	-21683.2	0
-139.675	-21583.7	0
-50.2197	-21555.3	0
-31.8656	-21562.2	0
-141.925	-21452.3	0
-6.86872	-21513.7	0
-9.51879	-21616.5	0
193.796	-21825.6	0
241.517	-21829.7	0
220.067	-21760	0
377.528	-21816.9	0
147.358	-21956.4	0
256.774	-22021.4	0
333.008	-22010.3	0
439.986	-22256.4	0
779.895	-22089.5	0
786.2	-22267.7	0
755.272	-22127	0
665.911	-22014.9	0
694.806	-22177.6	0
987.671	-22196.9	0
984.74	-22020.2	0
813.064	-21978.4	0
977.04	-21922.2	0
829.481	-21985.7	0
814.52	-22084.1	0
741.699	-22198	0
1124.9	-22017.9	0
1172.3	-22019.9	0
989.793	-21772.7	0
1158.1	-22073.2	0
1043.1	-22048.1	0
1092.07	-22300	0
1027.45	-22178.7	0
1110.34	-22096.8	0
1079.08	-22084.1	0
964.288	-21927.1	0
829.745	-21914.4	0
1049.43	-21900.7	0
998.529	-21925.8	0
1138.52	-21929	0
1174.8	-21880	0
1412.93	-21925.7	0
1344.45	-21761	0
1245.52	-21545	0
1207.79	-21683.7	0
1225.13	-21438.9	0
1288.39	-21646	0
1105.62	-21402	0
1231.83	-21483.4	0
1264.08	-21651.8	0
1495.35	-21499.6	0
1246.15	-21485.8	0
1295.97	-21516.5	0
1308.59	-21218.5	0
1485.4	-21150.5	0
1541.21	-20980.1	0
1277.31	-21116.7	0
1361.4	-21303.6	0
1281.7	-21419.6	0
1013	-21484.7	0
1298.49	-21587	0
1081.47	-21353.3	0
1226.58	-21511.1	0
1049.62	-21506	0
1192.08	-21481.5	0
1373.6	-21288.6	0
1312.96	-21340.7	0
1276.26	-21126.6	0
1419.41	-21398.4	0
1425.14	-21043.1	0
1208.7	-20801.3	0
1381.4	-20957.5	0
1330.75	-20873	0
1463.22	-20987.5	0
1574.08	-21006	0
1554.41	-20850.1	0
1751.75	-20966.4	0
1883.9	-20839.9	0
1667.03	-20901.7	0
1731.75	-21113.1	0
1871.34	-21007.8	0
1735.61	-21079.8	0
1623.65	-21339.1	0
1790.03	-21496.1	0
1781.34	-21513.9	0
1744.31	-21728.9	0
1739.04	-21496.2	0
1520.63	-21638.8	0
1888.45	-21676	0
1605.32	-21643.6	0
1534.35	-21768.2	0
1608.47	-21644.9	0
1515.59	-21697	0
1625.55	-21528.3	0
1649.96	-21556.3	0
1579.86	-21546.2	0
1841.06	-21506.1	0
2159.65	-21493.4	0
2148.9	-21356.5	0
2253.67	-21455.6	0
2212.22	-21419	0
2251.38	-21351.5	0
2274.67	-21410.1	0
2254.48	-21504.9	0
2629.53	-21517.8	0
2473.02	-21493.1	0
2458.68	-21573.2	0
2617.33	-21654.4	0
2412.58	-21602.9	0
2468.22	-21687.4	0
2338.81	-21771.4	0
2398.22	-21614.2	0
2315.63	-21724.2	0
2547.85	-21938	0
2595.04	-21675.4	0
2466.1	-21669.8	0
2665.14	-21876.8	0
2579.24	-21814.1	0
2465.73	-21993.6	0
2511.57	-22078.5	0
2536.94	-22343.2	0
2552.72	-22486.3	0
2445.19	-22428.7	0
2426.01	-22635.2	0
2583.01	-22442	0
2420.16	-22333.6	0
2556.68	-22633.4	0
2547.7	-22856.6	0
2482.02	-22793.8	0
2446.76	-23024.8	0
2625.64	-22843.9	0
2645.67	-22843.2	0
2671.41	-22658.3	0
2863.73	-22654.8	0
2917.69	-22787.8	0
2810	-22949.5	0
2744.76	-22835.9	0
2840.98	-22660.1	0
3095.9	-22754.2	0
3129.12	-22770.4	0
3290.71	-22798.6	0
3391.54	-22972.8	0
3478.43	-23000.2	0
3299.82	-23132.5	0
3882.63	-23000.7	0
3670.7	-23022.8	0
3792.73	-22887.1	0
3922.19	-22732.2	0
4062.3	-22692.7	0
3968.58	-22410.5	0
4038.99	-22569.8	0
4181.19	-22407	0
3987	-22398.4	0
4012.98	-22518.8	0
3938.28	-22271.8	0
4068.18	-22274.4	0
4237.61	-22182.6	0
4230.68	-22303.3	0
4230.75	-22262.1	0
4198.05	-22425.9	0
4485.48	-22289.5	0
4368.05	-22244.8	0
4274.7	-22199.9	0
4302.11	-22285.3	0
4177.68	-22206.2	0
4142.99	-22590.7	0
4543.34	-22323.8	0
4435	-22222.6	0
4450.71	-22325	0
4608.7	-22324.7	0
4749.32	-22260	0
4787.34	-22161.5	0
4914.17	-21988.8	0
4896.79	-22252.6	0
5098.11	-22349.8	0
5010	-22194.9	0
5073.59	-22376.8	0
5181.69	-22187.6	0
5280.73	-22282.8	0
5490.02	-22331	0
5617.69	-22272.2	0
5490.99	-22451.1	0
5364.18	-22424	0
5396.72	-22482.7	0
5552.08	-22382.1	0
5647.22	-22436.9	0
5759.84	-22481	0
5878.73	-22608.6	0
6015.76	-22674.3	0
5711.18	-22841.5	0
6045.88	-22920.6	0
6317.69	-22894.8	0
6143.26	-23166.3	0
6208.27	-22910.2	0
6402.1	-23097	0
6326.55	-23039.4	0
6319.14	-22974.4	0
6529.97	-23035.4	0
6576.97	-22913.6	0
6911.64	-23009.4	0
7241.67	-22962.9	0
7054.66	-23203.7	0
7116.64	-23010.2	0
7291.16	-22928.7	0
7450.83	-22838.9	0
7390.16	-22768.7	0
7502.66	-22771.2	0
7564.69	-22768.6	0
7467.6	-22839.4	0
7562.09	-22826.4	0
7642.34	-23121.7	0
7568.61	-23173.2	0
7891.91	-23061.2	0
8038.6	-23013.8	0
8128.58	-22951.5	0
8038.67	-23206.4	0
8356.69	-23226.3	0
8330.19	-23153.8	0
8367.98	-23065	0
8247.5	-23269.5	0
8294.04	-23156.7	0
8620.22	-22957.7	0
8432.74	-22932.2	0
8779.82	-23039.7	0
8688.63	-22917.4	0
8734.02	-22777.9	0
8839.31	-23011.4	0
8907.24	-22842.4	0
8887.51	-22850.4	0
9057.45	-22743.8	0
8895.06	-22854.7	0
8790.93	-22788.7	0
8971.06	-23107.8	0
8962.99	-23348.3	0
8979.25	-23310.9	0
8986.61	-23224	0
9130.49	-23224	0
8791.43	-22957.5	0
8932.7	-23096.9	0
8948.68	-23089.5	0
9128.4	-23159.4	0
9121.88	-23034	0
9137.23	-23176.3	0
9237.31	-23215	0
9309.87	-23137.6	0
9105.32	-23197	0
9213.04	-23102.7	0
9333.64	-22987.4	0
9415.08	-22909	0
9415.52	-22886.5	0
9503.53	-22896.7	0
9577.75	-22899.7	0
9701.55	-22939.9	0
9742.52	-22932.4	0
9719.32	-23025.9	0
9691.17	-23229.3	0
9666.49	-23170.3	0
9640.13	-23209.2	0
9676.95	-23190	0
9536.66	-23139.6	0
9514.66	-23143.8	0
9525	-22935.9	0
9529.51	-22812.3	0
9715.86	-22845.6	0
9466.89	-22985.4	0
9744.13	-22908.2	0
9788.64	-22901	0
9872.47	-22896.5	0
10049.9	-22818.6	0
10107.6	-23000.6	0
10091.4	-23015.4	0
10089.2	-23064.3	0
9929.16	-22894.1	0
9885.57	-22986.3	0
10282.2	-22815.1	0
10210.8	-22602.6	0
10291.9	-22518.1	0
10398.6	-22457.1	0
10382.3	-22432.1	0
10456.7	-22446.8	0
10577.6	-22451.6	0
10738.6	-22587.9	0
10821.2	-22521.4	0
10726.8	-22402.9	0
11052.4	-22404.1	0
10985.8	-22085.3	0
11029.4	-22200.7	0
11054.9	-22322	0
11277.7	-22046.3	0
11151.1	-22122	0
11384.3	-22022.5	0
11141.6	-21904.2	0
11104.5	-21767.3	0
11340.7	-21856.3	0
11277.3	-21940.8	0
11498.6	-22065.2	0
11468.8	-21813.9	0
11276.8	-21713.9	0
11305.2	-21858.1	0
11463.2	-21699	0
11283.4	-21668.9	0
11439.2	-22038.9	0
11500.9	-22101.2	0
11549.8	-22191	0
11608.5	-22251.3	0
11778.9	-22270.2	0
11819.8	-22277.6	0
11888.2	-22341.9	0
11700.3	-22391.6	0
11929.4	-22186.3	0
11762.5	-22117.1	0
11853.5	-21885	0
11714	-21945.5	0
11617.4	-22015.8	0
11518.6	-22038.8	0
11578.6	-21993.3	0
11587.3	-21774.9	0
11794.3	-21633.4	0
11740.3	-21952.5	0
11741.3	-21968.3	0
11867.1	-21926.4	0
11553.8	-21709.6	0
11556.5	-21703.6	0
11473.8	-21945.9	0
11688.2	-21877.7	0
11690.9	-21934.2	0
11563.9	-22074.2	0
11835.8	-21989.2	0
11717.2	-21856.6	0
11633.6	-21875.1	0
11565.6	-21662.1	0
11813.1	-21622.9	0
11751.9	-21445.5	0
12024.5	-21695.9	0
12123	-21487.3	0
12037.1	-21509.9	0
12140.8	-21729.9	0
12188.6	-21461.5	0
12023.6	-21507.6	0
12024.4	-21635	0
11944.4	-21530.7	0
12160.5	-21654.3	0
12201.5	-21311.8	0
12246.4	-21540.2	0
12039.2	-21496.4	0
12394.2	-21473.4	0
12392.3	-21406.7	0
12574.2	-21547.9	0
12639.6	-21571.9	0
12820.2	-21500.8	0
12880.6	-21330.7	0
13008.2	-21441.8	0
12914.4	-21385.6	0
13083.8	-21397.6	0
12970.4	-21341.2	0
12968.3	-21458.6	0
12899.5	-21423.1	0
12982.2	-21449.6	0
13226	-21663	0
13192.9	-21810.8	0
13273.9	-21774.3	0
13387.2	-21638.9	0
13577.4	-21357.6	0
13529.4	-21333.7	0
13543.6	-21141.5	0
13597	-21311.6	0
13602.7	-21155.8	0
13686.6	-21383.8	0
13632.9	-21177.6	0
13780.2	-21251.5	0
14085.9	-21302.1	0
13881	-21088.1	0
13810.7	-21036.4	0
13912	-20909.1	0
14095.5	-20959.4	0
14337.3	-20969.5	0
14435.5	-20787	0
14319.3	-20956.7	0
14342.1	-20884.5	0
14513.2	-20798	0
14524.9	-20999.3	0
14425.4	-21085.5	0
14796.8	-21029.2	0
14880.9	-21072.1	0
14874.8	-20892.3	0
14700.7	-20877.8	0
14706.8	-20708.6	0
14688.3	-20851.5	0
14745.5	-20909.1	0
14750	-20929.3	0
14798.1	-20805	0
14904.9	-20777.3	0
14887.1	-20578.9	0
14776.6	-20647	0
15009.4	-20671.2	0
14897.4	-20518.4	0
14937.5	-20719.4	0
14992.2	-20947.3	0
15155.7	-20713.7	0
14984.3	-20914	0
15228.8	-20813	0
15364.2	-20869.3	0
15287.7	-20569.5	0
15394.8	-20588.1	0
15524.3	-20567.3	0
15533	-20432.7	0
15632.2	-20496.4	0
15722	-20521.7	0
15582.4	-20402.6	0
15597.5	-20527.9	0
15459.8	-20575.9	0
15584.1	-20555.1	0
15691.2	-20514	0
15855	-20430.5	0
15803.8	-20387.2	0
15730	-20231.1	0
15836.5	-20320.2	0
15887.6	-20145.8	0
16001.4	-20053.7	0
16060.3	-20065.2	0
15976.7	-20149	0
16138.8	-19799.4	0
15991.7	-19828.4	0
16029.1	-20038.9	0
15936.2	-19970.1	0
16225.2	-19791.2	0
16083.2	-19775.5	0
16032	-19891.9	0
16287.3	-20044.6	0
16097.6	-19713.5	0
16130.3	-19691.6	0
16029.5	-19866.4	0
16258.9	-19683.3	0
16273.5	-19629.5	0
16419.6	-19560	0
16410.4	-19563.7	0
16415.5	-19817.2	0
16205.7	-19706.9	0
16235.5	-19527.8	0
16148.9	-19588	0
16308.4	-19471.1	0
16265.9	-19459.5	0
16222.9	-19505.8	0
16341.9	-19444.5	0
16531.1	-19417.4	0
16533.9	-19301.2	0
16336.8	-19297.6	0
16383.1	-19210.9	0
16291.4	-19276.2	0
16258.7	-19320.5	0
16323.2	-19096.3	0
16273	-19000.9	0
16309.8	-18848.7	0
16399.4	-18887.6	0
16593.3	-19000.5	0
16366.2	-19017.7	0
16524.4	-19071.2	0
16431.4	-18874.1	0
16544.4	-18931.5	0
16676.3	-19015	0
16819.4	-19106.8	0
16652.5	-19004.6	0
16566.6	-18959.7	0
16640.9	-18959.8	0
16747.5	-18925	0
16727.3	-19009	0
16813.6	-18942.9	0
16897.3	-18653.2	0
16867	-18590.7	0
16960	-18440.9	0
16995.4	-18279.3	0
16859.8	-18267.5	0
17161.8	-18120.3	0
17020.9	-18117.1	0
17296.8	-18069.1	0
17368.3	-18213.8	0
17377.1	-18249	0
17526.6	-18220.5	0
17516.9	-18218.2	0
17807.7	-18312.8	0
17787.5	-18493.9	0
17617.8	-18486.9	0
17767.9	-18488.9	0
18074	-18512.5	0
17759.5	-18501	0
18099.6	-18656.8	0
18019.9	-18941.2	0
18224.9	-18745.6	0
18106	-18890.8	0
18507.3	-18607.7	0
18589.9	-19025.9	0
18236.6	-18661.8	0
18422.3	-18578.9	0
18655.3	-18808.5	0
18571.2	-18512.9	0
18417.6	-18399.2	0
18441.5	-18327.9	0
18547.1	-18403.4	0
18475.4	-18166.7	0
18601.6	-18170.8	0
18689.7	-18135.5	0
18653.5	-18096	0
18862.5	-18321.6	0
18565.3	-18319.2	0
18746.7	-18268.7	0
18892.2	-18233.1	0
18815.7	-17991.1	0
18872	-17927.5	0
19057.5	-18198.6	0
18954.1	-18069.6	0
19103.8	-17835.8	0
19181.7	-17833.2	0
19255.8	-17789.2	0
19051.2	-17814.7	0
19033	-17533.6	0
19125.9	-17648.9	0
19231.9	-17526.2	0
19152	-17565.1	0
18926.9	-17555.6	0
19069.7	-17328.7	0
19019.4	-17209.4	0
19126.8	-17023.8	0
19089.7	-16939.5	0
19063	-16995.5	0
19097.7	-16906.3	0
19089.4	-16793.2	0
19001.8	-16704	0
18952.3	-16771.7	0
19067.9	-16673	0
19001.4	-16401.4	0
19036.6	-16418.8	0
19171.3	-16429.8	0
19085.8	-16446	0
18978.4	-16197.4	0
19105.1	-16205	0
19053	-16476.2	0
19126.3	-16543.7	0
19315.6	-16162.3	0
19225.9	-16332.8	0
19329.2	-16268.1	0
19369.4	-16287.8	0
19397.2	-16263	0
19177.5	-16147.1	0
19248.6	-16274.7	0
19308.1	-16246	0
19236.1	-16172.7	0
19202.7	-16321.7	0
19487	-16598.7	0
19555.6	-16549.7	0
19630.1	-16497.7	0
19775.9	-16642.1	0
20042.5	-16494.4	0
20056.9	-16389.4	0
19905.9	-16383.8	0
20022.8	-16437.2	0
19798.4	-16272.9	0
19797.9	-16513.7	0
19732.9	-16288.3	0
19867.3	-16156.1	0
19523.1	-16243.1	0
19982.4	-16256	0
19952.6	-16290.3	0
19606.9	-16249.4	0
19911.3	-16402.5	0
20082.9	-16429.3	0
19900.6	-16222.4	0
20073.7	-16334.9	0
20142.6	-16442.1	0
20134.6	-16736.2	0
20379.5	-16561.1	0
20502.6	-16580.1	0
20620.7	-16352.4	0
20615.3	-16419.6	0
20597.1	-16510.5	0
20688.1	-16618.2	0
20721.8	-16419.9	0
20563.5	-16193	0
20874.6	-16087	0
20878.8	-16223.7	0
20889.9	-15976	0
21012.9	-15806.2	0
20985.3	-15723	0
21157.9	-15681.8	0
21229.9	-15660.7	0
21109.3	-15675.1	0
21097.5	-15834	0
21131.4	-15872.1	0
20923.8	-15721.7	0
21055.7	-15681	0
21188.8	-15605.9	0
21109.4	-15569.6	0
20744.2	-15465.8	0
20911.2	-15624	0
20795.7	-15684	0
20801.5	-15614.2	0
21041.4	-15833.9	0
21146.5	-15594.7	0
21310	-15450.4	0
21361.3	-15577.2	0
21187.1	-15755.5	0
21304.1	-15546.5	0
21176.1	-15740.1	0
21402.2	-15581.8	0
21619.6	-15669.6	0
21417	-15711.9	0
21497.4	-15724.4	0
21696.1	-15746.2	0
21548.1	-15766.4	0
21611.2	-15821.7	0
21631.6	-15516.5	0
21754	-15422.6	0
21778.8	-15260.3	0
21820.8	-15441	0
21853.4	-15326.9	0
21943.9	-15551.4	0
21800.5	-15412.3	0
21887.8	-15342.3	0
21833.8	-15291.9	0
21716.6	-15283.4	0
21506.4	-15306	0
21762.5	-15292.8	0
21672.2	-15413.5	0
21576	-15340.8	0
21358.6	-15319.4	0
21428.5	-15232.3	0
21342.2	-15349.1	0
21219.1	-15160.1	0
21238.7	-15321.4	0
21276.4	-15063.6	0
21333.2	-15075.2	0
21065.3	-15147.6	0
21255.9	-15203.9	0
21589	-15037.5	0
21296.5	-14813.5	0
21515	-14797.4	0
21613.8	-14713.2	0
21900.3	-14620.4	0
21624.7	-14453.6	0
21954	-14423	0
21734.4	-14495.6	0
21832.4	-14414.2	0
21806.4	-14538.6	0
21904.3	-14457	0
21598.7	-14428	0
21784	-14505.4	0
21673.9	-14524.7	0
21650.8	-14725.3	0
21773.4	-14496.1	0
21674.5	-14442.4	0
21538	-14218.1	0
21444.9	-14015.2	0
21425.2	-14122.4	0
21389.2	-14519.1	0
21453.2	-14413.6	0
21534.6	-14400.9	0
21671.8	-14428.7	0
21640.2	-14344.5	0
21851.1	-14429.1	0
21721.4	-14338.4	0
21748.6	-14385.7	0
21718.3	-14289.8	0
21596.6	-14340.5	0
21474.9	-14211.5	0
21321	-14181.1	0
21598.3	-14187.2	0
21404.3	-14004.3	0
21402.1	-13958.2	0
21665	-14005.4	0
21651.7	-14202.6	0
21928.6	-14255.7	0
21906.9	-14014.6	0
22075.6	-13807.7	0
22153.4	-13933.8	0
22084.9	-13764.9	0
22014.6	-13740.9	0
21934.3	-13637.2	0
22077.8	-13652.3	0
22114.3	-13514.4	0
22058.4	-13480.9	0
21902.5	-13386.6	0
22061.3	-13398.3	0
22208	-13344.5	0
22146.7	-13458.7	0
22247.2	-13229.7	0
22163.5	-13364.7	0
22354.9	-13263.7	0
22513.4	-13360	0
22393.8	-13299.6	0
22658.8	-13225.4	0
22605.9	-13248.3	0
22791.6	-12770.6	0
22800.3	-12939.8	0
22819.9	-12882.4	0
22841.7	-13021.1	0
22931	-12814.7	0
22810.4	-12765.3	0
22850.1	-12914.1	0
22820	-12672.1	0
22608.6	-12668.7	0
22722.4	-12862.9	0
22405.5	-12562.8	0
22473.5	-12393.4	0
22509.4	-12389	0
22379.1	-12336.8	0
22164.9	-12185.7	0
22036.2	-12268.5	0
22109.7	-12300.3	0
22060	-12178.7	0
22123.4	-12256.8	0
22185.6	-12133.7	0
22117.3	-12126.6	0
22161.8	-12226.2	0
22079	-12303.7	0
22039.4	-12150.2	0
22043.2	-11998.1	0
22177.7	-12125	0
22114.4	-12046.7	0
22211.8	-12045.1	0
22468.6	-12101.7	0
22399.9	-12367	0
22176.6	-12138.9	0
22265.9	-11826.7	0
22395.9	-11787	0
22352.8	-11924.8	0
22632.2	-11929.2	0
22618.9	-11924.6	0
22659	-12019.6	0
22601.6	-12231.5	0
22412.3	-12319.9	0
22505.3	-12085.7	0
22312.9	-12108.2	0
22186.1	-11899.8	0
22107.2	-11911.8	0
21897.4	-11928.6	0
21945.7	-11814.1	0
21913	-12072.6	0
21956.2	-11780.3	0
21967.9	-11851.1	0
21909.9	-11782.9	0
21912.2	-11550.6	0
21817.2	-11739.8	0
22141.4	-11870.7	0
21871.2	-11783.7	0
22250.1	-11782	0
22046.2	-11865	0
22286.1	-11608.5	0
21948	-11539.8	0
21924.9	-11361.1	0
22159	-11126	0
22015.4	-11168.1	0
22140.9	-11217.6	0
22088.8	-10996.8	0
22021.4	-10846.5	0
22214.7	-10833	0
22366.1	-10874.1	0
22251.1	-10893.1	0
22332.7	-10857.4	0
22291.7	-10650.1	0
22305.2	-10798.4	0
22098	-10696.2	0
22066.9	-10530.8	0
22125.5	-10371	0
22216.6	-10522	0
22387.3	-10444.4	0
22228.1	-10367.8	0
22378.5	-10484.6	0
22370.5	-10218.3	0
22466.8	-10207.3	0
22406.9	-10085	0
22369.7	-9794.24	0
22641.9	-9888.05	0
22679.5	-9871.79	0
22626.2	-10049.7	0
22771.5	-9703.77	0
22535.1	-9558.03	0
22727	-9571.65	0
22727.3	-9376.4	0
22603.8	-9216.92	0
22576.5	-9098.03	0
22537.7	-9002.64	0
22740.5	-8730.94	0
22945.3	-8981.85	0
22569.1	-8756.25	0
22758.1	-8894.9	0
22889.6	-8816.91	0
22812.6	-8858	0
22866	-8532.64	0
22920.4	-8319.31	0
22851.6	-8715.98	0
22852.9	-8513.69	0
22905.2	-8511.71	0
23115.5	-8385.41	0
23146	-8200.71	0
23329.1	-8084.65	0
23469.6	-8178.67	0
23377.2	-8212.57	0
23373.7	-8403.73	0
23233.8	-8219.21	0
23158.1	-8110.6	0
23225.3	-8104.47	0
23101.9	-7894.58	0
23178.3	-7933.12	0
23242.3	-7849.67	0
23161.1	-7949.14	0
23148.6	-7583.15	0
23014.1	-7526.71	0
23040.2	-7728.58	0
23028	-7477.19	0
22971.7	-7648.95	0
23028.4	-7644.89	0
23112.2	-7480.63	0
22877	-7378.99	0
22875.8	-7233.59	0
22938.8	-7071.63	0
22864.1	-7050.81	0
22759	-6995.12	0
22602.6	-6698.18	0
22759.3	-6813.7	0
22881	-6701.37	0
22828.9	-6997.59	0
22769.7	-6922.95	0
22800.7	-7051.58	0
22762.2	-6912.45	0
22952.6	-6684.46	0
23015.5	-6980.78	0
23271.3	-6860.02	0
23005.2	-6659.34	0
23117.6	-6481.58	0
23254.7	-6557.37	0
23103	-6487.62	0
22990.9	-6369.59	0
23103.1	-6404.9	0
23172.2	-6435.68	0
23140	-6325.38	0
23005.3	-6377.62	0
23030.6	-6238.05	0
23121.4	-6026.65	0
23112	-5990.6	0
23106.6	-5832.53	0
23088.4	-6093.52	0
22941.3	-6074.92	0
22890.8	-6232.53	0
22814.3	-6201.65	0
22825.8	-6104.4	0
22840.4	-6165.31	0
22719.8	-6257.85	0
22923.1	-6320.03	0
22844.2	-6147.58	0
23103.3	-6276.53	0
22974.6	-6386.99	0
22954.4	-6007.57	0
22971.8	-6403.74	0
22892.3	-6275.16	0
22966.5	-6201.55	0
22763.4	-6148.54	0
22847.3	-5809.58	0
22704.5	-5907.12	0
22536.1	-5936.08	0
22798.1	-5954.71	0
22598.5	-5931.56	0
22343.2	-5953.73	0
22475	-5747.49	0
22450.1	-6067.12	0
22560.7	-5854.61	0
22487.8	-6013.21	0
22660.5	-5840.67	0
22416.7	-5945.9	0
22487.8	-6056.79	0
22356.8	-6053.09	0
22302.1	-5895.07	0
22431.4	-6167.17	0
22148	-5990.25	0
22266.4	-5734.34	0
22405	-5767	0
22447.5	-5621.05	0
22567.6	-5747.45	0
22613.3	-5456.17	0
22634.9	-5575.81	0
22360.4	-5634.18	0
22430.1	-5449.31	0
22344.9	-5267.86	0
22334.6	-5471.31	0
22534	-5190.68	0
22495.3	-5546.84	0
22354.5	-5593.45	0
22301.7	-5487.01	0
22503.5	-5720.95	0
22309.2	-5595.43	0
22197.3	-5388.44	0
22476.5	-5690.36	0
22307.8	-5359.77	0
22326.2	-5454.35	0
22141	-5683.8	0
22239.9	-5446.8	0
21945.8	-5648.62	0
22117.9	-5488.81	0
22093.9	-5494.35	0
21880.6	-5494.18	0
22044.8	-5374.26	0
21808	-5599.13	0
22044.1	-5356.93	0
21748.5	-5546.9	0
22035.6	-5305.05	0
21923.8	-5329.21	0
21927.4	-5451.96	0
22033.6	-5216.2	0
22032.7	-5311.81	0
22000.4	-5367.31	0
21983.6	-5329.45	0
21946.9	-5247.91	0
21812.6	-5404.71	0
22048.8	-5258.03	0
22169.4	-5237.07	0
22093.3	-5330.94	0
21987.7	-5269.79	0
22175.9	-5222.77	0
22276.8	-5413.03	0
22281	-5234.2	0
22113.9	-5576.56	0
22189.4	-5392.16	0
22269.3	-5372.47	0
22258.1	-5412.06	0
22336.9	-5044.25	0
22279	-5167.19	0
22345.2	-4951.28	0
22423.6	-4955.36	0
22673.4	-5012.5	0
22483.9	-4771.47	0
22517.4	-4973.68	0
22528.5	-4828.4	0
22645.2	-5017.71	0
22516.8	-4780.83	0
22732.8	-4737.96	0
22597.1	-4971.59	0
22623.4	-4729.74	0
22555.6	-4735.42	0
22583.7	-4829.81	0
22585	-4862.11	0
22448.9	-4966.73	0
22534.8	-5041.77	0
22606.1	-4889.84	0
22522.4	-5017.56	0
22505.4	-4850.27	0
22743.6	-5087.4	0
22761.5	-4989.49	0
22641.1	-5167.59	0
22771.8	-5037.76	0
22854.9	-5260.26	0
22900.2	-5243	0
22874.6	-5196	0
22902.9	-4909.17	0
22998	-5041.01	0
22879.8	-5091.46	0
23136.1	-4784.11	0
23007.8	-4772.9	0
22995.7	-4647.39	0
23049.2	-4508.96	0
22894.4	-4545.06	0
22758.1	-4309.94	0
22674.1	-4373.64	0
22460.7	-4271.95	0
22678	-4288.46	0
22756	-4267.78	0
22747.5	-4186.56	0
22767.6	-4196.63	0
22785.4	-3990.07	0
22919.5	-4072.93	0
22858.4	-3956.91	0
22819.8	-3601.13	0
22753.2	-3624.67	0
22769.7	-3620.14	0
22670.7	-3627.9	0
22513.2	-3615.34	0
22730.8	-3443.63	0
22751.2	-3521.71	0
22799	-3437.39	0
22748.6	-3535.11	0
22887.6	-3621.37	0
22692.4	-3581.18	0
22766.2	-3701.2	0
22769.4	-3746.9	0
22861.5	-3684.77	0
22708.3	-3584.32	0
22846.3	-3662.52	0
22704.3	-3535.93	0
22637.2	-3414.6	0
22719.1	-3386.61	0
22705.6	-3272.99	0
22904.4	-3437.62	0
22794.1	-3232.08	0
22827	-2995.39	0
22625.5	-3227.55	0
22510.5	-3080.12	0
22540.5	-3186.1	0
22645.1	-3215.02	0
22458.7	-2969.93	0
22660.7	-3111.32	0
22487.6	-2850.52	0
22417.1	-3125.51	0
22431.6	-2907.8	0
22422.7	-2781.48	0
21991.6	-2863.42	0
21945	-2877.44	0
21815.7	-2993.12	0
21931	-2993.76	0
21904.9	-2828.25	0
21629.1	-2994.92	0
21767.6	-2749.04	0
21804.4	-2689.26	0
21767.4	-2441.58	0
21775.5	-2531.56	0
21910.4	-2330.98	0
21858.8	-2235.39	0
21962.6	-2177.38	0
21909.4	-2092.78	0
21929.1	-2068.42	0
21719.1	-1931.97	0
21779.2	-1913.35	0
21794.4	-1901.25	0
21791.2	-1737.78	0
21810.1	-1583.67	0
21921.4	-1532.04	0
21798.1	-1419.82	0
21972.1	-1507.58	0
22030.2	-1551.64	0
21901.3	-1369.41	0
21844	-1409.53	0
21576	-1343.64	0
21637.7	-1388.46	0
21485.8	-1133.76	0
21650.6	-1084.14	0
21445.5	-1007.72	0
21345.2	-904.636	0
21410.9	-1087.67	0
21647.3	-1036.76	0
21599.3	-844.647	0
21684.1	-1032.03	0
21636.9	-940.44	0
21387.5	-885.074	0
21590	-936.968	0
21497.4	-1033.71	0
21722.9	-627.657	0
21404.1	-769.616	0
21455.2	-803.031	0
21162	-863.09	0
21166.7	-956.11	0
21238.4	-787.071	0
21019.3	-743.853	0
21049.8	-899.825	0
21064.9	-885.459	0
21134.5	-997.792	0
20645.7	-719.18	0
20769.9	-666.011	0
20417.6	-496.179	0
20553.1	-569.116	0
20484.6	-332.468	0
20458.9	-342.711	0
20548.5	-146.697	0
20418.9	-263.754	0
20443.9	-107.4	0
20387.6	-116.86	0
20126.4	111.423	0
20488.2	145.782	0
20102.4	269.142	0
20261.3	414.656	0
20328.3	620.297	0
20186.8	471.312	0
20082.6	719.608	0
19934.6	570.275	0
20009.2	774.103	0
19855.7	619.86	0
19819.7	671.253	0
19705.8	755.118	0
19668.8	989.71	0
19495.5	1230	0
19485.6	1186.5	0
19447.8	1389.74	0
19618.3	1492.77	0
19604.4	1400.7	0
19565.4	1649.28	0
19585.3	1666.44	0
19316.7	1706.18	0
19227.2	1813.46	0
19134.9	1902.32	0
19197.8	2004.77	0
19111.5	1988.04	0
19037.8	2175.42	0
18997.8	2128.71	0
18906.5	2178.34	0
18753.6	2402.22	0
18769.6	2228.47	0
18709.9	2346.89	0
18640.9	2567.07	0
18530.3	2732.07	0
18358.5	2653.43	0
18397.6	2596.87	0
18325.8	2467.68	0
18227	2664.24	0
18079.3	2580.32	0
18150.6	2695.82	0
18042.5	2694.73	0
17978.3	2751.44	0
17881.6	2637.42	0
18011.4	2661.36	0
17481.7	3053.17	0
17455.9	2811.51	0
17582	2968.36	0
17513.6	2753.86	0
17567.5	2932.13	0
17184.8	3048.18	0
17293.5	3131.85	0
17268.2	2991.92	0
17349.5	3308.67	0
17277	3333.69	0
17199	3303.61	0
17223.3	3468.94	0
17104.8	3370.39	0
16926.4	3408.02	0
16835.1	3387.93	0
16942.5	3699.32	0
16594.9	3767.89	0
16603.8	3534.41	0
16374.1	3876.46	0
16430.1	3631.67	0
15972.1	3827.85	0
16073	3668.85	0
16178.4	3639.82	0
16062.7	3693.84	0
16179	3735.79	0
16117.6	3950.03	0
16029.8	3798.39	0
16217.3	3891.77	0
16026.2	4053.89	0
15865.9	4084.98	0
15713.2	4058.99	0
15791.7	4112.81	0
15636.2	4161.92	0
15537.1	4470.17	0
15438	4280.71	0
15412.7	4459.96	0
15252.9	4461.62	0
15539.6	4462.74	0
15310.2	4571.28	0
15299.3	4415.9	0
15185.8	4531.02	0
15155.1	4519.13	0
14898.3	4538.09	0
14733.9	4593.31	0
14819.2	4546.26	0
14753	4560.1	0
14767.5	4542.41	0
14572.4	4752.19	0
14279.7	4785.51	0
14302.6	4717.39	0
14114.2	4746.75	0
13959.6	4869.62	0
13751.1	4814.84	0
13777.7	4805.6	0
13523.6	4670.93	0
13464.6	4755.32	0
13300.1	4887.31	0
13196.3	5005.28	0
13066.7	5148.94	0
12866.5	5047.49	0
12699	4990.81	0
12734.3	4952.58	0
12477.2	5080.39	0
12192.3	4966.88	0
12194.9	4994.93	0
12260.9	4702.58	0
12125.7	4857.33	0
12115	4731.76	0
12071	4898.32	0
12167.4	4871.55	0
11889.4	5046.95	0
11919.9	5212.6	0
11724.6	5113.83	0
11678.1	5227.37	0
11720.4	5245.78	0
11596.3	5365.76	0
11755.3	5480.24	0
11365.7	5437.19	0
11202	5300.27	0
11263.1	5514.39	0
10939.2	5574.17	0
11094.7	5417.3	0
11349.8	5354.11	0
11240.3	5292.22	0
11004.1	5465.07	0
11114.3	5464.02	0
11043.5	5392.35	0
11062.8	5701.35	0
10954.4	5465.25	0
10810	5475.53	0
10595.9	5579.14	0
10574.6	5742	0
10608.3	5802.69	0
10420	5741.84	0
10761.2	5676.26	0
10701.9	5695.72	0
10532.4	5721.84	0
10545.6	5826.67	0
10627.6	5735.07	0
10363.6	6074.47	0
10291.2	5840.87	0
10174.1	5893.71	0
10164.1	5765.31	0
9791.29	5698.33	0
9854.53	5877.19	0
9531.9	5880.67	0
9799.45	5933.79	0
9332.65	6142.22	0
9397.34	5973.78	0
9357.81	6045.13	0
9203.31	5986.41	0
9277.16	6100.53	0
9251.84	5965.04	0
9165.39	6165.53	0
9080.99	6231.41	0
8950.98	5882.5	0
9025.75	5762	0
9011.58	5707.97	0
8989.62	5629.9	0
8569.27	5584.57	0
8647.66	5578.47	0
8283.98	5764.5	0
8229.08	5536.02	0
7965.66	5423.13	0
8075.05	5459.75	0
7964.35	5469.77	0
7894.08	5361.58	0
7913.18	5505.46	0
7827.48	5340.21	0
8078.87	5330.46	0
7797.44	5360.83	0
7876.21	5626.41	0
8091.15	5413.91	0
7921.06	5467.59	0
7877.93	5524.49	0
7695.83	5377.77	0
7604.83	5534.14	0
7543.43	5392.87	0
7597.51	5486.5	0
7402.26	5455.96	0
7166.46	5313.45	0
7278.17	5223.39	0
7322.89	5332.66	0
7193.17	5211.27	0
7312.04	5258.76	0
7292.9	5216.31	0
7115.22	5143.23	0
6898.14	5210.73	0
6861.89	5186.79	0
6801.28	5281.37	0
7210.73	5461.67	0
6964.06	5112.7	0
7106.12	5299.82	0
7234.69	5233.42	0
7238.32	5339.36	0
6979.13	5353.13	0
7071.13	5338.09	0
6825.64	5560.49	0
6682.18	5540.02	0
6624.15	5621.3	0
6527.29	5711.28	0
6328.61	5984.41	0
6354.24	5660.33	0
6550.19	5558.89	0
6185.47	5855.22	0
5991.16	5847.21	0
6147.76	5629.81	0
6447.73	5654.04	0
6233.03	5624.89	0
6011.87	5495.92	0
5818.47	5484.96	0
5554.48	5679.87	0
5636.95	5798.13	0
5311.45	6086.56	0
5743.98	5929.95	0
5421.3	5742.85	0
5595.12	5687.34	0
5734.35	5568.2	0
5587.97	5700.44	0
5748.28	5797.75	0
5583.49	6056.24	0
5762.73	6083.62	0
5557.49	6135.46	0
5600.28	5999.06	0
5389.78	6099.17	0
5461.63	5820.23	0
5345.14	5744.98	0
5053.1	5783.97	0
5140.39	5820.44	0
4950.53	5895.77	0
4625.48	5852.19	0
4567.21	5828.62	0
4653.06	5884.44	0
4782	5848.09	0
4486.02	5905.12	0
4400.6	5866.88	0
4352.31	5661.45	0
3997.13	5598.89	0
3989.75	5460.27	0
4072.74	5368.05	0
3799.92	5446.87	0
3976.06	5292.25	0
3746.91	5390.9	0
3677	5230.36	0
3511.94	5143.2	0
3639.69	5255.28	0
3271.29	5230.52	0
3164.19	5422.27	0
3209.74	5137.95	0
3307.56	5235.46	0
3274.53	5124.09	0
3257.76	5026.19	0
2972.95	4925.16	0
2825.57	4815.12	0
3000.95	5015.54	0
2854.99	5016.01	0
2812.28	5085.27	0
2636.08	4916.2	0
2555.1	4956.73	0
2303.68	4716.74	0
2115.63	4955.12	0
2172.22	4952.92	0
2229.56	4686.1	0
2166.93	4765.4	0
2109.67	4641.7	0
2255.51	4797.51	0
2341.39	4671.91	0
2221.9	4794.1	0
2289.53	4568.9	0
2121.1	4535.13	0
2079.75	4412.17	0
1966.78	4496.6	0
2098.99	4364.98	0
2076.82	4314.32	0
1860.47	4238.55	0
1845.06	4361.21	0
1826.03	4210.09	0
1792.41	4446.43	0
1770.21	4416.72	0
1830.42	4406.71	0
1703.89	4626.21	0
1813.33	4386.18	0
1739.01	4267.1	0
1775.75	4297.22	0
1580.19	4286.38	0
1536.93	4282.21	0
1386.52	3915.86	0
1377.34	3972.8	0
1521.12	3683.93	0
1529.83	3995.44	0
1435.94	4014.79	0
1167.46	3803.18	0
1251.76	3741.9	0
1032.82	3975.86	0
910.931	4026.14	0
679.225	3781.23	0
476.45	3689.8	0
300.685	3564.25	0
208.13	3561.57	0
43.6152	3590.28	0
42.3666	3654.62	0
104.696	3796.31	0
166.204	3817.1	0
-20.8414	3898.19	0
-37.2228	3844.04	0
235.454	3772.04	0
230.437	3581.44	0
-29.4921	3604.22	0
-50.1414	3648.45	0
-197.156	3442.99	0
-216.907	3509.64	0
-69.8586	3404.83	0
-131.621	3328.41	0
-197.159	3378.12	0
-444.892	3445.85	0
-473.564	3270.75	0
-524.526	3247.27	0
-562.436	3020.1	0
-764.84	3335.57	0
-872.72	3059.26	0
-894.885	3037.04	0
-836.132	2867.28	0
-973.189	2837.13	0
-975.908	2804.73	0
-1108.17	2809.54	0
-1056.22	2917.76	0
-1145.19	2826.94	0
-1290.17	2593.38	0
-1205.42	2723.46	0
-1052.86	2697.48	0
-1213.73	2774.27	0
-1329.09	2647.03	0
-1291.24	2472.47	0
-1313.06	2488.98	0
-1254	2526.59	0
-1275.06	2452.74	0
-1294.86	2157.55	0
-1460.81	2211.5	0
-1306.17	1916.48	0
-1409.76	2136.12	0
-1308.2	1803.08	0
-1314.77	1935.12	0
-1503.49	1805.52	0
-1467.4	1848.5	0
-1482.62	2031.56	0
-1904.5	2048.64	0
-1686.97	2030.33	0
-1758.88	1876.78	0
-1749.41	1706.95	0
-1605.04	1756.75	0
-1487.47	1405.39	0
-1563.56	1314.28	0
-1829.48	1301.19	0
-1803.78	1413.62	0
-1885.46	1242.86	0
-1742.84	1398.73	0
-2094.05	1206.45	0
-2086.54	1345.43	0
-2122.08	1076.96	0
-2047.34	1242.15	0
-2125.44	1056.89	0
-2431.85	1042.2	0
-2101.6	884.323	0
-2322.07	736.208	0
-2428.25	702.451	0
-2433.04	673.388	0
-2472.51	517.344	0
-2714.67	489.545	0
-2634.05	579.933	0
-2591.94	463.592	0
-2753.57	523.55	0
-2684.3	669.334	0
-2733.87	631.268	0
-2429.71	321.14	0
-2528.58	357.86	0
-2611.16	294.503	0
-2942.74	184.059	0
-2894.99	166.355	0
-2985.1	162.077	0
-3014.33	-75.7224	0
-2901.46	-194.16	0
-3023.49	-268.698	0
-3046.94	-327.15	0
-3123.55	-185.114	0
-3086.27	-368.663	0
-3370.82	-374.644	0
-3304.34	-167.536	0
-3344.91	-602.609	0
-3333.29	-755.202	0
-3478.93	-571.145	0
-3569.05	-559.926	0
-3537.62	-598.323	0
-3557.09	-521.201	0
-3653.68	-1033.86	0
-3824.62	-1153.11	0
-3651.78	-1068.44	0
-3785.09	-1218.41	0
-3741.88	-1256.99	0
-3843.33	-1145.48	0
-3748.55	-1345.09	0
-3908.89	-1428.66	0
-3671.21	-1178.51	0
-4215.4	-1130.92	0
-4115.23	-1195.16	0
-3991.08	-1194.16	0
-4291.39	-1321.3	0
-4324.38	-1220.17	0
-4176.95	-1292.49	0
-4229.21	-1252.61	0
-4359.07	-1198.16	0
-4428.63	-1222.28	0
-4472.62	-1224.05	0
-4357.32	-1177.98	0
-4289.61	-1248.3	0
-4284.86	-1303.97	0
-4316.2	-1197.98	0
-4270.14	-1395.72	0
-4199.31	-1498.75	0
-4337.54	-1534.36	0
-4112.2	-1713.24	0
-4387.6	-1436.31	0
-4297.88	-1602.77	0
-4319.34	-1671.66	0
-4472.41	-1834.49	0
-4564.32	-1815.37	0
-4413.57	-2032.53	0
-4762.18	-1746.58	0
-4477.74	-2087.38	0
-4635.97	-2102.59	0
-4620.25	-1953.15	0
-4619.39	-2165.44	0
-4750.75	-2102.26	0
-4610.47	-2220.01	0
-4690.98	-2297.17	0
-4548.58	-2418.35	0
-4438.59	-2391.49	0
-4437.33	-2341.54	0
-4412.53	-2396.06	0
-4526.08	-2488.54	0
-4479.69	-2646.08	0
-4533.74	-2531.36	0
-4365.35	-2597.87	0
-4580.68	-2425.83	0
-4444.72	-2523.78	0
-4678.68	-2614.77	0
-4663.02	-2596.15	0
-4694.32	-2745.04	0
-4994.78	-2856	0
-4848.66	-2670.83	0
-4765.95	-2679.64	0
-4774.31	-2570.26	0
-4885.24	-2785.1	0
-4715.82	-2816.04	0
-4820.32	-2854.98	0
-4937.23	-2796.87	0
-4926.82	-3002.73	0
-5058.67	-3016.99	0
-5172.31	-2940.88	0
-5053.19	-3103.31	0
-5135.59	-3110.77	0
-5152.09	-3339.91	0
-5135.46	-3173.48	0
-5136.75	-3117.5	0
-4890.22	-3349.33	0
-4942.11	-3288.93	0
-4970.51	-3102.07	0
-4754.61	-3301.49	0
-4745.66	-3317	0
-4885.45	-3577.38	0
-4809.96	-3427.37	0
-5213.21	-3381.17	0
-5153.01	-3271.21	0
-5195.39	-3200.86	0
-5197.65	-3213.09	0
-5213.44	-3445.08	0
-5113.42	-3433.39	0
-5052.73	-3698.25	0
-5431.21	-3480.33	0
-5113.48	-3559.32	0
-5137.48	-3518.93	0
-5207.91	-3510.2	0
-4972.24	-3559.03	0
-5045.32	-3645.45	0
-5060.33	-3664.51	0
-4829.97	-3652.16	0
-4981.64	-3737.54	0
-4909.89	-3769.28	0
-5022.13	-3685.21	0
-4975.96	-3781.54	0
-4896.67	-3719.73	0
-4997.97	-3883.2	0
-4912.1	-3471.75	0
-5033.94	-3655.41	0
-4954.35	-3743.95	0
-4941.68	-3949.67	0
-5085.73	-3856.58	0
-4944.77	-3784.08	0
-5048.69	-4227.6	0
-4813.96	-4110.32	0
-4754.58	-4082.12	0
-4691.72	-4083.36	0
-4468.57	-4128.32	0
-4437.6	-4260.98	0
-4626.91	-4669.57	0
-4705.84	-4529.03	0
-4681.39	-4763.32	0
-4484.93	-4755.83	0
-4715.19	-4585.91	0
-4823.35	-4574.19	0
-4616.25	-4503.45	0
-4713.28	-4498.92	0
-4500.64	-4401.5	0
-4539.05	-4453.11	0
-4458.92	-4596.79	0
-4542.36	-4309.66	0
-4488.61	-4312.78	0
-4713.65	-4497.85	0
-4548.92	-4228.43	0
-4468.84	-4397.85	0
-4583.19	-4375.07	0
-4517.4	-4613.32	0
-4545.17	-4608.48	0
-4644.07	-4617.76	0
-4682.46	-4587.51	0
-4573.79	-4429.22	0
-4662.55	-4649.33	0
-4561.89	-4435.58	0
-4627.03	-4599.58	0
-4765.35	-4644.03	0
-4729.85	-4590.02	0
-4789.83	-4518.46	0
-4570.22	-4406.55	0
-4607.49	-4806.23	0
-4547.4	-4977.5	0
-4597.68	-5019.34	0
-4727.52	-5193.89	0
-4701.6	-5221.21	0
-4624.42	-5244.76	0
-4908.89	-5332.88	0
-4933.53	-5438.5	0
-4841.26	-5549.57	0
-4802.94	-5213.71	0
-4809.8	-5343.03	0
-5006.48	-5590.85	0
-4800.39	-5769.41	0
-4930.36	-5889.92	0
-4818.33	-5915.36	0
-5006.79	-5851.05	0
-4826.89	-5891.49	0
-4990.51	-5844.98	0
-4952.82	-5664.04	0
-5068.68	-5519.29	0
-4671.4	-5494.48	0
-4737.24	-5448.94	0
-4915.9	-5553.02	0
-4817.49	-5387.35	0
-4767.02	-5685.34	0
-4807.18	-5329.49	0
-4657.36	-5746.33	0
-4681.91	-5614.98	0
-4676.06	-5459.82	0
-4480.98	-5534.04	0
-4454.68	-5934.06	0
-4257.13	-5779.9	0
-4386.57	-5858.77	0
-4263.76	-5707.25	0
-4287.52	-5882.55	0
-4047.82	-5778.31	0
-4056.18	-5893.38	0
-4168.75	-5797.81	0
-4046.76	-5842.2	0
-3911.62	-5857.23	0
-3677.97	-5639.76	0
-3964.48	-5647.86	0
-3862.42	-5581.07	0
-3840.02	-5674.27	0
-3740.96	-5608.84	0
-3605.58	-5729.9	0
-3894.23	-5632.48	0
-3670.26	-5587.53	0
-3962.61	-5879.7	0
-3768.88	-5997.13	0
-3806.92	-5782.66	0
-3866.39	-6128.23	0
-3650.47	-6236.3	0
-3791.56	-6136.02	0
-3636.32	-6270.95	0
-3893.71	-6220.09	0
-3573.46	-6240.44	0
-3620.17	-6100.55	0
-3731.67	-6111.25	0
-3557.41	-6163.93	0
-3715.03	-6227.56	0
-3734.85	-6274.79	0
-3938.01	-6324.37	0
-4001.13	-6411.01	0
-4090.42	-6357.87	0
-3754.66	-6382.45	0
-3965.49	-6297.2	0
-3919.3	-6397.03	0
-4055.08	-6161.56	0
-4137.47	-6191.76	0
-4067.34	-6325.42	0
-3875.57	-6399.14	0
-3866.94	-6307.67	0
-4156.81	-6382.97	0
-4024.31	-6277.23	0
-4125.12	-6284.73	0
-4066.41	-6570.67	0
-4131.1	-6320.44	0
-3965.66	-6585.21	0
-4048.53	-6502.45	0
-3976.96	-6475.84	0
-3845.86	-6500.13	0
-3600.26	-6384.93	0
-3901.86	-6430.45	0
-3628.29	-6496.14	0
-3661.65	-6533.17	0
-3772.17	-6577.79	0
-3506.19	-6752.6	0
-3372.68	-6683.53	0
-3406.18	-6574.66	0
-3647.7	-6451.95	0
-3268.56	-6804	0
-3291.73	-6639.51	0
-3064.28	-6575.52	0
-3044.8	-6739.18	0
-3260.43	-6708.58	0
-3213.28	-6689.28	0
-3138.76	-6631.66	0
-2987.46	-6644.04	0
-3166.09	-6713.17	0
-3018.08	-6727.54	0
-3120.57	-6715.01	0
-3101.54	-6842.55	0
-3169.59	-6934.39	0
-2888.64	-6915.45	0
-2896.49	-6868.53	0
-2975.69	-6905.42	0
-2750.31	-6976.55	0
-2941.26	-7113.89	0
-2836.98	-7093.18	0
-3026.29	-7132.74	0
-2936.81	-7183.19	0
-2968.47	-6997.21	0
-2954.43	-7108.4	0
-2998.97	-7177.38	0
-2871.36	-7124.95	0
-2651.94	-7167.31	0
-2862.69	-7140.06	0
-2496.76	-7066.79	0
-2510.39	-7442.25	0
-2543.08	-7374.54	0
-2480.44	-7287.95	0
-2596.68	-7362.37	0
-2672.66	-7359.93	0
-2658.22	-7190.57	0
-2794.94	-7169.32	0
-2766.45	-7114.65	0
-2773.41	-7283.66	0
-2557.21	-7219.31	0
-2687.69	-7280.58	0
-2792.95	-7218.75	0
-2837.24	-7241.15	0
-2807.72	-7119.93	0
-2784.63	-7109.93	0
-3000	-6705.44	0
-3061.75	-7060.36	0
-2812.53	-6856.05	0
-2865.03	-6766.4	0
-2595.25	-6689.48	0
-2727.59	-6632.13	0
-2555.1	-6970.51	0
-2593.1	-6948.73	0
-2595.89	-6902.84	0
-2587.19	-7044.93	0
-2277.72	-6927.69	0
-2139.23	-6882.83	0
-2227.35	-6918.78	0
-1984.56	-6951.59	0
-2087.74	-7067.11	0
-1874.25	-6784.28	0
-1650.51	-6999.88	0
-1442.19	-6877.69	0
-1407.86	-6950.82	0
-1182.31	-6906.91	0
-1176.69	-6892.48	0
-1048.63	-6835.05	0
-1128.99	-6834.25	0
-936.032	-7053.63	0
-797.468	-6760.63	0
-641.232	-6761.72	0
-539.777	-6952.13	0
-391.03	-6811.1	0
-484.578	-6815.42	0
-568.192	-7120.24	0
-569.383	-7118.24	0
-363.155	-7078.36	0
-371.349	-7418.53	0
-240.115	-7426.54	0
-194.439	-7201.95	0
-88.1315	-7225.11	0
-271.298	-7218.82	0
-434.039	-7458.98	0
-627.569	-7567.22	0
-577.554	-7583.19	0
-568.015	-7557.58	0
-630.779	-7395.58	0
-461.639	-7371.29	0
-416.156	-7181.98	0
-440.629	-7192.52	0
-500.253	-6952.39	0
-673.829	-7026.54	0
-549.326	-6849.52	0
-635.567	-6922.44	0
-662.825	-6939.62	0
-575.847	-6865.61	0
-547.737	-6993.05	0
-512.767	-6976.84	0
-362.639	-6975.78	0
-371.937	-7294.69	0
-325.872	-7214.39	0
-331.627	-7147.71	0
-432.115	-7463.11	0
-316.822	-7487.52	0
-387.451	-7213.61	0
-456.402	-7152.3	0
-84.9906	-7211.21	0
-377.403	-7169.7	0
-456.605	-7220.11	0
-299.453	-7047.91	0
-387.52	-7176.93	0
-331.654	-7197.27	0
-310.296	-7022.96	0
-223.645	-7280	0
-461.387	-7410.98	0
-486.585	-7382.09	0
-339.558	-7536.26	0
-549.41	-7420.24	0
-450.089	-7664.07	0
-477.878	-7472.97	0
-484.394	-7587.25	0
-787.105	-7688.13	0
-438.457	-7679.4	0
-483.173	-7740.54	0
-359.049	-7880.23	0
-386.167	-7745.46	0
-387.189	-7858.21	0
-194.939	-7796	0
-327.215	-7776.88	0
-525.386	-7915.61	0
-730.275	-7796.16	0
-524.541	-7871.22	0
-569.815	-7955.69	0
-756.615	-7728.99	0
-683.081	-8017.59	0
-600.559	-7677.19	0
-345.012	-7725.07	0
-476.372	-7742.33	0
-402.501	-7653.2	0
-669.754	-7654.66	0
-541.757	-7558.99	0
-395.119	-7743.02	0
-345.886	-7927.98	0
-554.769	-7817.44	0
-681.269	-7726.96	0
-559.961	-8015.74	0
-532.232	-7789.38	0
-322.916	-7806.46	0
-371.268	-7751.07	0
-352.921	-7776.49	0
-436.522	-7930.02	0
-218.383	-7852.94	0
-415.52	-7655.5	0
-364.769	-7694.76	0
-366.307	-7422.22	0
-390.336	-7440.59	0
-353.595	-7533.42	0
-270.842	-7552.98	0
-160.565	-7428.72	0
1.32428	-7541.59	0
125	-7577.74	0
11.7218	-7527.17	0
-48.2361	-7677.63	0
-324.562	-7592.67	0
-399.471	-7572.87	0
-271.731	-8013.75	0
-111.166	-7861.66	0
-274.48	-7918.92	0
-216.831	-8016.15	0
-209.172	-8067.33	0
76.593	-8040.02	0
59.8575	-7918.98	0
-117.054	-8080.71	0
-58.844	-7973.4	0
124.662	-8151.85	0
100.25	-8246.28	0
329.391	-8397.44	0
416.469	-8196.64	0
275.037	-8387.47	0
306.273	-8374.85	0
380.73	-8443.38	0
560.943	-8483.22	0
672.099	-8456.3	0
858.833	-8533.36	0
907.604	-8587.46	0
1116.85	-8746.55	0
1186.17	-8771.92	0
1477.03	-8834.91	0
1272.79	-8913.87	0
1378.02	-9138.04	0
1342.03	-9087.43	0
1343.16	-8933.78	0
1347.3	-8885.08	0
1553.25	-8873.21	0
1594.36	-8938.97	0
1486.21	-9025.93	0
1620.91	-9075.18	0
1541.27	-9060.72	0
1673.81	-9078.03	0
1607.28	-8948.43	0
1731.15	-9083.56	0
1621.06	-8967.29	0
1465.2	-9132.91	0
1552.69	-9208.35	0
1531.59	-9216.88	0
1578.9	-9121.91	0
1360.15	-9253.37	0
1486.25	-9056.82	0
1523.66	-9009.69	0
1471.41	-9131.6	0
1459.53	-9286.44	0
1750.08	-9152.99	0
1754.73	-9248.49	0
1821.11	-9166.57	0
1693.43	-9184.88	0
1632.3	-9104.51	0
1764.03	-9061.9	0
1765.33	-9167.44	0
1752.45	-9035.28	0
1769.88	-9041.91	0
1735.06	-9061.44	0
1588.43	-8929.7	0
1947.89	-8994.57	0
1689.93	-9039.56	0
1621.47	-9057.58	0
1637.34	-8951.97	0
1598.31	-8892.51	0
1703.67	-8733.39	0
1511.52	-8712.68	0
1612.95	-8597.09	0
1649.47	-8494.74	0
1828.63	-8541.01	0
1664.12	-8667.59	0
1678.94	-8803.61	0
1694.79	-8917.66	0
1687.4	-8895.18	0
1706.9	-8839.39	0
1507.86	-8739.64	0
1600.27	-8678.88	0
1305.6	-8854.1	0
1390.21	-8975.37	0
1507.4	-8907.04	0
1606.43	-8712.55	0
1487.42	-8597.9	0
1528.72	-8829.83	0
1720.4	-8792.6	0
1815.61	-8759.02	0
1887.53	-8619.93	0
2094.19	-8715.85	0
1975.83	-8573.02	0
2014.82	-8639.75	0
1968.45	-8712.37	0
1956.2	-8806.86	0
1944.82	-8619.35	0
1963.81	-8802.93	0
1988.87	-8855.27	0
2075.46	-8995.66	0
2089.03	-8918.11	0
2222.95	-8677.84	0
2003.4	-8704.25	0
2186.74	-8700.45	0
2351.55	-8729.87	0
2125.96	-8496	0
2270.72	-8582.79	0
2232.95	-8646.01	0
2515.65	-8509.99	0
2538.26	-8586.16	0
2665.16	-8585.12	0
2582.96	-8678.13	0
2594.24	-8619.18	0
2533.15	-8554.61	0
2614.62	-8476.02	0
2875.95	-8521.5	0
2815.55	-8260.67	0
3056.74	-8484.61	0
2727.8	-8345.03	0
2958.99	-8489.33	0
3068.94	-8479.45	0
3272.43	-8301.39	0
2941.09	-8404.66	0
2953.32	-8397.35	0
2937.55	-8356.65	0
3068.88	-8279.33	0
3109.12	-8316.88	0
2857.12	-8374.56	0
2974.02	-8232.56	0
3022.93	-8163.88	0
3022.5	-8178.1	0
2899.34	-8143.99	0
2899	-7984.41	0
2886.8	-7974.21	0
2761.53	-8000.9	0
2576.06	-8126.95	0
2749.9	-8092.04	0
2635.03	-8211.73	0
2720.23	-8361.93	0
2593.71	-8198.2	0
2491.03	-8130.16	0
2520.18	-8294.38	0
2656.69	-8152.82	0
2739.93	-8313.95	0
2711	-8329.53	0
2553.86	-8189.77	0
2665.11	-8135.68	0
2443.14	-7962.72	0
2575.38	-7936.66	0
2604.24	-8101.91	0
2528.11	-7740.94	0
2785.83	-7804.86	0
2602.28	-7660.05	0
2653.93	-7581.94	0
2658.65	-7283.26	0
2714.23	-7484.61	0
2548.71	-7785.47	0
2783.34	-7714.03	0
2783.03	-7682.99	0
2545.65	-7679.58	0
2523.62	-7417.67	0
2628.58	-7435.45	0
2720.83	-7429.06	0
2845.98	-7381.91	0
2881.19	-7438.21	0
3042.83	-7520.42	0
3023.17	-7528.32	0
2923.29	-7417.73	0
2929.58	-7329.45	0
3130.36	-7608.23	0
3042.91	-7565.62	0
3008.16	-7388.95	0
2933.06	-7239.9	0
2870.59	-7402.73	0
2832.56	-7562.98	0
2866.29	-7427.33	0
2814.09	-7314.14	0
2596.63	-7170.44	0
2668.25	-7098.54	0
2764.81	-6910.05	0
2937.15	-6947.63	0
2721.84	-7177.53	0
2841.74	-7112.7	0
2827.02	-7143.1	0
3077.54	-7106.4	0
2897.27	-7215.83	0
3141.48	-7331.04	0
2935.28	-7579.62	0
3059.95	-7380.34	0
3142.01	-7309.45	0
2945.72	-7209.25	0
3080.1	-7248.62	0
3004.92	-7298.07	0
3214.58	-7262.89	0
3066.37	-7422.5	0
3175.37	-7476.21	0
3300.26	-7688.1	0
3203.35	-7714.62	0
3394.2	-7417.41	0
3193.62	-7645.84	0
3316.8	-7684.51	0
3345.32	-7884.46	0
3371.82	-7561.94	0
3576.19	-7494.8	0
3470.13	-7337.86	0
3398.46	-7165.33	0
3402.39	-7036.01	0
3239.21	-6900.08	0
3239.85	-6790.21	0
3399.32	-6591.13	0
3276.72	-6290.78	0
3225.3	-6229.39	0
3191.15	-6232.17	0
3075.76	-6024.12	0
3046.63	-6079.7	0
2925.06	-6143.56	0
3113.86	-6037.11	0
2992.55	-6116.36	0
3114.68	-6381.92	0
2910.7	-6245.56	0
2979.5	-6319.9	0
3032.3	-6317.04	0
2976.29	-6325.96	0
3164.81	-6510.82	0
3126.42	-6424.47	0
3281.22	-6354.71	0
3243.92	-6437.99	0
3370.92	-6546.09	0
3201.69	-6453.35	0
3327.84	-6544.34	0
3070.46	-6589.79	0
3123.84	-6563.91	0
3085.58	-6610.07	0
3052.02	-6339.82	0
3133.05	-6365.74	0
2905.32	-6486.94	0
3120.16	-6333.25	0
3137.76	-6343.39	0
3256.82	-6355.84	0
3420.64	-6362.37	0
3593.69	-6278.35	0
3345.67	-6339.59	0
3411.84	-6418.89	0
3611.44	-6289.33	0
3436.85	-6678.31	0
3313.13	-6605.34	0
3333.66	-6624.47	0
3294.9	-6752.94	0
3243.65	-6686.79	0
3364.7	-6893.81	0
3078.09	-6807.33	0
3123.53	-6942.21	0
3118.46	-6889.14	0
2899.93	-6864.28	0
3054.64	-6826.31	0
3144.94	-6646.51	0
3136.29	-6802.9	0
3193.86	-6624.5	0
3137.68	-6668.44	0
3282.89	-6635.18	0
3372.68	-6790.36	0
3519.59	-6677.25	0
3378.03	-6667.05	0
3713.32	-6833.86	0
3711.73	-6700.35	0
3875.69	-6870.11	0
3999.3	-6811.11	0
3913.52	-6902.69	0
4073.28	-7068.87	0
3821.15	-7009.78	0
3896.18	-6899.82	0
3810.03	-6872.79	0
3832.34	-6965.91	0
4080	-7108.2	0
4102.05	-7164.45	0
4118.58	-7075.09	0
4052.99	-7297.64	0
4171.62	-7198.97	0
4225.41	-7221.48	0
4316.48	-6881.08	0
4543.27	-6847.22	0
4518.44	-6886.05	0
4563.81	-7187.63	0
4579.84	-7160.82	0
4198.46	-6989.02	0
4577.34	-6949.76	0
4503	-6761.51	0
4162.54	-6638.68	0
4180.43	-6542.46	0
4127.75	-6561.95	0
4090.5	-6807	0
4089.25	-6769.68	0
3990.09	-6492.94	0
3855.06	-6479.83	0
3711.28	-6536.38	0
3946.54	-6504.53	0
3926.38	-6402.46	0
4019.22	-6420.35	0
3915.67	-6247.35	0
3975.98	-6320.18	0
3936.14	-6288.32	0
3904.88	-6343.95	0
3979.38	-6304.62	0
3930.41	-6294.57	0
4206.35	-6252.31	0
4254.5	-6301.91	0
4302.19	-6079.18	0
4169.31	-6152.56	0
4306.6	-6099.72	0
4456.41	-6282.62	0
4366.3	-6315.45	0
4267.51	-6291.37	0
4643.77	-6268.27	0
4403.02	-6448.75	0
4531.06	-6533.59	0
4411.33	-6670.49	0
4515.28	-6755.73	0
4472.09	-6401.95	0
4593.91	-6545.95	0
4692	-6384.62	0
4681.64	-6682.24	0
4493.85	-6774.22	0
4690.27	-6801.57	0
4820.88	-6726.92	0
4967.95	-6695.9	0
4880.42	-6730.98	0
5130.73	-6748.52	0
5214.93	-6919.68	0
5464.18	-6964.21	0
5376.14	-6829.41	0
5071.02	-6875.21	0
5166.41	-6566.52	0
5191.67	-6625.49	0
5034.52	-6675.78	0
4980.2	-6660.54	0
4996.76	-6556.81	0
5125.54	-6473.68	0
5037.34	-6585.67	0
5073.67	-6334.37	0
4871.47	-6567.78	0
4891.77	-6699.24	0
4860.61	-6644.39	0
4986.93	-6674.03	0
5042.02	-6548.06	0
5084.67	-6646.2	0
5021.99	-6883.96	0
4912.98	-6609.58	0
4982.89	-6441.21	0
4769.69	-6493.72	0
4940.7	-6525.82	0
4978.24	-6321.86	0
5081.32	-6370.8	0
5084.3	-6524.12	0
5035.63	-6318.27	0
4940.65	-6115.31	0
5032.6	-6158.75	0
5084.58	-6014.24	0
5095.04	-6012.58	0
5285.02	-6133.97	0
5122.56	-6051.95	0
5204.32	-6282.4	0
5165.16	-6318.71	0
5268.06	-6309.66	0
5331.87	-6394.68	0
5276.81	-6183.08	0
5298.05	-6353.79	0
5364.82	-6169.32	0
5420.56	-6199.76	0
5456.95	-6151.16	0
5325.46	-6047.64	0
5411.58	-6151.72	0
5384.04	-6028.42	0
5412.83	-6093.75	0
5447.28	-6021.54	0
5411.16	-6213.32	0
5355.46	-6124.45	0
5568.36	-6267.4	0
5482.63	-6241.61	0
5367.81	-6196.24	0
5398.55	-6225.74	0
5289.02	-6065.25	0
5426.08	-6184.81	0
5225.6	-6366.87	0
5301.83	-6279.5	0
4995.98	-6221.61	0
5294.54	-6526.24	0
5360.4	-6587.68	0
5204.29	-6425.19	0
5131.83	-6515.11	0
5363.58	-6542.87	0
5485.55	-6374.35	0
5542.39	-6340.41	0
5422.19	-6421.56	0
5389.61	-6261.77	0
5561.44	-6194.88	0
5188.83	-6287.58	0
5497.29	-6362.22	0
5415.27	-6196.41	0
5536.18	-6079.39	0
5632.54	-6174.29	0
5635.8	-5908.05	0
5630.83	-5968.68	0
5665.91	-5928.08	0
5457.67	-6152.89	0
5595.7	-6065.84	0
5645.2	-6111.77	0
5467.78	-6107.14	0
5397.64	-6039.7	0
5420.61	-6207.86	0
5289.18	-6092.99	0
5477.07	-5975.65	0
5413.37	-5982.46	0
5604.25	-6112.04	0
5363.11	-6092.89	0
5396.88	-5919.09	0
5342.58	-5877.56	0
5310.29	-5960.5	0
5335.73	-6010.14	0
5496.29	-5802.38	0
5536.52	-5764.78	0
5437.47	-5899.16	0
5501.38	-5846.57	0
5596.83	-5795.46	0
5512.15	-5719.19	0
5538.08	-5852.95	0
5483.96	-5794.24	0
5505.7	-5678.52	0
5698.84	-5443.4	0
5538.18	-5482.78	0
5823.48	-5538.32	0
5798.4	-5691.43	0
5649.51	-5670.71	0
5547.45	-5672.55	0
5608.72	-5599.13	0
5695.65	-5524.85	0
5623.66	-5699.85	0
5656.28	-5715.01	0
5624.97	-5719.79	0
5747.43	-5477.34	0
5627.99	-5565.13	0
5848.55	-5536.95	0
5766.67	-5698.5	0
5558.8	-5766.66	0
5606.52	-5798.12	0
5417.88	-6031.36	0
5374.53	-6003.76	0
5311.52	-6021.21	0
5041.8	-5968.97	0
5192.95	-5753.23	0
5231.67	-5793.51	0
5394.95	-5704.49	0
5266.92	-5651.89	0
5365.61	-5945.83	0
5087.21	-5901.29	0
5090.74	-5810.53	0
5172.11	-5834.2	0
5241.36	-5987.56	0
5134.58	-5725.68	0
5014.08	-5794.11	0
5215.74	-5800.47	0
5105.38	-5533.59	0
5180.35	-5544	0
5000.32	-5431.06	0
5272.13	-5426.49	0
5173.07	-5405.54	0
5443.44	-5401.05	0
5499.25	-5396.66	0
5373.12	-5281.13	0
5655.91	-5405.55	0
5558.35	-5417.09	0
5615.96	-5478.9	0
5507.28	-5513.27	0
5498.71	-5492.28	0
5478.59	-5435.52	0
5619.48	-5293.41	0
5608.45	-5300.18	0
5717.84	-5251.09	0
5682.39	-5364.69	0
5998.46	-5471.59	0
6013.84	-5378.3	0
6131.05	-5271.45	0
6231.67	-5198.22	0
6232.9	-5179.79	0
6485.11	-5123.33	0
6295.36	-5273.83	0
6340.49	-5162.94	0
6431.58	-5199.8	0
6462.17	-5204.61	0
6721.45	-5170.57	0
6534.01	-5155.13	0
6833.56	-5095.13	0
6894.17	-5216.48	0
6846.3	-5114.93	0
6881.82	-4872.52	0
6687.66	-4972.3	0
6604.74	-4974.3	0
6461.69	-4992.06	0
6606.68	-4916.92	0
6601.86	-4867.5	0
6693.22	-4972.8	0
6685.95	-4849.72	0
6683.15	-4636.39	0
6719.23	-4556.04	0
6549.35	-4631.01	0
6747.29	-4539.54	0
6779.4	-4553.27	0
6664.24	-4590.19	0
6521.52	-4612.17	0
6727.34	-4769.64	0
6734.19	-4618.33	0
6797.14	-4599.46	0
6754.27	-4654.49	0
6631.97	-4563.1	0
6743.09	-4527.01	0
6625.23	-4465.16	0
6617.2	-4666.89	0
6683.7	-4320.07	0
6459.37	-4371.81	0
6546.22	-4267.5	0
6367.32	-4337.96	0
6500.94	-4273.61	0
6154.38	-4251.06	0
6504.75	-4233.49	0
6351.9	-4345.72	0
6385.65	-4173.05	0
6353.09	-4213.98	0
6405.82	-3986.26	0
6239.22	-3945.21	0
6226.62	-4015.28	0
6588.95	-4067.05	0
6421.74	-4141.8	0
6487.46	-4125.24	0
6402.4	-4132.78	0
6482.64	-4191.78	0
6669.01	-4075.32	0
6705.87	-4118.65	0
6815.97	-4036.86	0
6730.95	-4091.91	0
6995.95	-3986.03	0
7065.27	-3958.82	0
6976.47	-3917.59	0
6853.17	-3716.72	0
6811.05	-3714.73	0
7064.61	-3784.15	0
6799.54	-3719.47	0
6885.97	-3932.15	0
7021.68	-3838.14	0
7236.92	-3742.39	0
7273.12	-3786.39	0
7374.36	-3827.65	0
7347.72	-3703.05	0
7324.41	-3695.49	0
7391.62	-3552.2	0
7268.89	-3693.55	0
7373.5	-3657.95	0
7545.05	-3655.04	0
7311.65	-3465.75	0
7456.44	-3606.21	0
7303.5	-3566.3	0
7450.1	-3453.17	0
7556.15	-3505.87	0
7642.27	-3518.99	0
7553.58	-3346.22	0
7532.79	-3490.16	0
7420.27	-3527.88	0
7277.85	-3506.71	0
7426.26	-3562.16	0
7434.91	-3721.05	0
7540.27	-3722.83	0
7649.51	-3471.91	0
7762.29	-3546.74	0
7729.33	-3535.54	0
7560.92	-3367.75	0
7563.95	-3290.73	0
7587.33	-3291.04	0
7539.67	-3134.73	0
7452.23	-3265.03	0
7487.9	-3217.98	0
7612.76	-3190.39	0
7399.86	-3054.23	0
7449.67	-3107.18	0
7193.6	-2849.63	0
7227	-2886.62	0
7287.5	-3071.88	0
7314.91	-3039.19	0
7209.93	-3129.94	0
7340.53	-3270.22	0
7435.42	-3041.23	0
7239.5	-2951.02	0
7224.61	-2934.69	0
7265.44	-2774.23	0
7575.54	-2805.52	0
7334.14	-2894.89	0
7296.57	-2839.65	0
7354.2	-2770.64	0
7422.81	-2813.22	0
7464.69	-2649.18	0
7391.47	-2806.9	0
7348.28	-2699.52	0
7301.36	-2800.56	0
7510	-3003.19	0
7278.23	-2909.31	0
7062.5	-2724.45	0
7212.48	-2474.96	0
7200.75	-2425.78	0
7149.73	-2521.45	0
7078.24	-2446.77	0
7306.63	-2417.37	0
7205.67	-2326.24	0
7362.73	-2287.56	0
7601.86	-2357.62	0
7638	-2122.44	0
7669.9	-2353.44	0
7508.41	-2508.02	0
7695.04	-2283.86	0
7508.52	-2276.82	0
7415.56	-2352.1	0
7332.39	-2234.84	0
7600.78	-2055.35	0
7503.51	-2371.31	0
7144.77	-2283.43	0
7218.36	-2055.07	0
7313.57	-1981.29	0
7340.29	-1912.91	0
7476.15	-1901.65	0
7448.31	-2050.49	0
7482.91	-1909.01	0
7457.63	-2093.47	0
7472.88	-2047.55	0
7518.73	-2212.19	0
7722.38	-1995.99	0
7589.2	-2053.97	0
7582.61	-2167.81	0
7729.34	-2128.47	0
7706.24	-2026.65	0
7709.9	-2067.41	0
7594.16	-1778.6	0
7668.43	-1961.69	0
7809.69	-1951.08	0
7608.24	-1866.54	0
7740.19	-1925.5	0
7781.43	-1767.15	0
7985.48	-1890.39	0
7930.74	-2043.4	0
8066.19	-2086.38	0
7679.54	-2096.17	0
7729.17	-1982.07	0
7594.09	-1853.91	0
7539.27	-1785.74	0
7515.28	-1927.91	0
7736.49	-1972.34	0
7589.38	-2102.12	0
7603.44	-2153.39	0
7418.14	-1757.17	0
7687.23	-1898.17	0
7770.31	-1979.49	0
7589.22	-1836.17	0
7680.96	-2001.49	0
7573.79	-1960.8	0
7375.26	-2006.8	0
7714.99	-1889.07	0
7673.99	-1996.2	0
7671.79	-2100.69	0
7683.9	-2172.85	0
7588.97	-2016.64	0
7614.32	-1944.02	0
7377.83	-2047.02	0
7368.28	-1860.06	0
7364.04	-1872.13	0
7140.85	-1920.98	0
7039.51	-1791.38	0
7096.64	-1496.91	0
7022.07	-1780.12	0
7102.8	-1789.59	0
7209.91	-1739.24	0
7136.17	-1727.86	0
7326.81	-1748.05	0
7237.09	-1662.19	0
7329.82	-1524.28	0
7435.1	-1727.39	0
7439.4	-1744.45	0
7402.68	-1558.58	0
7378.25	-1582.97	0
7394.16	-1531.17	0
7468.43	-1502	0
7497.67	-1410.26	0
7414.83	-1491.43	0
7551.84	-1563.71	0
7601.77	-1437.33	0
7596.68	-1306.9	0
7689.8	-1317.63	0
7612.47	-1453.38	0
7666	-1271.72	0
7687.74	-1231.81	0
7501.34	-944.297	0
7353.04	-975.698	0
7476.35	-720.787	0
7445.14	-658.644	0
7495.74	-807.795	0
7696.91	-792.671	0
7745.95	-791.982	0
7676.66	-608.008	0
7810.63	-637.555	0
7764.78	-706.846	0
7983.32	-727.128	0
7961.01	-767.512	0
8064.2	-806.38	0
8019.87	-733.426	0
8088.66	-597.162	0
8042.54	-585.753	0
8063.22	-613.491	0
8376.39	-149.96	0
8392.59	-137.646	0
8269.57	-47.7164	0
8376.43	-95.4872	0
8461.51	-160.033	0
8533.96	-114.154	0
8436.25	0.603954	0
8414.63	-125.057	0
8189.26	-207.413	0
8233.12	-181.827	0
8275.24	-171.166	0
8330.47	-180.131	0
8547.52	-1.32397	0
8326.68	58.7701	0
8201.87	73.4498	0
8439.29	222.44	0
8507.29	37.5222	0
8295.14	-140.51	0
8584.28	42.6547	0
8531.21	-214.321	0
8372.86	-124.118	0
8540.61	-80.4697	0
8507.87	46.1234	0
8575.54	-62.8841	0
8424.21	57.1757	0
8650.84	-53.9598	0
8696.06	-9.19084	0
8849.75	83.7288	0
9053.71	-30.5037	0
8898.99	-119.85	0
9119.29	-168.924	0
8977.98	54.322	0
8859.42	-7.63607	0
8603.55	-86.9838	0
8700.78	147.791	0
8606.22	172.77	0
8708.43	307.272	0
8610.79	328.449	0
8564.9	365	0
8698.87	623.516	0
8639.22	507.595	0
8814.98	663.869	0
8807.3	543.65	0
8727.37	721.266	0
8844.41	940.779	0
8765.98	998.862	0
8776.05	1065.83	0
8868.28	1026.61	0
8752.3	1196.84	0
8655.07	1141	0
8516.42	1334.8	0
8454.28	1285.55	0
8579.62	1184.7	0
8597.36	1198.66	0
8661.06	1191	0
8988.62	951.567	0
8792.38	1195.35	0
8849.76	1162.61	0
9012	1464.45	0
8965.78	1408.59	0
8837.15	1296.56	0
8888.75	1456.86	0
9059.5	1455.74	0
8907.63	1599.58	0
9194.62	1418.07	0
9070.73	1325.67	0
9069.96	1392.41	0
9252.63	1337.67	0
8938.52	1257.98	0
9048.92	1402.39	0
8946.76	1240.47	0
9133.55	1221.4	0
8875.14	1320.39	0
8936.91	1468.69	0
8778.26	1543.64	0
8585.42	1574.54	0
8761.99	1559.6	0
8756.24	1683.13	0
8797.96	1908.95	0
8718.61	1851.06	0
8737.27	1798.69	0
8676.28	1926.18	0
8551.8	1829.18	0
8576.54	1684.83	0
8498.83	1718.08	0
8563	1691.27	0
8716.84	1687.08	0
8564.77	1573.03	0
8785.03	1699.21	0
8631.46	1784.2	0
8669.06	1782.83	0
8755.9	1737.42	0
8887.6	1718.82	0
8984.87	1571.52	0
8860.46	1678.01	0
8964.41	1546.61	0
8929.53	1766.49	0
8758.64	1865.75	0
8893.73	1910.54	0
9023.07	1811.98	0
8957.46	1813.52	0
8972.18	1843.44	0
8993.21	2135.36	0
8825.2	2121.66	0
8868.24	2116.16	0
8803.7	1805.19	0
8766.92	1894.89	0
8835.66	1759.39	0
8754.13	1603.67	0
8831.32	1558.18	0
8641.97	1639.97	0
8532.53	1790.14	0
8569.59	1634.98	0
8502.52	1441.79	0
8479.09	1376.7	0
8189.52	1562.59	0
8243.77	1199.58	0
8193.36	1279.26	0
8198.73	1392.22	0
7966.54	1508.26	0
8048	1467.97	0
7879.35	1422.15	0
7757.02	1570.46	0
7844.53	1511.42	0
7684.13	1733.01	0
7486.51	1607.31	0
7703.65	1860.4	0
7705.68	2061.27	0
7677.79	1727.37	0
7439.16	1774.49	0
7708.39	1702.54	0
7505.52	1826.23	0
7668	1823.42	0
7782.93	1854.85	0
7709.28	1783.7	0
7802.46	1896.25	0
7706.69	1964.7	0
7975.78	1903.57	0
7866.89	1789.98	0
7749.32	1961.48	0
7711	1772.4	0
7493.21	1732.87	0
7490.61	1651.16	0
7197	1778.87	0
7156.53	1482.04	0
7401.33	1716.41	0
7409.43	1659.63	0
7493.35	1680.96	0
7671.89	1903.44	0
7452.34	1823.42	0
7500	2000.23	0
7542.34	1937.18	0
7237.81	2034.6	0
7424.01	2040.79	0
7297.65	1958.16	0
7346.01	1858.63	0
7371.17	1810.5	0
7266.27	1774.18	0
7321.84	1868.57	0
7289.83	2135	0
7179.21	1981.1	0
7414.3	2145.52	0
7500.88	2235.99	0
7346.06	2356.38	0
7365	2158.79	0
7518.84	2126.97	0
7428.38	2019.31	0
7599.4	2179.17	0
7578.67	2117.2	0
7767.78	1986.66	0
7889.67	2155.24	0
7907.84	2222.68	0
7920.17	1972.58	0
7866.87	2145.18	0
8043.61	2042.48	0
7980.37	1922.31	0
7993.28	1951.22	0
8027.9	1943.57	0
8058.53	1950.61	0
7985.07	1997.73	0
7886.32	1935.13	0
7798.32	1838.13	0
7655.27	2042.87	0
7552.85	2082.86	0
7730.53	2208.51	0
7574.73	2230.56	0
7705.36	1963.25	0
7518	2348.96	0
7493.81	2370.71	0
7323.52	2382.54	0
7353.02	2418.63	0
7342.1	2259.73	0
7448.81	2308.68	0
7411.23	2274.16	0
7125.96	2247.4	0
7272.95	2449.85	0
7191.66	2393.17	0
7238.17	2291.02	0
7048.97	2295.99	0
6909.79	2250.02	0
6925.08	2239.09	0
6797.72	2351.99	0
6852.69	2189.49	0
6631.51	2391.08	0
6670.29	2361.75	0
6941.77	2229.1	0
6892.96	1951.48	0
7185.48	2075.86	0
7057.04	2120.69	0
7116.85	2029.8	0
7165.03	1874.46	0
7139.83	2047.83	0
7025.94	2088.88	0
7168.24	2088.55	0
7216.97	1956.58	0
7120.55	1880.78	0
7369.44	2100.93	0
7116.52	1989.8	0
7237.37	2074.2	0
7199.47	2176.83	0
7077	2187.34	0
7193.52	2108.73	0
7098.78	2153.01	0
7259.52	2223.88	0
7179.26	2198.57	0
7133.4	2141.34	0
7160.85	1960.17	0
7112.48	2089.69	0
7051.23	2081.55	0
6907.36	2236.15	0
7070.31	2155.65	0
7038.36	2368.25	0
6871.5	2267.09	0
6810.98	2388.21	0
6716.2	2270.09	0
6927.78	2274.88	0
6759.38	2249.05	0
6799.18	2218.44	0
6968.29	2124.65	0
6856.13	2310.79	0
7125.93	2317.91	0
7013.27	2330.76	0
7166.6	2258.72	0
6836.54	2219.2	0
7011	2314.08	0
6987.81	2222.63	0
6849.54	2301.27	0
6757.84	2092.6	0
6776.54	2162.04	0
6712.31	2205.71	0
6595.11	2229.19	0
6992.17	2177.97	0
6628.91	2245.07	0
6773.46	2165.43	0
6510.92	2354.71	0
6419.63	2438.91	0
6594.47	2425.44	0
6543.61	2477.74	0
6456.65	2449.28	0
6411.74	2540.5	0
6493.34	2672.4	0
6548.15	2516.42	0
6472.69	2724.41	0
6475.23	2732.94	0
6474.75	2832.58	0
6377.54	2929.13	0
6219.81	2765.1	0
6088.19	2747.6	0
6295.28	2716.67	0
6169.75	2912.92	0
6241.82	3116.62	0
6309.82	3087.86	0
6246.84	3204.73	0
6533.25	3006.32	0
6206.83	3053.22	0
6479.53	3111.9	0
6300.45	2949.86	0
6310.7	2957.99	0
6026.13	3074.67	0
5941.31	3207.62	0
6244.51	3255.62	0
5928.23	3133.12	0
6031.11	3170.05	0
6049.3	3218.87	0
5965.4	3260.82	0
5743.22	3270.71	0
5829.72	3263.55	0
5812.39	3087.27	0
5728.76	3031.06	0
5757.27	3088.05	0
5883	3103.28	0
5882.81	3180.74	0
5715.84	3163.94	0
5498.22	3320.8	0
5807.49	3306.51	0
5608.96	3434.26	0
5860.6	3407.84	0
5568.71	3654.4	0
5508.07	3982.92	0
5232.19	3822.62	0
5236.94	3875.94	0
5171.27	3951.81	0
5241.43	4140.18	0
5215.34	4111.11	0
5334.03	4035.17	0
5271.98	4139.34	0
5240.55	4013.08	0
5198.59	3976.92	0
5404.94	3908.92	0
5475.5	3823.03	0
5581.06	3884.85	0
5270.21	3639.99	0
5530.9	3501.66	0
5503.12	3709.03	0
5622.46	3697.3	0
5888.15	3763.85	0
5683.41	3872.1	0
5759.76	3745.1	0
5822.61	3875.59	0
5767.59	3860.79	0
5864.84	3869.8	0
5575.29	3956.1	0
5420.97	3954.4	0
5460.88	3776.17	0
5584.38	3868.05	0
5703.49	4043.92	0
5855.07	3919.2	0
5667.64	4037.05	0
5871.79	3969.66	0
5883.21	4148.6	0
5696.26	3967.24	0
5731.1	4073.99	0
5555.08	4251.82	0
5651.61	4280.98	0
5599.69	4330.8	0
5486.04	4607.52	0
5582	4340.44	0
5623.28	4345.6	0
5737.99	4505.96	0
5673.15	4571.46	0
5635.07	4560.19	0
5602.95	4760.5	0
5655.31	4690.95	0
5751.79	4790.52	0
5398.62	4757.36	0
5546.99	4921.96	0
5599.14	4749.5	0
5488.9	4875.47	0
5736.72	4877.15	0
5551.64	4907.78	0
5507.33	5108.07	0
5450.41	5048.44	0
5230.46	5122.52	0
5373.94	5060.22	0
5233.86	5273.93	0
5229.92	5185.66	0
5160.07	5006.5	0
5037.61	5096.53	0
4932.17	5050.89	0
5211.39	5230.01	0
5105.5	5362.33	0
5225.18	5200.33	0
5022.16	5146.2	0
4839.15	5044.65	0
5015.22	5292.81	0
4978.59	5031.03	0
4887.04	5247.52	0
4554.43	5276.55	0
4657.98	5118.69	0
4696.53	5234.13	0
4524.68	5164.04	0
4684.49	5330.57	0
4616.77	5464.63	0
4554.04	5422.11	0
4666.88	5251	0
4559.2	5360.08	0
4539.39	5538.68	0
4584.27	5544.01	0
4629.61	5664.06	0
4661.12	5576.57	0
4468.3	5692.64	0
4410.62	5825.06	0
4596.48	5772.79	0
4604.27	5683.05	0
4351.36	5660.88	0
4385.73	5758.01	0
4300.39	5750.86	0
3965.44	5945.48	0
4059.87	5903.42	0
3951.7	5962.12	0
4166.79	6003.47	0
4100.81	5833.16	0
4100.67	5877.86	0
4054.02	5906.68	0
4133.68	6062.78	0
4256.69	5792.6	0
4220.4	5985.02	0
3962.54	6021.85	0
3938.05	5739.97	0
3855.19	5852.79	0
4001.96	5855.11	0
4078.1	5995.74	0
4094.61	5926.91	0
4292.34	5941.49	0
4387.1	5825.2	0
4513.86	5829.63	0
4547.53	5809.1	0
4793.87	5755.96	0
4586.76	5812.71	0
4477.4	5946.43	0
4338.96	5947.18	0
4335.92	6174.75	0
4292.66	6031.56	0
4497.32	6118.7	0
4574.12	6280.13	0
4528.1	6118.27	0
4403.02	6229.82	0
4480.31	6251.23	0
4388.83	6302.12	0
4513.81	6346.48	0
4368.2	6376.33	0
4431.38	6216.89	0
4347.74	6477.03	0
4587.13	6411.74	0
4201.01	6332.94	0
4516.57	6418.1	0
4441.33	6474.24	0
4484.08	6366.32	0
4693.5	6490.53	0
4646.23	6329.25	0
4640.92	6239.14	0
4611.25	6152.02	0
4606.34	6212.4	0
4576.4	6094.55	0
4374.25	6139.54	0
4701.73	6017.81	0
4414.68	6018	0
4625.58	6008.47	0
4653.85	6091.95	0
4483.21	6145.67	0
4299.81	6068.09	0
4474.66	6000.52	0
4426.61	6145.88	0
4187.09	6175.19	0
4112.22	6154.65	0
4273.66	6161.69	0
4050.48	6210.19	0
4201.14	6443.52	0
4238.92	6516.28	0
4172.55	6340.37	0
4510.15	6311.29	0
4371.97	6433.72	0
4623.56	6275.02	0
4607.37	6436.33	0
4769.25	6426.76	0
4426.59	6478.32	0
4432.67	6423.16	0
4265.35	6390.58	0
4257.5	6379.02	0
4180.98	6410.74	0
4078.8	6493.83	0
4044.4	6351.31	0
4215.54	6563.86	0
3975.36	6449.07	0
3867.32	6199.42	0
3861.87	6342.06	0
3951.95	6339.51	0
3902.9	6445.38	0
4234.02	6521.8	0
3957.31	6462.02	0
3916.53	6329.13	0
3995.81	6425.77	0
3978.75	6421.37	0
3711.78	6365.8	0
3550.13	6506.43	0
3674.36	6491.48	0
3659.77	6357.12	0
3602.99	6434.25	0
3487.2	6506.06	0
3451.87	6607.76	0
3425.12	6451.58	0
3267.39	6300	0
3498.68	6203.86	0
3335.1	6058.13	0
3371.89	6310.63	0
3441.47	6218.02	0
3487.7	6074.85	0
3350.52	6037.74	0
3390.69	5719.37	0
3381.38	5816.2	0
3364.17	5698.72	0
3393.68	5869.07	0
3440.43	5833.84	0
3424.4	5831.33	0
3365.78	6027.31	0
3475.41	5986.67	0
3427.97	5945.66	0
3411.21	6005.78	0
3345.71	6026.8	0
3592.55	5907.44	0
3307.7	6026.43	0
3440.88	6086.15	0
3440.46	6090.55	0
3296.89	6134.28	0
3249.14	6040.53	0
3173.77	5944.58	0
3288.55	5984.52	0
3400.92	5880.4	0
3408.93	5813.11	0
3426.6	5757.87	0
3596.16	5652.6	0
3438.71	5888.5	0
3602.04	5811.05	0
3655.09	5752.02	0
3455.82	5930.54	0
3740.09	5928.27	0
3781.9	5924.41	0
3293.23	5978.32	0
3277.77	5996.53	0
3250.69	6069.1	0
3413.73	5923.18	0
3303.69	5813.27	0
3325.95	6003.54	0
3422.82	6097.64	0
3612.88	6105.5	0
3845.58	5983.16	0
3686.01	6030.18	0
3688.6	5866.79	0
3689.12	5872.59	0
3614.98	5875.94	0
3554.82	6046.42	0
3654.7	6029.16	0
3569.51	5972.28	0
3462.35	5958.94	0
3507.81	6053.68	0
3233.45	5825.68	0
3134.86	5965.48	0
3289.29	5865.02	0
3301.81	5874.3	0
3346.19	5844.44	0
3342.29	5822.45	0
3352.84	6042.59	0
3290.98	5910.24	0
3110.53	6016.29	0
3209.78	5889.82	0
3135.05	5846.1	0
3045.83	5856.26	0
3322.81	6007.14	0
3000.16	5958.4	0
3242.75	5929.53	0
3239.96	5814.45	0
3188.84	5916.13	0
3114.79	5850.4	0
3158.41	6029.26	0
3263.47	5927.26	0
3213.34	5701.73	0
3297.63	6029.4	0
3216.38	6046.11	0
3337.39	6039.35	0
3182.54	5992.87	0
3197.57	5820.9	0
3195.84	5855.91	0
3134.02	5860.53	0
3085.31	5867.26	0
3013.98	5836.48	0
3128.63	5967.19	0
3100.89	6124.99	0
3097.66	6047.39	0
2891.92	6322.73	0
2829.51	6388	0
2720.62	6382.94	0
2841.25	6551.02	0
2510.23	6317.76	0
2721.73	6383.07	0
2384.15	6263.13	0
2503.71	6110.23	0
2177.2	6141.88	0
2174.95	6210.98	0
2168.45	6244.05	0
1954.13	6203.07	0
2298.62	6209.03	0
2122.12	6265.62	0
2292.05	6205.82	0
2055.55	6170.33	0
2232.11	6147.84	0
2199.29	6301.75	0
2268.3	6394.4	0
2202.24	6387.85	0
2207.66	6319.83	0
2214.51	6366.3	0
2484.5	6131.42	0
2302.67	6178.58	0
2361.64	6208.62	0
2367.18	6198.86	0
2621.65	6034.71	0
2625.76	6204.34	0
2489.23	6158.7	0
2609.47	6089.64	0
2373.85	5981.35	0
2345.23	6039.06	0
2555.25	6038.03	0
2509.57	6089.97	0
2401.65	6152.26	0
2298.99	6124.79	0
2405.76	5996.61	0
2212.6	5910.97	0
2253.56	5840.46	0
2109.95	5734.14	0
2236.26	5681.55	0
2314.01	5683.28	0
2438.71	5899.08	0
2224.12	5908.48	0
2142.4	5888.35	0
2238.53	5923.34	0
2274.81	6065.68	0
2115.69	5990.4	0
2182.68	5999.16	0
2243.43	5900.76	0
2361.2	5955.17	0
2265.67	5769.15	0
2306.79	5876.17	0
2166.06	5748	0
2103.48	5791.64	0
1990.12	5737.96	0
1855.62	5850.33	0
1879.59	5728.37	0
1717.32	5941.89	0
1715.84	5716.11	0
1805.56	5657.87	0
1741.28	5475.19	0
1745.4	5644.01	0
1633.23	5605.14	0
1605.33	5664.85	0
1363.7	5671.08	0
1511.62	5616.07	0
1549.19	5587.25	0
1701.47	5721.4	0
1601.44	5736.23	0
1598.68	5720.69	0
1645.61	5872.77	0
1716.77	5852.42	0
1771.09	5906.04	0
1641.17	5749.99	0
1738.46	5734.57	0
1681.32	5697.77	0
1777.86	5791.85	0
1701.24	5735.1	0
1908.45	5611.2	0
1675.86	5693.62	0
1977.5	5501.5	0
1819.4	5605.69	0
1584.21	5696.71	0
1687.64	5521.58	0
1659.37	5649.86	0
1811.26	5598.3	0
1723.38	5581.61	0
1896.27	5592.38	0
2177.3	5509.65	0
2072.61	5586.15	0
2068.56	5433.35	0
1865.49	5578.91	0
1902.46	5482.45	0
1981.29	5321.22	0
1955.72	5284.7	0
1856.34	5539.83	0
1993.69	5489.55	0
2077.88	5486.21	0
2087.7	5515.15	0
2211.37	5325.07	0
2209.32	5526.81	0
2218.46	5632.92	0
2263.64	5369.43	0
1962.72	5366.96	0
2069.84	5231.89	0
1990	5246.4	0
1966.58	5377.2	0
2069.31	5483.52	0
2017.29	5450.93	0
2166.68	5794.38	0
2066.85	5676.36	0
2055.49	5661.97	0
1950.91	5303.65	0
1776.21	5451.58	0
1767.72	5585.29	0
1711.42	5546.71	0
1715.13	5494.7	0
1599.04	5594.72	0
1541.6	5484.7	0
1517.51	5067.93	0
1411.02	5321.96	0
1421.19	5235.32	0
1370.35	5452.04	0
1237.3	5307.91	0
1336.62	5404.42	0
1361.04	5352.83	0
1475.07	5386.52	0
1408.47	5617.07	0
1530.82	5369.6	0
1399.39	5545.4	0
1442.78	5726.22	0
1308.74	5445.37	0
1395.75	5281.35	0
1456.09	5355.02	0
1285.02	5293.92	0
1397	5516.16	0
1325.81	5417.76	0
1234.77	5457.92	0
1328.98	5541.37	0
1179.36	5688.34	0
1259.83	5754.92	0
1045.15	5718.86	0
1101.45	5579.39	0
1146.98	5579.03	0
1033.63	5674.96	0
898.907	5768.47	0
942.67	5826.83	0
921.24	5790.81	0
1044.84	5888.32	0
781.253	5804.32	0
874.567	5793.38	0
608.698	5688.23	0
607.931	5635.36	0
633.668	5463.03	0
482.727	5574.59	0
440.148	5527.88	0
360.416	5321.43	0
367.472	5484.32	0
278.277	5401.41	0
429.234	5293.78	0
531.852	5669.09	0
311.396	5640.52	0
381.964	5656.31	0
298.248	5613.71	0
406.263	5851	0
149.778	5714.98	0
101.686	5722.98	0
7.67407	5746.39	0
-230.33	5805.34	0
-63.3721	5577.89	0
-163.468	5657.87	0
-111.401	5600.19	0
-180.508	5563.7	0
-274.754	5468.89	0
-232.512	5519.36	0
-244.409	5751.72	0
-278.986	5807.21	0
-89.2143	5746.41	0
-202.671	5828.43	0
-82.8495	5695.36	0
-470.598	5657.59	0
-152.795	5707.51	0
-214.004	5802.23	0
-386.524	5728.24	0
-453.029	5877.88	0
-494.175	5687.22	0
-590.771	5894.5	0
-690.32	5694.43	0
-663.715	5710.43	0
-732.876	5905.84	0
-867.582	5954.76	0
-897.821	6000.68	0
-878.72	5793.99	0
-886.272	6079.48	0
-1104.11	5828.46	0
-1115.46	6016.08	0
-953.746	5957.09	0
-1123.49	5921.82	0
-1076.94	5886.01	0
-1312.27	5734.49	0
-1173.07	5807.65	0
-1195.64	5790.91	0
-1147.12	5892.09	0
-1225.18	5825.05	0
-1294.99	5792.41	0
-1075.55	5738.25	0
-1136.16	5586.23	0
-1139.02	5601.33	0
-1085.34	5783.83	0
-1124.28	5679.29	0
-1097.2	5516.23	0
-1138.56	5618.15	0
-1109.71	5578.87	0
-1220.59	5558.22	0
-1198.95	5358.12	0
-1170.18	5380.11	0
-1235.68	5414.29	0
-1340.84	5351.53	0
-1434.01	5309.22	0
-1609.02	5269.6	0
-1609.41	5192.49	0
-1574.21	5288.51	0
-1722.35	5176.55	0
-1648.29	5118.27	0
-1806.6	5114.02	0
-1692.13	5289.55	0
-1959.75	5049.54	0
-1957.74	4981.09	0
-1804.1	4861.83	0
-1772.2	4872.82	0
-1882.82	4870.01	0
-2219.28	4764.01	0
-2064.39	4783.95	0
-2372.03	4872.63	0
-2178.7	4863.87	0
-2338.07	4988.44	0
-2438.07	4746.03	0
-2461.45	4669.12	0
-2529.05	4674.01	0
-2525.48	4660.58	0
-2492.61	4581.31	0
-2681.46	4518.8	0
-2443.2	4628.3	0
-2735.07	4501.43	0
-2756.11	4504.44	0
-2962.83	4530.33	0
-2984.52	4278.79	0
-3089.55	4268.86	0
-3162.48	4254.51	0
-3115.34	4158.07	0
-3194.88	4554.56	0
-3151.14	4341.39	0
-3045.01	4443.96	0
-3025.96	4223.23	0
-3122.53	4116.61	0
-3191.73	4156.98	0
-3200.4	4250.5	0
-3404.83	4425.95	0
-3376.1	4089.46	0
-3333.69	4279.82	0
-3282.1	4013.8	0
-3579.49	4157.58	0
-3630.22	4058.75	0
-3604	3936.59	0
-3654.3	4059.55	0
-3601.98	4056.72	0
-3661.06	3975.52	0
-3805.61	3897.03	0
-3699.1	3976.07	0
-3816.37	4044.14	0
-3622.73	3866	0
-3951.85	4019.4	0
-3875.94	4194.33	0
-3785.29	4020.75	0
-3850.67	3996.57	0
-3813.96	4123.19	0
-3751.81	4059.87	0
-3431.21	4145.89	0
-3443.98	4218.15	0
-3544.81	4443.44	0
-3458.18	4352.9	0
-3425.38	4411.4	0
-3677.19	4374.47	0
-3462.23	4135.27	0
-3646.64	4325.91	0
-3763.32	4238.03	0
-3677.79	4437.75	0
-3677.06	4267.36	0
-3731.07	4278.8	0
-3894.79	4189.6	0
-3839.81	4170.75	0
-3829.62	3986.7	0
-3638.63	4077.1	0
-3530.02	4169.11	0
-3619.83	4372.39	0
-3526.64	4189.53	0
-3351.44	4210.7	0
-3420.92	4026.59	0
-3292.38	4011.43	0
-3231.76	4041.38	0
-3364.22	3987.5	0
-3440.14	4068.39	0
-3117.5	3982.29	0
-3325.25	4019.69	0
-3329.16	4195.69	0
-3455.07	4178.02	0
-3504.17	4167.48	0
-3413.4	4355.32	0
-3456.51	4095.23	0
-3471.33	4059.35	0
-3510.46	3694.94	0
-3682.33	3857.93	0
-3595.22	3907.52	0
-3838.8	3891.04	0
-3736.75	3715.44	0
-3977.69	3725.21	0
-3823.81	3841.49	0
-3673.08	3936.21	0
-4074.06	3873.29	0
-3730.44	4217.43	0
-3894.27	4163.37	0
-3956.95	4096.03	0
-3846.29	4331.87	0
-4059.4	4351.55	0
-3878.79	4449.3	0
-3869.61	4233.38	0
-4004.11	4276.72	0
-3933.65	4210.79	0
-3934.72	4072.59	0
-3652.82	3880.95	0
-3741.43	3914.76	0
-3872.26	3894.73	0
-3886.03	3806.95	0
-3665.96	3657.91	0
-3790.48	3544.16	0
-3718.51	3463.24	0
-3747.19	3465.87	0
-3895.82	3435.46	0
-3936.65	3505.88	0
-4011.15	3268.19	0
-3962.69	3352.05	0
-4004.68	3269.8	0
-4027.85	3266	0
-4000.67	3140.05	0
-4006.04	3164.32	0
-3981.98	3135.27	0
-4151.38	3027.25	0
-3940.01	3017	0
-4001.78	3011.98	0
-3978.66	3026.64	0
-4054.19	3115.23	0
-3896.85	3321.3	0
-4103.83	3308.97	0
-3827.19	3286.17	0
-3915.52	3185.23	0
-4047.81	3325.75	0
-4152.05	3489.86	0
-4055.38	3456.88	0
-3848.99	3605.45	0
-4061.79	3723.84	0
-3811.57	3644.82	0
-3686.59	3669.35	0
-3854.69	3729.98	0
-3581.56	3640.59	0
-3688.12	3779.45	0
-3752.55	3835.49	0
-3770.31	3996.7	0
-4026.59	3990.93	0
-3835.89	3925.32	0
-3770.98	3789.74	0
-3667.53	3711.51	0
-3678.04	3358.67	0
-3647.5	3447.73	0
-3652.25	3195	0
-3794.69	3148.04	0
-3695.07	3124.89	0
-3914.31	2960.35	0
-3878.17	3050.13	0
-3832.6	3067.86	0
-3889.42	3022.15	0
-4043.36	2973.33	0
-4180.19	2981.41	0
-4122.8	3021.59	0
-4240.01	2990.32	0
-4252.67	3191.2	0
-3992.3	3249.75	0
-4180.3	3288.62	0
-4152.77	3224.01	0
-4246.42	3209.03	0
-4252.39	3316.82	0
-4140.77	3381.59	0
-4348.23	3271.47	0
-4115.17	3311.44	0
-4281.19	3274.71	0
-4280.17	3118.92	0
-4187.09	3345.44	0
-4410.44	3390.87	0
-4210.26	3373.95	0
-4513	3265.1	0
-4296.78	3251.02	0
-4091.81	3256.84	0
-4111.06	3074.82	0
-3989.42	3301.46	0
-4167.77	3298.75	0
-4296.23	3499.41	0
-4171.25	3766.62	0
-4212.57	3650.75	0
-4107.49	3444.52	0
-4197.33	3488.01	0
-4210.76	3232.31	0
-4226.52	3277.51	0
-4424.08	3282.59	0
-4036.92	3380.83	0
-4425.29	3300.98	0
-4229.7	3306.27	0
-4434.31	3410.86	0
-4390.58	3240.51	0
-4484.94	3121.31	0
-4535.89	3161.62	0
-4437.79	3011.24	0
-4550.35	3110.63	0
-4567.53	3004.03	0
-4452.08	3294.85	0
-4683.19	3338.34	0
-4568.34	3379.76	0
-4598.83	3476.35	0
-4650.04	3414.51	0
-4656	3276.33	0
-4686.01	3390.59	0
-4681.99	3430.98	0
-4618.62	3544.78	0
-4437.94	3358.74	0
-4347.42	3383.31	0
-4410.83	3254.22	0
-4353.2	3167.2	0
-4360.94	3156.77	0
-4471.15	3179.45	0
-4666.04	3440.8	0
-4616.24	3557.99	0
-4746.17	3560.82	0
-4730.25	3368.96	0
-4637.51	3288.34	0
-4703.12	3227.86	0
-4777.49	3134.72	0
-4854.78	3354.01	0
-5031.29	3272.85	0
-4962.01	3410.31	0
-5124.99	3331.04	0
-5129.76	3577.4	0
-5209.36	3494.12	0
-5199.13	3461	0
-5150.51	3427.43	0
-5151.17	3711.63	0
-5178.62	3473	0
-5240.86	3438.88	0
-5289.02	3785.65	0
-5440.24	3560.6	0
-5525.73	3677.53	0
-5485.05	3783.45	0
-5365.91	3967.88	0
-5366.58	3942.4	0
-5244.18	4019.73	0
-5388.11	3869.81	0
-5038.88	4209.99	0
-5232.47	4181.38	0
-4960.11	4166.52	0
-5090.2	4107.66	0
-5190.96	4043.43	0
-5141.03	3937.81	0
-5140.48	4107.86	0
-5078.9	4063.4	0
-4973.72	4031.14	0
-4968.13	4062.83	0
-5124.78	3850.4	0
-4930.29	3887.79	0
-5010.21	3827.43	0
-5221.22	3825.15	0
-5211.8	3845.38	0
-5273.49	3871.63	0
-5455.99	3820.27	0
-5404.03	3605.53	0
-5583.17	3599.85	0
-5629.04	3796.63	0
-5501.78	3650.2	0
-5732.16	3643.03	0
-5585.03	3873.41	0
-5607.37	3990.09	0
-5589.87	3920.38	0
-5436.1	3899.11	0
-5583.35	3834.87	0
-5369.05	3876.92	0
-5552.08	3662.16	0
-5428.04	3676.59	0
-5321.57	3526.54	0
-5442.23	3826.7	0
-5405.6	3689.67	0
-5363.35	3646.37	0
-5435.41	3656.36	0
-5610.29	3743.81	0
-5699.48	3572.94	0
-5651.72	3506.33	0
-5704.17	3451.5	0
-5537.36	3371.46	0
-5652.94	3397.9	0
-5572.72	3407.24	0
-5540.69	3433.87	0
-5849.02	3460.97	0
-5650.7	3620.48	0
-5614.24	3638.91	0
-5494.59	3603.35	0
-5415.71	3714.04	0
-5395.59	3688.37	0
-5295.18	3799.77	0
-5492.72	3838.88	0
-5411.67	3919.49	0
-5218.11	3745.98	0
-5364.6	3665.55	0
-5375.99	3815.34	0
-5547.88	3795.66	0
-5460.16	3773.85	0
-5400.26	3800.56	0
-5581.18	3759.05	0
-5348.94	3590.63	0
-5456.28	3768.2	0
-5401.14	3744.33	0
-5249.49	3837.72	0
-5531.33	3653.85	0
-5355.79	3836.51	0
-5486.78	3829.26	0
-5497.77	3746.08	0
-5542.86	3977.34	0
-5683.56	3891.26	0
-5295.77	3899.46	0
-5333.85	3970.24	0
-5181.46	3861.61	0
-4950.91	3884.54	0
-4699.45	3785.39	0
-4627.61	4022.1	0
-4677.09	3945.29	0
-4617.54	3819.59	0
-4609.2	3748.26	0
-4593.7	3887.54	0
-4528.83	3744.72	0
-4626.05	3760.68	0
-4296.43	3762.3	0
-4601.23	3595.05	0
-4532.44	3532.81	0
-4360.33	3548.53	0
-4513.81	3395.66	0
-4457.77	3389.34	0
-4549.13	3382.2	0
-4309.52	3453.74	0
-4203.51	3232.53	0
-4183.09	3152.86	0
-4202.37	3258.66	0
-4351.19	3218.15	0
-4312.16	3271.89	0
-4376.93	3292.83	0
-4500.85	3299.96	0
-4286.78	3165.34	0
-4365.84	3099.79	0
-4137.77	3176.97	0
-4321.06	3081.65	0
-4412.36	3122.86	0
-4388.04	2937.2	0
-4526.46	3079.75	0
-4627.32	3040.94	0
-4624.31	2952.88	0
-4583.26	2923.21	0
-4383.47	3172.86	0
-4592.05	3003.72	0
-4492.74	3178.89	0
-4617.72	3049.8	0
-4611.19	3065.24	0
-4780.21	2861.2	0
-4865.03	3073.55	0
-4822.49	3025.82	0
-4901.36	2763.45	0
-4696.66	2834.34	0
-4843.19	2999.81	0
-4956.92	2818.65	0
-4734.4	3160.74	0
-4914.02	3163.56	0
-4798.04	2926.92	0
-4832.9	2742.86	0
-4744.14	2740.43	0
-4599.75	2637.23	0
-4899.08	2741.7	0
-4674.36	2935.04	0
-4822.09	2858.85	0
-5008.65	2901.07	0
-4766.25	2875.61	0
-4756.41	2921.88	0
-4516.9	2798.63	0
-4850.12	2653.98	0
-4704.1	2773.38	0
-4825.68	2688.54	0
-4876.08	2909.73	0
-4836.25	2795.48	0
-4722.06	2690.25	0
-4804.68	2856.86	0
-4723.31	2752.97	0
-4857.19	2690.24	0
-4744	2534.82	0
-4980.17	2719.53	0
-4957.75	2691.57	0
-4946.97	2660.71	0
-5043.92	2519.99	0
-4883.41	2573.98	0
-4803.94	2609.67	0
-5026.94	2501.08	0
-4980.86	2547.13	0
-5199.37	2734.71	0
-5024.46	2608.04	0
-4982.06	2480.59	0
-5020.89	2489.94	0
-4840.12	2418.45	0
-4941.15	2308.63	0
-4699.55	2512.26	0
-4894.14	2390.24	0
-4890.79	2418.96	0
-4860.11	2274.43	0
-5003.91	2341.59	0
-4989.56	2399.55	0
-5017.23	2407.19	0
-4970.8	2694.85	0
-5023.17	2588.5	0
-4958.67	2468.65	0
-4929.11	2463.58	0
-4891.3	2543.35	0
-5130.44	2471.02	0
-4919.64	2385.3	0
-5175.07	2477.06	0
-5073.72	2485.4	0
-5144.42	2486.74	0
-4876.4	2423.2	0
-4846.65	2428.98	0
-5037.77	2407.12	0
-5151.35	2242.94	0
-5371.61	2372.51	0
-5073.03	2248.72	0
-5147.56	2404.75	0
-5040.42	2376.37	0
-4931.13	2442.55	0
-4856.81	2249.99	0
-5043.87	2199.75	0
-4959.36	2352.65	0
-4854.2	2218.34	0
-4933.89	2245.88	0
-5086.97	2101.9	0
-4873.51	2051.12	0
-4978.77	1977.16	0
-4750.82	1994.35	0
-4690.07	1929.71	0
-4546.49	1938.47	0
-4693.48	1867.47	0
-4837.92	1753.8	0
-4821.12	1813.11	0
-4694.6	1881.93	0
-4990.21	1700.85	0
-4839.93	1925.84	0
-5147.8	1890	0
-4888.36	1793.35	0
-4855.5	2008.55	0
-4807.02	1972.72	0
-4668.12	1859.2	0
-4752.19	1661.86	0
-4733.36	1648.63	0
-4820.47	1666.63	0
-4855.64	1593.14	0
-4672.19	1709.92	0
-4733.57	1551.85	0
-4819.58	1280.96	0
-4872.13	1278.31	0
-4891.91	1308.04	0
-5030.31	1510.25	0
-5063.64	1424.91	0
-5009.17	1621.71	0
-4955.96	1481.36	0
-4814.54	1519.1	0
-4713.53	1258.84	0
-4973.33	1336.89	0
-5022.73	1365.26	0
-5063.84	1474.99	0
-5115.79	1627.99	0
-4927.43	1519.79	0
-5060.61	1648.79	0
-4982.95	1651.11	0
-4917.98	1735.59	0
-5024.64	1823.09	0
-4838.55	1607.1	0
-5282.72	1615.83	0
-5379.2	1380.05	0
-5371.6	1285.67	0
-5428.57	1310.67	0
-5248.81	1188.16	0
-5339.05	1213.52	0
-5172.03	1163.12	0
-5220.37	1189.49	0
-5205	906.892	0
-5126.52	842.439	0
-5143.93	885.161	0
-5028.73	864.549	0
-5127.43	657.417	0
-5340.2	739.593	0
-5359.78	827.723	0
-5444.19	826.264	0
-5333.28	914.232	0
-5539.33	923.75	0
-5609.64	684.961	0
-5321.52	854.425	0
-5739.84	967.552	0
-5671.87	919.538	0
-5704.44	768.558	0
-5636.17	879.962	0
-5893.96	1013.26	0
-5950.99	984.965	0
-5809.58	954.913	0
-6121.69	1081.24	0
-6003.71	935.132	0
-5901.77	1009.18	0
-6139.89	1041.77	0
-5938.39	1116.03	0
-6126.06	943.286	0
-6189.07	976.992	0
-6108.34	1223.65	0
-6127.24	1003.01	0
-6054.2	984.081	0
-6161.75	979.927	0
-6175.44	1012.83	0
-6214.29	1295.67	0
-6227.75	1420.3	0
-6113.25	1389.54	0
-6194.82	1362.27	0
-6286.3	1378.89	0
-6080.09	1495.07	0
-6191.26	1398.08	0
-6054.47	1197.56	0
-6033.09	1263.41	0
-6176.69	1209.33	0
-5965.16	1224.22	0
-5951.11	1237.49	0
-5926.13	1461.71	0
-6037.53	1284.79	0
-5900.73	1264.11	0
-5845.77	1055.6	0
-6001	1070.26	0
-5999.98	972.694	0
-6237.87	810.394	0
-6165.16	774.286	0
-6184.97	711.413	0
-6523.27	536.251	0
-6562.84	544.336	0
-6512.9	226.643	0
-6367.77	304.727	0
-6242.25	528.754	0
-6535.79	652.895	0
-6236.35	671.881	0
-6297.53	523.67	0
-6250.38	421.718	0
-6058.45	383.013	0
-6302.58	358.703	0
-6255.01	332.491	0
-6311.09	327.809	0
-6363.26	410.114	0
-6359.96	299.641	0
-6293.38	249.147	0
-6199.68	86.2864	0
-6394.36	197.368	0
-6412.94	68.6678	0
-6263.95	99.9975	0
-6406.17	184.499	0
-6231.62	-44.8133	0
-6323.1	3.93244	0
-6519.27	-61.7397	0
-6149.22	221.124	0
-6493.1	-85.7645	0
-6179.42	34.7763	0
-6280.35	-5.28836	0
-5931.92	135.363	0
-6093.9	147.468	0
-6163.38	180.548	0
-6019.87	73.7174	0
-6249.83	-68.1661	0
-6139.6	-166.197	0
-6041.26	-5.14063	0
-6306.17	112.349	0
-6135.62	314.771	0
-6238.02	271.269	0
-6067.08	359.486	0
-6273.43	416.193	0
-6210.48	448.642	0
-6016.66	385.8	0
-6208.14	348.206	0
-6100.07	312.359	0
-6169.9	157.364	0
-6350.33	274.962	0
-6195.27	388.757	0
-6148.55	358.612	0
-6201.12	462.182	0
-5965.03	418.088	0
-6144.42	202.022	0
-6225.19	147.118	0
-6156.99	112.289	0
-6242.55	-46.6434	0
-5957.91	-118.249	0
-5960.14	126.06	0
-5909.84	-86.6041	0
-6094.96	-107.922	0
-6108.15	-358.668	0
-6239.54	-346.44	0
-6111.93	-329.702	0
-5972.16	-189.946	0
-6224.11	-169.702	0
-6131.29	-195.656	0
-6197.7	-150.85	0
-6286.44	-42.9214	0
-6105.52	-71.3702	0
-6144.09	-203.613	0
-6068.41	-192.65	0
