-121244	88316.3	0
-2896.9	-8121.93	0
-2786.19	-8122.6	0
-3105.53	-7935.06	0
-3019.43	-8101.24	0
-3032.28	-8238.84	0
-3025.3	-8053.64	0
-2857.49	-8378.09	0
-2891.56	-8284.53	0
-2943.41	-8274.08	0
-2888.47	-8463.38	0
-2750.38	-8300.74	0
-2871.66	-8374.41	0
-2929.2	-8279.31	0
-2873.16	-8200.19	0
-2792.34	-8283.52	0
-2863.16	-8198.66	0
-3020.27	-8381.04	0
-2954.63	-8376.21	0
-2930.99	-8540.92	0
-2957.89	-8583.62	0
-2857.23	-8495.23	0
-2953.4	-8594.92	0
-3039.07	-8507.11	0
-2911.41	-8412.25	0
-2981.55	-8417.82	0
-2866.56	-8397.5	0
-2824.64	-8565.17	0
-2953.43	-8658.03	0
-2680.86	-8532.43	0
-2819.6	-8616.49	0
-2713.44	-8779.47	0
-2818.04	-8822.39	0
-2820.14	-8871.42	0
-2786.11	-8863.66	0
-2883.76	-8923.77	0
-2810.29	-8811.44	0
-2844.04	-8995.76	0
-2829.56	-8918.95	0
-2680.08	-9044.96	0
-2653.12	-8866.93	0
-2616.97	-9051.68	0
-2593.47	-9088.68	0
-2527.53	-9026.09	0
-2706.95	-9177.92	0
-2487.29	-9193.77	0
-2592.58	-9223.82	0
-2599.29	-9227.79	0
-2610.97	-9101.84	0
-2647.08	-9250.76	0
-2624.18	-9204.38	0
-2617.42	-9156.68	0
-2461.77	-9302.13	0
-2346.17	-9208.44	0
-2478.22	-9349.83	0
-2371.7	-9402.55	0
-2451.16	-9346.63	0
-2318.13	-9493.98	0
-2339.81	-9442.94	0
-2366.49	-9322.21	0
-2388.1	-9485.6	0
-2361.17	-9321.56	0
-2352.91	-9514.92	0
-2336.52	-9530.82	0
-2337.22	-9514.78	0
-2361.58	-9497.36	0
-2350.28	-9381.61	0
-2518.73	-9600.36	0
-2169.13	-9635.72	0
-2353.77	-9727.11	0
-2272.98	-9849.2	0
-2309.04	-9878.67	0
-2301.31	-9882.07	0
-2468	-9834.61	0
-2357.23	-9918.54	0
-2368.94	-10159.3	0
-2166.54	-10202.3	0
-1990.76	-10198.9	0
-2005.51	-10322.1	0
-2053.49	-10278.6	0
-2060.67	-10370.7	0
-2087.11	-10387.3	0
-2066.61	-10484	0
-2167.34	-10379.4	0
-2074.53	-10271.6	0
-2146.41	-10383.9	0
-2213.89	-10188.5	0
-2241.14	-10362.1	0
-2184.88	-10235	0
-2264.7	-10174.6	0
-2295.6	-10247.3	0
-2414.23	-10150.8	0
-2168.18	-10019.5	0
-2346	-10038.6	0
-2202.29	-10011.5	0
-2429.92	-10198.5	0
-2419.63	-10206.1	0
-2389.89	-10406.6	0
-2401.71	-10343.3	0
-2301.92	-10447.8	0
-2308.92	-10611.7	0
-2229.17	-10568.9	0
-2272.84	-10474.8	0
-2388.74	-10562.2	0
-2389.56	-10538.5	0
-2290.28	-10717.5	0
-2150.37	-10630.5	0
-2168.57	-10775.1	0
-2170.42	-10732.8	0
-2023.08	-10686.6	0
-2043.75	-10551.7	0
-1785.69	-10517.1	0
-1831.68	-10554.1	0
-1850.81	-10486.4	0
-1766.56	-10612.9	0
-1707.09	-10570.2	0
-1667.72	-10556.5	0
-1447.94	-10567.6	0
-1431.46	-10587.2	0
-1507.26	-10645.1	0
-1323.31	-10576.3	0
-1414.71	-10645.1	0
-1165.99	-10491.2	0
-1203.24	-10707.8	0
-1288.3	-10793.8	0
-1107.35	-10688.5	0
-1117.23	-10599.4	0
-1173.65	-10787.3	0
-1020.85	-10675.5	0
-1010.23	-10772.3	0
-878.188	-10860.9	0
-948.957	-10869.3	0
-831.777	-10883.7	0
-811.376	-11013.2	0
-857.179	-10960.8	0
-946.457	-11012.3	0
-1051.04	-10923.8	0
-970.969	-10903	0
-872.987	-11066.4	0
-1035.56	-10942.1	0
-960.313	-11034.1	0
-961.56	-11007.6	0
-1061.51	-10747.2	0
-814.843	-10963.2	0
-829.746	-10906.2	0
-754.477	-10896.5	0
-722.816	-10958.1	0
-597.872	-10929.3	0
-584.695	-10954.2	0
-450.71	-11036	0
-420.445	-11108.4	0
-195.044	-11130.8	0
-177.324	-11218.9	0
-202.183	-11364.2	0
-119.141	-11224.3	0
-308.47	-11152.5	0
-231.488	-11245	0
-385	-11249.8	0
-385.015	-11040.4	0
-267.441	-11255.7	0
-353.286	-11284.7	0
-302.295	-11314.1	0
-283.479	-11247.2	0
-399.445	-11408.2	0
-273.863	-11312.5	0
-150.014	-11197.8	0
-303.645	-11290.9	0
-288.401	-11321.3	0
-153.387	-11105.2	0
-269.986	-11135.9	0
-142.135	-11289.8	0
-248.863	-11271.4	0
144.75	-11186.2	0
-41.2967	-11271.1	0
5.97089	-11283.7	0
30.7216	-11280.4	0
70.9474	-11488.7	0
257.51	-11397.7	0
307.2	-11427.8	0
329.804	-11549.6	0
308.729	-11424.8	0
311.903	-11345.8	0
277.039	-11450.8	0
291.819	-11466.5	0
309.45	-11472.7	0
258.614	-11194.4	0
429.734	-11380.2	0
467.734	-11206	0
353.808	-11379.3	0
418.63	-11391.4	0
520.182	-11471.8	0
519.744	-11382.3	0
594.012	-11185.6	0
718.383	-11311.4	0
706.606	-11198.3	0
844.13	-11275.3	0
815.145	-11415.7	0
813.904	-11525.9	0
658.279	-11339.7	0
645.437	-11478.5	0
830.023	-11492.2	0
642.166	-11444.4	0
835.528	-11431	0
656.472	-11261.5	0
605.969	-11458.2	0
508.441	-11200.4	0
650.445	-11405.7	0
648.882	-11301.7	0
562.191	-11364.1	0
445.76	-11272.5	0
513.971	-11333.6	0
466.384	-11244.5	0
355.695	-11286.9	0
438.339	-11416.1	0
506.412	-11301.8	0
542.541	-11221.3	0
584.953	-11322.6	0
412.724	-11398.5	0
474.893	-11340.3	0
621.848	-11243.6	0
566.245	-11326.4	0
478.24	-11576.1	0
681.038	-11405.8	0
746.87	-11589.2	0
686.071	-11542.4	0
855.096	-11486.6	0
881.515	-11404.7	0
994.385	-11320.8	0
849.332	-11546.3	0
923.173	-11577.9	0
1030.09	-11603.3	0
1010.95	-11622.1	0
1176.05	-11789.5	0
1046.89	-11679.6	0
1015.13	-11884.5	0
1120.78	-11799.3	0
1200.35	-11943.7	0
1030.69	-11810.4	0
1137.05	-11752.9	0
1220.04	-11799.2	0
1094.87	-11680.9	0
969.364	-11604.4	0
1147.83	-11356.8	0
946.794	-11465.9	0
1216.32	-11584.5	0
1113.14	-11372.8	0
1168.87	-11696.9	0
1163.24	-11755.3	0
1359.91	-11666.9	0
1298.4	-11708.3	0
1079.61	-11629.2	0
996.203	-11767.7	0
1050.71	-11630.4	0
1240.72	-11695.7	0
1285.44	-11581.9	0
1305.09	-11573.2	0
1336.04	-11481.6	0
1351.18	-11383.8	0
1101.03	-11282	0
1227.91	-11125.6	0
1203.96	-11203.1	0
1464.1	-11174.2	0
1493.04	-11105.5	0
1378.56	-11150.4	0
1430.81	-11126.8	0
1446.95	-10978.5	0
1352.66	-11167.5	0
1325.85	-11067.4	0
1320.22	-11016.9	0
1437.34	-11137.1	0
1384.34	-10894.9	0
1249.1	-10829.7	0
1206.89	-10747.6	0
1353.08	-10810	0
1444.35	-10988	0
1450.66	-10910.2	0
1370.93	-11145.6	0
1469.96	-11078.2	0
1447.62	-10940.5	0
1392.66	-10895.4	0
1432.39	-10877.5	0
1480.82	-10957	0
1603.23	-10951.2	0
1575.63	-11063.4	0
1558.31	-11151.1	0
1676.1	-10918	0
1816.46	-10948	0
1905.3	-10929.6	0
1771.34	-10949.7	0
1995.52	-10930.1	0
1915.62	-10938.3	0
1966.95	-10761.9	0
1908.22	-10776.6	0
2167.97	-10700.5	0
2328.3	-10507.7	0
2193.38	-10694.8	0
2172.7	-10685.7	0
2393.3	-10782.2	0
2316.32	-10779.7	0
2281.35	-10709.7	0
2314.85	-10872	0
2526.03	-10677.9	0
2464.44	-10768.6	0
2573.86	-10597.3	0
2803.24	-10493.7	0
2768.73	-10586.9	0
2729.84	-10426.8	0
2733.92	-10487.2	0
2716.12	-10475.6	0
2854.02	-10641.6	0
2830.09	-10564.6	0
2910.45	-10745.7	0
2934.85	-10722.6	0
2956.74	-10610.7	0
3042.66	-10625	0
2983.06	-10608.6	0
3047.75	-10414.7	0
3058.33	-10457.6	0
3191.11	-10506.4	0
3129.54	-10365.8	0
3180.4	-10498.8	0
3231.69	-10311.2	0
3248.23	-10449.3	0
3383.72	-10395.1	0
3384.32	-10357.1	0
3593.27	-10106.5	0
3595.26	-10232.3	0
3398.91	-10105.6	0
3298.8	-10384	0
3353.12	-10220	0
3406.65	-10209.3	0
3476.78	-10250.6	0
3236.94	-10280.6	0
3222.88	-10184.4	0
3202.1	-10149.4	0
3226.89	-10105.6	0
3514.12	-10252.9	0
3412.61	-10224.5	0
3538.93	-10040.9	0
3633.52	-10033.8	0
3514.62	-9891.22	0
3688.85	-9924.25	0
3698.71	-9680.91	0
3588.53	-9675.49	0
3830.27	-9439.79	0
3813.15	-9484.97	0
3924.06	-9449.16	0
3906.43	-9453.55	0
4076.87	-9454.79	0
3712.5	-9562.51	0
3866.37	-9589.32	0
3799.18	-9654.62	0
3750.3	-9486.98	0
3753.6	-9597.59	0
3663.58	-9642.97	0
3573.78	-9526.02	0
3691.39	-9423.37	0
3574.29	-9481.97	0
3407.17	-9485.04	0
3586	-9497.35	0
3668.92	-9491.44	0
3511.55	-9394.47	0
3392.59	-9418.43	0
3603.04	-9402.89	0
3446.69	-9489.42	0
3685.38	-9416.04	0
3569.25	-9449.05	0
3593.55	-9269.68	0
3520.56	-9269.29	0
3590.87	-9254.94	0
3639.8	-9050.89	0
3646.94	-9095.03	0
3638.92	-9131.18	0
3711.13	-9034.82	0
3627.08	-9092.2	0
3425.68	-8843.59	0
3538.85	-8789.9	0
3557.12	-8728.81	0
3653.3	-8643.3	0
3729.57	-8603.02	0
3775.72	-8594.18	0
3779.53	-8400.36	0
3734.32	-8254.49	0
3663.05	-8374.52	0
3608.49	-8353.73	0
3588.77	-8112.55	0
3800.49	-8305.18	0
3744.02	-8353.79	0
3773.3	-8253.18	0
3622.6	-8247.68	0
3657.87	-8286.72	0
3538.25	-8269.48	0
3660.84	-8387.47	0
3724.26	-8346.74	0
3648.4	-8341.82	0
3905.86	-8507.51	0
3741.25	-8474.02	0
3770.29	-8530.15	0
3704.16	-8473.04	0
3715.5	-8440	0
3712.4	-8406.9	0
3846.99	-8408.66	0
3744.03	-8281.35	0
3738.91	-8086.07	0
3712.5	-8095.61	0
3712.21	-8176.99	0
3799.6	-7987.03	0
3827.65	-8061.76	0
3885.19	-8255.64	0
3936.09	-8102.29	0
3930.59	-8115.74	0
3981.9	-8213.39	0
4069.04	-8116.76	0
4146.86	-8200.05	0
4109.61	-8077.1	0
3989.83	-8150.04	0
4128.53	-8015.4	0
4330.51	-8138.27	0
4338.09	-8008.9	0
4078.24	-7931.39	0
4233.69	-8046.41	0
4326.51	-8064.58	0
4405.01	-8111.68	0
4340.12	-8062.25	0
4420.36	-8104.25	0
4368.87	-7853.55	0
4381.84	-7748.99	0
4303.45	-7587.03	0
4425.69	-7729.35	0
4501.78	-7667.91	0
4488.45	-7712.15	0
4469.39	-7740.67	0
4572.32	-7791	0
4601.64	-7732.3	0
4704.75	-7782.37	0
4610.85	-7877.66	0
4724.08	-7644.41	0
4509.19	-7656.24	0
4694.27	-7597.56	0
4534.77	-7576.66	0
4439.36	-7547.38	0
4544.34	-7502.96	0
4435.52	-7574.57	0
4740.7	-7634.83	0
4484.93	-7747.18	0
4718.34	-7801.49	0
4689.31	-7763.98	0
4670.63	-7813.63	0
4638.5	-7859.4	0
4825.82	-7738.79	0
4638.8	-7776.93	0
4690.46	-7679.62	0
4663.19	-7677.17	0
4512.43	-7541.52	0
4563.02	-7564.06	0
4525.71	-7547.35	0
4565.17	-7261.14	0
4637.14	-7423.16	0
4712.95	-7371.46	0
4881.31	-7269.43	0
4933.04	-7154.1	0
4711.99	-7348.7	0
4603.51	-7393.24	0
4635.74	-7280.06	0
4635.77	-7318.08	0
4747.12	-7312.72	0
4710.15	-7202.1	0
4615.03	-7344.24	0
4605.61	-7227.01	0
4601.2	-7114.43	0
4704.3	-7032.37	0
4712.62	-7087.86	0
4819.59	-7053.89	0
4832.41	-7236.21	0
4887.28	-7202.08	0
4758.09	-7175.39	0
4734.87	-7074.32	0
4535.1	-7084.73	0
4687.31	-6912.18	0
4413.87	-7062.11	0
4557.01	-6936.7	0
4483.9	-6781.68	0
4415.82	-6693.22	0
4332.44	-6763.08	0
4394.84	-6769.64	0
4353.94	-6878.03	0
4420.21	-6912.58	0
4446.17	-6825.4	0
4404.4	-6987.46	0
4394.58	-6942.75	0
4353.6	-6991.58	0
4459.23	-7080.68	0
4413.63	-7033.04	0
4440.45	-7008.92	0
4276.58	-6884.01	0
4374.91	-6943.78	0
4403.5	-7015.73	0
4151.66	-6913.35	0
4222.2	-6725.32	0
4278.43	-6634.51	0
4224.73	-6521.01	0
4152.54	-6614.2	0
4246.19	-6566.55	0
4310.37	-6399.14	0
4390.95	-6501.87	0
4456.34	-6350.84	0
4434.26	-6342.17	0
4433.72	-6368.43	0
4193.03	-6186.96	0
4411.19	-6335.56	0
4620.94	-5995.33	0
4598.83	-6056.69	0
4697.85	-6106.18	0
4672.38	-6017.92	0
4646.92	-6072.42	0
4617.74	-6231.97	0
4399.04	-5862.75	0
4193.13	-6084.3	0
4142.85	-5968.3	0
3947.42	-6174.75	0
3995.2	-6105.27	0
3914.28	-6102.27	0
3880.6	-6049.11	0
3975.05	-6048.77	0
4028.54	-5939.86	0
3990.23	-5887.24	0
3901.95	-6024.63	0
3764.77	-5696.57	0
3727.49	-6028.61	0
3866.97	-5931.91	0
3848.89	-5864.54	0
3860.9	-5851.7	0
3815.77	-5997.86	0
3825.39	-5790.15	0
3811.01	-5672.08	0
3901.01	-5677.48	0
3737.64	-5624.49	0
3808.07	-5545.74	0
3891.9	-5696.05	0
3691.25	-5600.08	0
3618.1	-5607.55	0
3768.92	-5654.26	0
3841.91	-5708.76	0
3678.88	-5582.43	0
3753.27	-5579.98	0
3725.35	-5471.28	0
3704.9	-5570.3	0
3793.95	-5566.27	0
3525.89	-5564.6	0
3572.79	-5585.45	0
3695.26	-5461.22	0
3741.98	-5501.5	0
3747.3	-5540.02	0
3741.14	-5565.85	0
3944.07	-5434.06	0
3892.07	-5531.42	0
3624.47	-5557.98	0
3759.58	-5533.81	0
3745.58	-5669.44	0
3669.38	-5551.74	0
3586.95	-5470.81	0
3784.79	-5525.75	0
3968.63	-5576.98	0
3713.39	-5455.35	0
3775.07	-5530.65	0
3681.95	-5436.63	0
3822.75	-5362.58	0
3766.79	-5406.39	0
3799.47	-5235.86	0
3689.55	-5177.19	0
3810.19	-5057.76	0
3697.82	-5272.51	0
3598.31	-5347.57	0
3678.58	-5358.21	0
3603.71	-5305.59	0
3476.35	-5253.66	0
3493.23	-5425.95	0
3314.84	-5391.98	0
3369.3	-5273.02	0
3335.89	-5475.78	0
3495.58	-5260.46	0
3541.04	-5413.38	0
3517.25	-5372.09	0
3663.09	-5350.64	0
3616.25	-5334.75	0
3496.57	-5450.61	0
3413.45	-5331.2	0
3536.87	-5362.75	0
3404.49	-5376.24	0
3336.38	-5273.26	0
3481.78	-5190.17	0
3451.69	-5165.86	0
3482.95	-5133.76	0
3524.85	-5192.73	0
3460.61	-5028.71	0
3372.78	-5063.12	0
3464.79	-5095.9	0
3436.33	-5087.66	0
3475.09	-5118.01	0
3423	-5237.75	0
3422.12	-5243.06	0
3394.56	-5285.19	0
3657.89	-5245	0
3616.95	-5076.27	0
3464.88	-5181.5	0
3443.81	-4979.32	0
3248.72	-5093.82	0
3311.43	-4976.29	0
3396.44	-4976.68	0
3259.37	-4930.91	0
3462.42	-5039.31	0
3197.86	-4844.71	0
3248.23	-5024.27	0
3306.52	-5051.31	0
3297.74	-4929.88	0
3122.72	-4909.61	0
3073.11	-5016.34	0
3133.59	-4977.77	0
2912.66	-5056.67	0
2950.17	-5032.61	0
2782.31	-4949.82	0
2811.47	-5068.82	0
2713.43	-4908.67	0
2800.65	-4934.75	0
2836.48	-4889.15	0
2901.45	-4879.01	0
2759.97	-4729.12	0
2738.92	-4756.46	0
2714.64	-4778.33	0
2789.87	-4867.93	0
2877.79	-4876.26	0
2859.37	-4715.02	0
2861.33	-4664.16	0
2711.86	-4763.9	0
2730.8	-4666.5	0
2653.24	-4698.77	0
2583.54	-4732.25	0
2528.37	-4729.8	0
2598.84	-4624.83	0
2613.86	-4576.05	0
2685.89	-4494.2	0
2506.14	-4512.99	0
2529.57	-4422.28	0
2378.03	-4573.43	0
2302.37	-4425.26	0
2229.68	-4452.96	0
2181.63	-4422.99	0
2216.7	-4557.89	0
2260.42	-4590.14	0
2428.94	-4624.15	0
2370.87	-4619.14	0
2420.83	-4570.93	0
2453.42	-4660.16	0
2530.5	-4733.1	0
2455.55	-4383.37	0
2461.92	-4445.21	0
2494.52	-4317.22	0
2444.62	-3997.45	0
2435.06	-4143.71	0
2425.02	-4033.63	0
2376.57	-4136.16	0
2321.39	-4100.23	0
2179.04	-4147.52	0
2213.41	-4120.96	0
2017.37	-4327.89	0
2097.25	-4334.84	0
1903.82	-4265.07	0
1924.02	-4379.57	0
1960.23	-4261.21	0
1925.71	-4447.34	0
1928.86	-4259.78	0
1772.29	-4201.66	0
1772.12	-4108.25	0
1872.49	-4131.37	0
1993.47	-4161.07	0
1872.07	-4064.79	0
2045.49	-3951.04	0
1975.23	-4209.85	0
1811.99	-4064.89	0
1830.64	-4176.99	0
1900.32	-4223.98	0
1970.57	-4038.94	0
1905.17	-4272.85	0
1878.99	-4100.65	0
2020.9	-4247.85	0
2090.45	-4161.43	0
1818.17	-3863.79	0
2129.61	-4076.89	0
1943.94	-4134.29	0
2174.9	-4018.88	0
2260.77	-4151.55	0
2079.23	-4004.03	0
2311.37	-4226.07	0
2204.21	-4192.58	0
2273.36	-4147.06	0
2192.46	-4341.65	0
2045.5	-4150.62	0
1975.08	-4191.41	0
2055.57	-4248.36	0
1892.47	-4439.33	0
2002.96	-4398.3	0
2085.87	-4351.35	0
1922.45	-4120.02	0
1970.04	-4098.01	0
1854.86	-3988.63	0
1670.45	-3927.13	0
1609.26	-3880.46	0
1724.09	-3711.7	0
1476.96	-3769.28	0
1603.96	-3719.47	0
1573.99	-3664.07	0
1394.35	-3578.04	0
1557.39	-3637.35	0
1436.09	-3445.51	0
1390.52	-3568.92	0
1317.71	-3473.65	0
1441.04	-3170.21	0
1353.21	-3192.4	0
1312.49	-3309.18	0
1344.53	-3350.19	0
1344.1	-3489.21	0
1270.78	-3528.48	0
1183.75	-3498.74	0
1227.8	-3480.01	0
1163.91	-3366.79	0
1162.74	-3241.15	0
971.56	-3214.5	0
968.473	-3201.08	0
899.994	-3109.46	0
1022.72	-3080.27	0
841.862	-3121.95	0
998.394	-3161.56	0
1070.96	-3185.15	0
911.378	-3176.18	0
1005.18	-3096.81	0
927.795	-2982.08	0
916.855	-3176.37	0
913.634	-3215.9	0
761.279	-3026.35	0
754.425	-2932.45	0
746.784	-2685.54	0
613.215	-2791.96	0
649.276	-2723.01	0
677.496	-2708.78	0
713.213	-2822.02	0
657.156	-2625.35	0
681.583	-2817.33	0
801.813	-2726.09	0
721.309	-2758.77	0
746.354	-2971.19	0
568.617	-2892.47	0
386.875	-3140.14	0
405.632	-2998.12	0
380.446	-3138.04	0
294.143	-3004.12	0
380.899	-3032.33	0
131.223	-3088.63	0
264.615	-3159.72	0
216.463	-3189.86	0
446.955	-3186.36	0
448.872	-3230.38	0
446.827	-3137.1	0
227.674	-3230.8	0
164.615	-3050.89	0
144.544	-3008.91	0
97.5184	-2856.4	0
138.768	-2988.8	0
80.7863	-3023.37	0
154.186	-3017.32	0
165.074	-3126.23	0
170.006	-2973.77	0
49.2684	-3073.63	0
185.57	-2848.29	0
112.817	-2877.25	0
29.2719	-2878.41	0
-28.4995	-2868.44	0
-17.6918	-2829.45	0
-215.834	-2917.17	0
-105.286	-2934.63	0
32.0626	-2918.33	0
-57.7968	-2784.46	0
23.6173	-2798.51	0
-48.8856	-2814.72	0
-79.6784	-2807	0
-188.041	-2789.82	0
-187.84	-2722.25	0
-78.6782	-2877.27	0
-159.586	-2820.2	0
-19.5792	-2853.75	0
15.3823	-2905.81	0
83.1768	-2875.76	0
-84.5561	-2933.06	0
-187.594	-2748.21	0
-66.6013	-2889.47	0
-99.2188	-2750.07	0
-126.442	-2730.37	0
-125.233	-2820.03	0
-246.604	-2853.22	0
-186.746	-3060.86	0
-209.06	-2976.91	0
-268.962	-3037.77	0
-366.83	-3078.37	0
-339.429	-3128.46	0
-306.431	-3057.62	0
-473.936	-2888.36	0
-443.585	-3074.67	0
-478.704	-2984.49	0
-684.485	-2846.72	0
-511.218	-2704.42	0
-448.021	-2868.45	0
-630.998	-2603.28	0
-875.568	-2759.59	0
-876.409	-2771.09	0
-828.69	-2745.23	0
-818.673	-2747.46	0
-727.966	-2739.69	0
-786.043	-2869.08	0
-543.294	-2863.34	0
-666.575	-2776.3	0
-611.174	-2863.53	0
-584.656	-3046.79	0
-740.263	-2876.35	0
-672.86	-2958.96	0
-772.327	-2878.6	0
-769.235	-2893.51	0
-724.585	-2924.57	0
-757.973	-2854.82	0
-1007.17	-2896.56	0
-868.8	-2686.78	0
-978.103	-2703.02	0
-900.279	-2608.75	0
-954.385	-2609.89	0
-727.456	-2674.43	0
-870.249	-2510.74	0
-960.669	-2537.99	0
-728.537	-2411.14	0
-742.843	-2380.37	0
-850.172	-2471.4	0
-840.832	-2355.1	0
-735.002	-2442.11	0
-723.272	-2283.14	0
-682.869	-2370.73	0
-735.755	-2362.07	0
-707.156	-2475.6	0
-865.959	-2288.95	0
-868.112	-2443.72	0
-695.814	-2302.08	0
-726.214	-2327.88	0
-767.857	-2369.82	0
-556.137	-2424.5	0
-594.259	-2284.12	0
-471.583	-2112.23	0
-574.421	-2160.18	0
-522.178	-1955.87	0
-539.138	-1791.41	0
-400.914	-1733.87	0
-482.233	-1740.8	0
-373.252	-1853.48	0
-359.412	-1708.18	0
-354.1	-1708.33	0
-96.2223	-1773.12	0
-288.491	-1725.98	0
-228.677	-1784.3	0
-342.832	-1772.87	0
-233.001	-1694.51	0
-124.453	-1560.42	0
-13.1494	-1672.49	0
-210.827	-1554.78	0
-85.4107	-1509.62	0
-17.1515	-1570.12	0
-256.389	-1626.92	0
-272.409	-1528.41	0
-366.812	-1629.46	0
-259.886	-1517.33	0
-278.601	-1506.03	0
-325.884	-1494.47	0
-258.362	-1535.36	0
-279.017	-1585.5	0
-603.084	-1396.14	0
-443.339	-1546.68	0
-643.47	-1561.15	0
-539.366	-1478.41	0
-630.366	-1744.97	0
-704.49	-1716.49	0
-599.487	-1681.67	0
-725.353	-1658.73	0
-757.237	-1711.49	0
-734.402	-1608.46	0
-688.842	-1633.17	0
-628.6	-1571.05	0
-821.342	-1689.79	0
-444.925	-1602.48	0
-630.191	-1700.43	0
-544.563	-1785.73	0
-633.366	-1824.94	0
-598.856	-1726.57	0
-629.61	-1871.98	0
-428.137	-1863.96	0
-565.388	-1910.51	0
-307.283	-1787.47	0
-416.967	-1878.04	0
-291.88	-1694.37	0
-277.772	-1607.84	0
-285.435	-1673.62	0
-419.188	-1641.95	0
-370.883	-1519.34	0
-580.552	-1578.25	0
-513.758	-1462.61	0
-413.054	-1566.87	0
-475.687	-1260.2	0
-201.353	-1308.26	0
-181.111	-1098.56	0
-201.648	-989.808	0
-343.029	-1167.09	0
-433.693	-1005.8	0
-351.419	-1102.05	0
-468.302	-1286.59	0
-348.793	-1297.44	0
-382.923	-1302.3	0
-282.581	-1214.1	0
-370.784	-1409.97	0
-472.318	-1471.44	0
-609.977	-1324.34	0
-497.973	-1265.44	0
-544.468	-1284.28	0
-646.29	-1303.91	0
-632.906	-1243.24	0
-951.968	-1308.64	0
-842.794	-1261.89	0
-911.295	-1262.63	0
-849.537	-1303.47	0
-1022.07	-1140.19	0
-1107.9	-1003.41	0
-1016.94	-1103.54	0
-1122.54	-1220.32	0
-1011.69	-1154.36	0
-1266.67	-1105.05	0
-950.603	-1163.62	0
-967.856	-958.768	0
-970.173	-954.927	0
-1007.97	-1087.67	0
-1135.79	-890.155	0
-1187.9	-925.685	0
-1015.82	-940.994	0
-951.561	-835.774	0
-1016.06	-1105.68	0
-973.048	-1042.43	0
-947.059	-1052.69	0
-978.135	-1063.8	0
-784.115	-1004.83	0
-852.757	-1076.67	0
-751.206	-942.697	0
-828.522	-952.988	0
-636.933	-933.448	0
-982.024	-881.664	0
-643.009	-918.109	0
-1013.05	-790.418	0
-966.876	-721.333	0
-1002.5	-705.962	0
-1089.47	-476.911	0
-933.255	-670.93	0
-1118.22	-392.166	0
-968.772	-372.014	0
-993.645	-435.771	0
-823.609	-500.995	0
-927.283	-576.529	0
-942.899	-636.887	0
-1043.8	-313.053	0
-965.127	-523.201	0
-996.399	-375.062	0
-1124.23	-551.16	0
-1173.14	-440.04	0
-961.03	-380.247	0
-1031.88	-508.276	0
-940.14	-283.42	0
-986.67	-427.568	0
-1042.52	-303.248	0
-961.974	-482.677	0
-923.13	-520.263	0
-845.953	-647.28	0
-842.632	-604.445	0
-823.12	-600.783	0
-950.231	-514.676	0
-1023.16	-651.944	0
-851.713	-722.722	0
-1005.49	-729.292	0
-1058.23	-769.624	0
-931.157	-824.48	0
-958.389	-775.811	0
-874.368	-934.017	0
-977.665	-785.784	0
-877.485	-909.572	0
-958.708	-657.322	0
-1001.65	-660.917	0
-1019.87	-583.851	0
-1054.09	-668.974	0
-1136.9	-718.039	0
-1218.71	-494.13	0
-1212.21	-619.52	0
-1197.51	-556.881	0
-1261.45	-539.518	0
-1142.15	-620.903	0
-1089.72	-547.954	0
-1178.79	-797.995	0
-1141.73	-781.871	0
-1094.82	-514.921	0
-1100.07	-482.424	0
-1076.34	-523.714	0
-1063.53	-720.311	0
-1157.26	-442.762	0
-1168.47	-482.268	0
-1130.56	-402.898	0
-1122.13	-611.113	0
-1205.65	-566.523	0
-1064.9	-587.528	0
-1013	-432.528	0
-1163.63	-578.576	0
-1199.73	-554.021	0
-1132.53	-511.531	0
-982.928	-646.033	0
-1007.37	-506.594	0
-1105.45	-631.05	0
-971.47	-566.618	0
-861.151	-330.803	0
-1000.03	-520.893	0
-960.877	-631.242	0
-1046.95	-695.794	0
-1139.78	-548.873	0
-1152.84	-545.756	0
-1184.63	-594.712	0
-1131.39	-676.309	0
-1212.74	-737.513	0
-1181	-715.714	0
-1239.48	-628.561	0
-1346.36	-588.158	0
-1219.15	-439.904	0
-1154.04	-493.262	0
-1054.53	-434.728	0
-1237.15	-650.223	0
-1086.3	-761.405	0
-1215.49	-721.258	0
-1188.33	-699.234	0
-1324.23	-772.561	0
-1400.92	-768.448	0
-1258.82	-762.595	0
-1472.33	-668.271	0
-1480.44	-755.006	0
-1157.45	-708.995	0
-1181.66	-684.801	0
-1319.64	-797.917	0
-1173.19	-854.623	0
-1190.96	-820.238	0
-1147.63	-506.933	0
-1141.13	-675.492	0
-1182.58	-702.354	0
-1224.63	-745.676	0
-1359.89	-643.81	0
-1352.41	-533.244	0
-1175.55	-563.38	0
-1199.91	-443.173	0
-1042.02	-500.917	0
-1093.43	-391.86	0
-962.592	-606.373	0
-1135.13	-641.87	0
-1044.46	-541.585	0
-998.029	-571.605	0
-863.629	-663.182	0
-890.652	-803.669	0
-986.752	-679.036	0
-840.971	-662.942	0
-855.297	-534.935	0
-942.698	-615.465	0
-952.058	-540.113	0
-890.505	-634.492	0
-809.038	-492.788	0
-850.811	-625.461	0
-911.961	-643.351	0
-873.521	-602.523	0
-890.689	-667.391	0
-809.481	-809.728	0
-740.719	-682.869	0
-725.679	-585.578	0
-782.77	-764.573	0
-859.015	-816.167	0
-696.095	-768.998	0
-705.185	-858.481	0
-547.404	-722.904	0
-676.093	-642.679	0
-492.485	-713.674	0
-504.51	-759.86	0
-424.943	-832.9	0
-685.294	-823.454	0
-620.471	-867.064	0
-533.026	-790.972	0
-750.126	-908.219	0
-483.861	-1045.88	0
-663.47	-973.225	0
-533.515	-983.216	0
-409.53	-860.77	0
-467.52	-891.992	0
-499.604	-820.584	0
-539.202	-1033.59	0
-599.336	-979.702	0
-560.144	-1129.54	0
-374.595	-1147.47	0
-448.358	-1281.63	0
-373.316	-1209.34	0
-309.265	-1087.69	0
-218.788	-1103.92	0
-190.122	-975.051	0
-122.524	-1150.88	0
-118.588	-1053.52	0
-101.729	-985.092	0
-240.369	-1155.35	0
-102.54	-1271.68	0
-273.085	-1514.03	0
-268.685	-1371.25	0
-384.848	-1444.09	0
-369.045	-1438.23	0
-538.67	-1599.6	0
-487.17	-1497.77	0
-411.103	-1542.71	0
-369.125	-1542.57	0
-313.353	-1435.97	0
-328.724	-1525.26	0
-430.803	-1477.42	0
-396.444	-1492.94	0
-563.693	-1563.57	0
-542.992	-1471.7	0
-563.865	-1579.78	0
-599.239	-1396.68	0
-539.78	-1483.54	0
-594.189	-1346.72	0
-708.447	-1415.72	0
-810.136	-1332.74	0
-851.915	-1299.63	0
-948.273	-1399.88	0
-844.259	-1389.62	0
-735.806	-1357.87	0
-767.971	-1430.67	0
-803.239	-1363.57	0
-662.886	-1258.91	0
-496.136	-1260.83	0
-679.406	-1274.14	0
-808.245	-1208.99	0
-824.501	-1304.78	0
-839.191	-1331.1	0
-851.373	-1402.37	0
-922.276	-1506.35	0
-884.315	-1399.9	0
-807.1	-1573.44	0
-1077.08	-1301.9	0
-1031.76	-1246.48	0
-893.53	-1370.94	0
-823.879	-1197.72	0
-1150.19	-1294.94	0
-934.153	-1156.78	0
-1057.88	-1126.68	0
-925.788	-1348.44	0
-986.067	-1400.1	0
-1079	-1275.22	0
-1036.76	-1509.74	0
-1046.29	-1490.44	0
-1212.33	-1321.04	0
-1053.77	-1547.83	0
-844.129	-1499.98	0
-855.875	-1620.69	0
-844.12	-1552.09	0
-993.009	-1461.08	0
-837.667	-1566.86	0
-962.094	-1448.62	0
-720.375	-1277.09	0
-812.611	-1503.2	0
-956.258	-1352.07	0
-964.623	-1387.59	0
-730.436	-1180.59	0
-918.698	-1267.17	0
-864.605	-1195.83	0
-847.384	-1302.35	0
-990.397	-1263.86	0
-997.954	-1161.49	0
-945.081	-1148.18	0
-1059.13	-1113.15	0
-907.723	-1132.01	0
-934.512	-1005.12	0
-1094.09	-1119.46	0
-1157.11	-1005.49	0
-1141.25	-1166.77	0
-1174.62	-1108.82	0
-1109.51	-1209.64	0
-1065.63	-1022.24	0
-1125.8	-1282.93	0
-1110.82	-1220.76	0
-1173.42	-1039.11	0
-992.759	-1192.25	0
-1011.68	-1166.24	0
-1131.03	-1142.32	0
-1030.09	-1022.28	0
-1116.34	-1079.18	0
-1039.84	-947.986	0
-951.826	-958.853	0
-979.093	-749.393	0
-887.355	-960.728	0
-879.486	-936.811	0
-954.052	-1268.66	0
-886.695	-1336.45	0
-969.933	-1319.07	0
-878.906	-1213.47	0
-936.076	-1273.02	0
-1075.59	-1187.07	0
-1021.87	-1053.85	0
-929.409	-1216.49	0
-820.612	-1097.24	0
-987.138	-979.875	0
-864.112	-1053.37	0
-915.498	-1016.99	0
-1024.85	-794.79	0
-1035.55	-813.786	0
-891.771	-909.087	0
-980.4	-880.483	0
-830.464	-965.457	0
-919.588	-926.225	0
-962.105	-918.411	0
-906.396	-800.438	0
-939.811	-594.473	0
-918.504	-834.771	0
-802.485	-817.802	0
-751.156	-836.384	0
-722.051	-905.789	0
-713.667	-813.64	0
-784.351	-752.95	0
-900.145	-687.177	0
-860.288	-828.587	0
-929.38	-1004.12	0
-858.241	-1117.19	0
-736.385	-980.309	0
-751.411	-1043.11	0
-824.441	-1166.65	0
-978.404	-888.661	0
-1111.73	-962.846	0
-1191.82	-921.24	0
-1171.4	-838.253	0
-1074.19	-855.837	0
-1151.91	-738.207	0
-1126.89	-826.52	0
-1332.57	-964.05	0
-1302.63	-930.618	0
-1198.35	-760.747	0
-1225.97	-697.302	0
-1262.29	-716.291	0
-1049.46	-697.648	0
-1211.14	-756.051	0
-1145.35	-635.769	0
-1155.82	-752.857	0
-1054.15	-869.407	0
-1028.3	-832.577	0
-1091.95	-894.738	0
-1077.63	-1038.03	0
-989.498	-1044.11	0
-936.37	-1081.97	0
-898.984	-1228.61	0
-1101.23	-1307.05	0
-928.578	-1293.11	0
-1033.88	-1213	0
-1024.11	-1270.92	0
-1021.02	-1405.19	0
-889.208	-1280.54	0
-1012.95	-1285.64	0
-706.591	-1279.12	0
-696.279	-1264.04	0
-919.498	-1301.21	0
-884.346	-1512.55	0
-840.054	-1442.51	0
-772.042	-1580.04	0
-825.941	-1529.28	0
-782.978	-1567.64	0
-835.86	-1537.64	0
-812.764	-1354.5	0
-766.528	-1316.62	0
-695.114	-1307.87	0
-787.274	-1366.19	0
-877.081	-1528.54	0
-734.081	-1458.9	0
-664.855	-1593.13	0
-690.874	-1491.54	0
-908.468	-1584.7	0
-808.204	-1498.63	0
-767.832	-1524.81	0
-835.782	-1452.43	0
-724.881	-1467.23	0
-860.474	-1480.62	0
-966.301	-1624.09	0
-966.126	-1560.39	0
-1129.29	-1302.04	0
-1016.23	-1095.38	0
-1163.32	-1200	0
-1238.73	-1004.74	0
-1510.36	-1044.57	0
-1577.5	-756.687	0
-1357.41	-1026.96	0
-1720.09	-898.873	0
-1579.93	-727.73	0
-1664.39	-521.666	0
-1694.16	-424.46	0
-1744.5	-541.41	0
-1879.44	-517.864	0
-1857.42	-518.617	0
-2018.75	-509.841	0
-2043.61	-631.137	0
-2053.89	-567.22	0
-2014.07	-764.233	0
-2101.04	-749.55	0
-2122.8	-899.139	0
-2001.93	-1041.34	0
-2062.55	-1124.84	0
-1810.44	-1023.18	0
-1746.78	-1022.03	0
-1714.92	-1136.46	0
-1698.01	-1102.8	0
-1717.36	-932.973	0
-1640.4	-930.25	0
-1435.3	-830.798	0
-1269.17	-704.956	0
-1309.88	-666.429	0
-1155.81	-562.767	0
-1050.56	-709.134	0
-1120.02	-757.13	0
-1120.31	-619.974	0
-1134.6	-639.512	0
-1098.02	-560.457	0
-1098.5	-594.988	0
-1158.01	-790.932	0
-1166.73	-581.674	0
-1183.66	-681.22	0
-1050.65	-763.753	0
-1071.34	-676.517	0
-821.034	-886.267	0
-1215.97	-850.433	0
-940.503	-1005.21	0
-980.826	-1038.54	0
-974.725	-978.517	0
-1107.61	-1043.81	0
-885.809	-928.693	0
-980.49	-1017.12	0
-900.719	-990.257	0
-939.462	-1067.01	0
-820.921	-1151.06	0
-894.415	-1089.44	0
-692.027	-884.084	0
-722.493	-796.062	0
-735.92	-728.483	0
-805.53	-799.016	0
-713.837	-784.425	0
-688.095	-834.768	0
-845.696	-834.778	0
-888.273	-882.65	0
-905.063	-801.859	0
-751.546	-860.301	0
-692.543	-1026.8	0
-658.155	-1091.9	0
-605.738	-1067.74	0
-604.101	-1003.23	0
-497.572	-954.405	0
-520.344	-1029.48	0
-536.224	-958.607	0
-530.081	-835.773	0
-557.482	-868.547	0
-485.407	-830.572	0
-545.49	-665.412	0
-379.578	-658.787	0
-560.494	-535.276	0
-477.989	-419.183	0
-712.302	-339.707	0
-668.411	-333.302	0
-553.018	-336.954	0
-479.82	-183.151	0
-604.866	-293.132	0
-538.641	-179.64	0
-612.681	-294.973	0
-445.434	-371.05	0
-441.653	-402.456	0
-462.178	-381.77	0
-556.446	-556.045	0
-540.943	-480.629	0
-668.229	-548.824	0
-517.276	-567.056	0
-395.962	-599.047	0
-556.926	-793.814	0
-552.262	-770.522	0
-707.86	-975.064	0
-626.59	-1059.64	0
-686.497	-853.851	0
-537.17	-984.768	0
-640.404	-930.812	0
-541.606	-1038.95	0
-523.891	-941.441	0
-445.833	-920.885	0
-718.301	-943.517	0
-489.044	-879.065	0
-510.024	-968.403	0
-445.82	-953.573	0
-601.026	-961.591	0
-450.97	-1001.81	0
-421.144	-1131.8	0
-425.274	-1088.21	0
-390.792	-1022.69	0
-355.672	-967.594	0
-415.244	-1027.68	0
-332.759	-1107.36	0
-386.198	-1062.31	0
-467.56	-1185.18	0
-408.339	-1190.36	0
-387.911	-1281.53	0
-483.792	-1192.84	0
-361.095	-1203.48	0
-323.298	-1293.17	0
-312.955	-1371.14	0
-387.422	-1309.52	0
-243.353	-1438.7	0
-245.179	-1286.18	0
-209.44	-1295.56	0
-297.376	-1411.5	0
-150.385	-1304.06	0
-176.029	-1275.46	0
16.6929	-1154.08	0
-125.698	-1162.26	0
-13.5807	-1372.99	0
19.5243	-1474.6	0
-46.515	-1321.02	0
-161.207	-1373.82	0
28.4253	-1282.02	0
-135.88	-1431.93	0
-70.0633	-1444.36	0
24.8908	-1247.9	0
90.2716	-1396.55	0
-77.9389	-1418.02	0
-14.2724	-1401.66	0
-0.471425	-1393.22	0
5.11204	-1417.88	0
11.3151	-1548.11	0
64.8331	-1665.45	0
243.85	-1640.48	0
164.114	-1709.06	0
395.183	-1721.83	0
462.807	-1714.73	0
440	-1703.21	0
433.274	-1726.31	0
424.335	-1848.42	0
396.625	-1908.79	0
489.342	-1935.85	0
415.105	-2079.44	0
456.417	-2129.27	0
464.67	-1924.97	0
457.73	-1992.89	0
436.707	-1882.31	0
376.781	-1949.06	0
543.795	-1990.11	0
471.159	-1768.45	0
481.915	-1798.77	0
463.967	-1667.13	0
418.57	-1854.05	0
369.262	-1832.54	0
469.041	-1977.59	0
444.081	-1979.42	0
703.313	-2055.99	0
760.825	-2030.38	0
659.906	-2115.15	0
798.068	-1784.74	0
739.165	-2007.41	0
772.981	-1857.09	0
759.816	-1714.83	0
831.338	-1632.84	0
618.074	-1514.02	0
707.392	-1533.59	0
578.603	-1440.33	0
596.528	-1356.55	0
747.817	-1382.9	0
599.85	-1555.78	0
638.288	-1405.54	0
673.537	-1474.84	0
488.538	-1309.24	0
557.467	-1289.5	0
468.79	-1361.01	0
350.306	-1434.46	0
399.221	-1351.1	0
417.779	-1440.95	0
438.451	-1195.62	0
482.762	-1312.24	0
445.845	-1385.47	0
589.296	-1409.41	0
666.783	-1071.24	0
684.594	-1350.36	0
678.589	-1349.43	0
676.105	-1395.23	0
488.302	-1380.09	0
505.236	-1539.22	0
516.278	-1543.66	0
682.393	-1534.82	0
573.779	-1625.77	0
647.398	-1583.49	0
806.084	-1641.41	0
824.878	-1657.57	0
823.21	-1621.91	0
900.863	-1540.3	0
850.537	-1489.02	0
889.184	-1583.38	0
837.943	-1610	0
1031.25	-1633.56	0
987.94	-1573.72	0
1208.68	-1535.06	0
1233.75	-1589.78	0
1326.45	-1514.63	0
1157.2	-1659.59	0
1299.15	-1705.6	0
1359.92	-1877.97	0
1374.52	-1671.41	0
1311.47	-1722.4	0
1317.77	-1600.8	0
1442.11	-1513.06	0
1264.41	-1799.43	0
1425.04	-1653.82	0
1418.07	-1673.05	0
1286.53	-1730.1	0
1349.22	-1944.39	0
1237.2	-1966.91	0
1558.19	-2141.82	0
1414.73	-2025.62	0
1518.83	-2186.38	0
1422.47	-2076.9	0
1627.95	-2063.95	0
1554.25	-2301.67	0
1659.72	-2401.26	0
1477.53	-2233.22	0
1617.63	-2066.41	0
1676.87	-2040.93	0
1706.5	-2051.97	0
1471.28	-2050.63	0
1615.44	-1874.74	0
1598.53	-2040.73	0
1646.37	-1932.59	0
1810.97	-2041.66	0
1700.61	-2101.05	0
1797.17	-1964.17	0
1650.2	-2142.02	0
1629.35	-2155.56	0
1615.86	-2242.95	0
1742.68	-2194.68	0
1681.39	-2042.63	0
1749.54	-2120.89	0
1714.81	-2073.91	0
1523.98	-2241.82	0
1720.17	-2319	0
1669.21	-2219.48	0
1651.86	-2331.84	0
1590.17	-2237.8	0
1560.93	-1911.91	0
1556.84	-1977.27	0
1452.82	-1963.68	0
1544.29	-2062.52	0
1618.21	-1901.64	0
1726.39	-1919.44	0
1810.73	-1948.91	0
1768.47	-2027.48	0
1746.22	-2062.42	0
1857.11	-1893.34	0
1948.85	-1987.21	0
1893.92	-1977	0
2071.38	-1802.57	0
1985.77	-1862.96	0
2017.58	-1725.58	0
2049.71	-1704.21	0
1985.86	-1694.62	0
1993.47	-1543.25	0
2116.81	-1552.23	0
2103.03	-1373.95	0
2105.87	-1506.37	0
2083.8	-1433.79	0
2113.42	-1465.91	0
2265.85	-1420.27	0
2268.62	-1641.28	0
2345.94	-1581.55	0
2220.89	-1540.28	0
2385.06	-1512.67	0
2394.96	-1426.26	0
2233.15	-1370.39	0
2286.53	-1618.55	0
2190.92	-1573.63	0
2244.16	-1360.91	0
2270.57	-1440.22	0
2384.68	-1488.23	0
2287.7	-1485.43	0
2442.09	-1477.53	0
2444.61	-1448.29	0
2569.82	-1392.05	0
2398.44	-1437.76	0
2581.25	-1430.11	0
2495.39	-1609.95	0
2624.75	-1679.24	0
2625.84	-1628.13	0
2522.55	-1773.18	0
2775.59	-1944.95	0
2721.46	-1787.7	0
2903.11	-1778.6	0
2723.12	-1772.88	0
2907.62	-1562.26	0
2565.49	-1641.82	0
2695.73	-1683.09	0
2646.54	-1591.55	0
2729.5	-1530.69	0
2690.03	-1547.09	0
2768.35	-1420.66	0
2600.52	-1570.99	0
2767.06	-1448.39	0
2723.74	-1559.1	0
2801.28	-1498.45	0
2882.13	-1431.28	0
2771.52	-1452.63	0
2846.57	-1406.06	0
2844.31	-1485.06	0
2697.5	-1446.55	0
2659.57	-1525.09	0
2738.48	-1370.26	0
2528.51	-1444.99	0
2628.16	-1506.62	0
2656.55	-1523.63	0
2737.47	-1490.27	0
2780.31	-1584.83	0
2884.49	-1331.11	0
2786.05	-1282.79	0
2805.32	-1247.52	0
2780.04	-1338.24	0
2683.08	-1117.85	0
2795.06	-1058.59	0
2643.01	-977.482	0
2581.68	-984.868	0
2660.47	-987.121	0
2735.83	-1108.37	0
2605.29	-1001.38	0
2588.14	-1133.47	0
2643.8	-1122.94	0
2507.76	-992.876	0
2528.97	-923.756	0
2424.38	-899.042	0
2579.57	-995.374	0
2568.63	-1072.06	0
2491.8	-1003.66	0
2446.11	-891.536	0
2689.15	-926.486	0
2546.97	-849.321	0
2836.7	-908.304	0
2676.11	-846.895	0
2625.12	-723.757	0
2844.64	-748.548	0
2658.78	-834.388	0
2802.11	-861.543	0
2764.55	-936.521	0
2945.26	-857.194	0
3060.51	-674.68	0
3006.93	-785.647	0
3048.93	-558.746	0
3070.75	-541.467	0
2845.23	-391.023	0
2921.79	-579.479	0
2983.29	-469.17	0
3151.87	-500.589	0
3077.1	-515.298	0
3086.04	-477.19	0
3126.33	-409.719	0
3084.16	-459.143	0
3161.51	-450.823	0
2972.89	-490.13	0
3325.07	-609.823	0
3200.22	-626.179	0
3283.56	-454.696	0
3088.45	-556.915	0
3093.01	-547.929	0
3143.59	-589.394	0
3088.9	-534.65	0
3137.46	-558.442	0
3139.42	-719.788	0
3204.94	-500.002	0
3035.49	-474.062	0
3040.74	-557.674	0
2924.54	-504.407	0
2927.25	-383.38	0
3067.81	-497.469	0
3015.03	-345.524	0
3004.98	-388.665	0
2861.81	-284.626	0
2789.25	-320.851	0
2688.91	-279.854	0
2720.52	-184.312	0
2576.81	-225.945	0
2470.47	-55.847	0
2467.12	-21.4085	0
2535.3	-224.585	0
2451.41	-33.4558	0
2481.18	-201.81	0
2528.66	-311.557	0
2474.35	-235.422	0
2506.45	-254.905	0
2540.6	-114.516	0
2568.13	-366.251	0
2529.73	-429.827	0
2525.32	-429.335	0
2508.79	-521.104	0
2405.84	-473.926	0
2412.44	-267.97	0
2390.02	-363.621	0
2215.31	-269.968	0
2219.2	-253.872	0
2134.8	-251.63	0
2208.36	-294.842	0
2062.87	-384.628	0
2057.62	-432.112	0
1892.39	-344.936	0
2038.64	-425.452	0
1780.96	-422.018	0
1912.64	-406.893	0
1909.68	-240.943	0
1951.38	-222.961	0
1882.25	-336.963	0
1739.19	-373.57	0
1870.35	-244.285	0
1926.77	-65.8269	0
1927.48	-38.9375	0
1999.54	-101.342	0
1978.5	-256.495	0
2007.03	-233.445	0
1887.26	-377.45	0
1891.32	-147.45	0
1921.93	-283.073	0
1952.45	-435.371	0
1892.83	-386.794	0
2018.95	-450.832	0
2076.18	-556.249	0
2108.93	-531.076	0
1997.97	-554.579	0
1918.82	-349.199	0
1789.84	-418.549	0
1778.02	-353.354	0
1891.26	-457.099	0
1994.79	-386.185	0
1780.81	-439.534	0
2008.42	-402.557	0
1913.21	-367.883	0
2092.33	-317.222	0
2027.81	-186.29	0
2220.98	-254.117	0
2263.04	-182.862	0
2205.55	-173.717	0
2233.65	-192.696	0
2059.4	-163.314	0
2188.85	-300.685	0
1964.3	-202.998	0
2126.88	-185.537	0
1934.45	5.74619	0
2161.9	13.315	0
1956.82	40.1294	0
2074.67	180.704	0
1979.15	106.973	0
2198.75	303.51	0
2105.56	264.621	0
1994.57	43.3693	0
2122.21	349.765	0
2087.96	318.626	0
2174.97	176.93	0
2047.39	160.845	0
2114.54	325.319	0
2225.65	377.569	0
2085.36	514.862	0
2213.44	463.603	0
2250.75	475.795	0
2293.58	452.975	0
2362.07	623.249	0
2596.68	417.753	0
2550.18	524.736	0
2566.6	419.724	0
2641.71	434.436	0
2665.11	708.858	0
2683.51	677.696	0
2792.81	653.428	0
2895.13	671.701	0
2879.47	551.62	0
2742.43	671.302	0
2648.48	656.114	0
2665.86	609.19	0
2730.21	583.976	0
2682.14	532.903	0
2857.85	598.538	0
2920.89	626.271	0
2785.23	595.768	0
2901.76	660.402	0
2800.71	624.481	0
2880.26	793.153	0
2862.02	751.326	0
2866.51	714.874	0
2882.57	751.354	0
3014.22	747.365	0
2811.52	589.719	0
2783.27	587.278	0
2731.55	883.625	0
3081.3	637.524	0
3026.23	705.816	0
3060.61	689.037	0
2962.1	711.294	0
2869.46	778.902	0
3122.5	874.796	0
2727.23	891.248	0
2844.25	853.325	0
2678.91	715.138	0
2803.5	841.225	0
2817.49	725.787	0
2819.5	777.325	0
2710.83	643.06	0
2879.79	708.095	0
2899.45	638.781	0
2616.44	648.158	0
2775.89	658.816	0
2695.57	635.187	0
2511.41	812.011	0
2632.39	1042.04	0
2703.72	979.155	0
2799.9	1102.04	0
2786.18	1004.56	0
2847.48	1019.89	0
2951.73	913.458	0
2919.21	959.252	0
2754.96	931.347	0
2742.9	941.871	0
2686.69	949.967	0
2806.71	964.87	0
2803.39	1093.41	0
2875.13	927.443	0
3053.87	999.328	0
3082.46	957.058	0
3001.87	1223.19	0
3100.95	1068.88	0
2975.79	956.875	0
2830.6	1061.92	0
2847.52	953.289	0
2708.58	1227.54	0
2739.92	1209.05	0
2865.41	1221.07	0
2728.58	1134.57	0
2732.89	1229.45	0
2655	1321.91	0
2497.31	1396.68	0
2296.94	1408.18	0
2340.98	1466.8	0
2230.14	1488.42	0
2254.88	1590.28	0
2328.32	1512.09	0
2243.49	1661.96	0
2382.86	1750.15	0
2418.08	1732.92	0
2390.05	1793.08	0
2298.47	1770.28	0
2334.65	1587.14	0
2279.1	1538.25	0
2262.54	1590.88	0
2174.98	1563.92	0
2319.12	1543.16	0
2375.19	1677.57	0
2477.3	1804.12	0
2411.11	1679.45	0
2373.48	1566.53	0
2141.86	1612.73	0
2308.85	1536.62	0
2272.01	1425.13	0
2276.73	1592.03	0
2332.49	1657.9	0
2292.87	1614.08	0
2145.57	1768.85	0
2195.62	1850.7	0
2149.24	1690.97	0
2031.6	1622.31	0
2100.44	1604.95	0
1980.25	1614.63	0
2111.79	1585.53	0
1954.24	1551.67	0
1999.94	1694.46	0
1872.14	1593.64	0
1781.33	1520.95	0
1865.11	1451.72	0
1929.69	1471.47	0
1766.06	1784.64	0
1923.92	1603.98	0
1986	1710.23	0
1977.46	1853.41	0
2013.12	1907.28	0
2070.99	1698.38	0
2110.86	1677.17	0
2044.57	1704.47	0
2136.63	1742.71	0
2075.1	1706.96	0
1856.06	1847.78	0
2094.55	1633.48	0
2094.73	1563.13	0
1987.8	1500.43	0
2058.79	1421.81	0
2120.6	1514.14	0
2286.34	1660.7	0
2291.05	1711.91	0
2221.04	1775.47	0
2229.96	1768.87	0
2225.74	1975.3	0
2393.28	2101.06	0
2253.15	1912.71	0
2230.35	2165.87	0
2171.62	2068.94	0
2261.77	2109.38	0
2244.45	2003.86	0
2080.64	2059.61	0
2141.35	2106.85	0
2051.99	2042.26	0
2069.21	2082.5	0
2328.06	2013.61	0
2170.59	1996.92	0
2107.24	2132.04	0
2204.01	1997.62	0
2293.85	2134.1	0
2097.56	1923.83	0
2039.44	2224.31	0
1971.39	2150.34	0
2212.3	2206.31	0
1929.12	2274.34	0
1994.69	2339.73	0
1900.82	2438.46	0
1830.13	2159.18	0
1976.15	2119.53	0
1923.74	2262.27	0
1860.69	2102.03	0
1775.11	2116.93	0
1842.34	2181.41	0
1850.64	2069.13	0
1885.1	2345.38	0
1845.71	2288.97	0
1829.86	2420.14	0
1938.4	2315.2	0
1795.01	2361.75	0
1741.13	2262.25	0
1634.02	2278.89	0
1610.38	2384.52	0
1597.37	2271.33	0
1795.16	2228.76	0
1935.97	2207.29	0
1892	2316.31	0
1908.67	2307.63	0
2157.8	2281.34	0
1909.26	2553.73	0
2160.1	2484.93	0
2033.57	2356.78	0
1911.98	2538.55	0
1933.15	2376.9	0
2036.2	2417.15	0
1994.18	2367.56	0
1864.13	2353.99	0
1808.01	2397.13	0
1758.7	2390.33	0
1702.13	2497.46	0
1737.97	2426.38	0
1819.04	2598.04	0
1842.73	2347.99	0
1691.73	2625.79	0
1688.4	2573.27	0
1588.45	2647.76	0
1548.06	2701.66	0
1525.8	2745.95	0
1611.93	2742.83	0
1596.32	2603.62	0
1656.23	2749.43	0
1803.96	2639.55	0
1820.32	2629.01	0
1702.75	2568.15	0
1824.48	2647.32	0
1862.2	2654.79	0
1702.04	2683.92	0
1819.51	2520.37	0
1864.49	2634.77	0
1822.01	2617.27	0
1734.93	2542.42	0
1891.34	2570.76	0
1627.82	2612.59	0
1506.45	2601.1	0
1598.27	2551.62	0
1604.4	2635.23	0
1566.41	2603.72	0
1647.69	2569.8	0
1580.54	2535.71	0
1504.02	2612.7	0
1485.86	2552.55	0
1274.85	2667.1	0
1308.2	2557.93	0
1106.11	2636.44	0
1206.72	2466.96	0
1087.86	2640.6	0
1020.97	2698.25	0
982.835	2644.94	0
1049.48	2769.07	0
884.041	2597.3	0
950.806	2674.14	0
798.64	2616.2	0
630.829	2591.76	0
738.645	2601.1	0
678.196	2710.26	0
850.511	2664.89	0
776.825	2707.59	0
749.162	2759.87	0
800.65	2895.96	0
805.236	2844.27	0
732.393	2871.6	0
753.425	2794.47	0
848.017	2935.72	0
844.642	3025.67	0
793.641	3081.83	0
759.218	2984.36	0
736.128	3163.68	0
811.908	3083.2	0
919.753	3121.43	0
813.327	3005.97	0
961.121	3088.28	0
787.174	2908.66	0
865.3	3183.79	0
720.129	3012.01	0
763.07	2946.61	0
762.874	2889.55	0
861.474	3036.63	0
831.516	3178.63	0
693.05	3102.1	0
704.23	3123.22	0
622.463	3110.45	0
710.162	2921.57	0
736.42	2928.76	0
743.62	2885.48	0
710.582	2813.19	0
671.047	2727.09	0
832.243	2772.02	0
771.847	2848.95	0
1009	2752.52	0
931.083	2806.17	0
882.066	2738.28	0
1010.99	2801.57	0
1198.77	2904.53	0
1131.89	2863.98	0
1271.48	2897.17	0
1274.98	3055.89	0
1428.69	3228.94	0
1414.21	3184.8	0
1576.61	3215.79	0
1444.6	3182.71	0
1418.93	3184.3	0
1283.88	3154.54	0
1308.29	3065.85	0
1306.27	3182.8	0
1331.63	3282.57	0
1292.73	3326.16	0
1504.42	3394.63	0
1644.65	3245.99	0
1805.26	3362.38	0
1809.92	3190.68	0
1930.92	3444.33	0
1826.01	3222.77	0
1973.42	3126.9	0
1879.43	3157.93	0
1951.43	2886.17	0
1972.19	2962.72	0
1921.83	2801.99	0
1946.2	2679.21	0
1859.36	2716.86	0
1968.81	2753.57	0
1946.99	2797.58	0
1988.47	2901.65	0
2018.58	3033.46	0
1977.77	2934.07	0
1967.58	2763.5	0
1940.31	2803.48	0
1961.18	2902.71	0
1881.93	2919.72	0
1806.73	2958.61	0
1854.48	2997.27	0
1680.66	2897.46	0
1863.85	2932.24	0
2011.3	2987.58	0
1919.28	3009.69	0
2152.93	3095.08	0
2024.94	3323.34	0
1900.85	3378.21	0
1922.12	3518.11	0
1939.54	3490.94	0
1893.82	3508.66	0
1929.86	3508.24	0
2008.11	3584.4	0
1769.84	3710.09	0
1852.69	3694.6	0
1808.18	3796.08	0
1975.16	3698.62	0
1844.11	3722.74	0
1808.25	3747.05	0
1764.56	3765.89	0
1824.68	3887.89	0
2005.44	3920.14	0
1875.81	3929.67	0
1801.69	3722.39	0
1870.58	3839.59	0
2062.55	3906.34	0
2002.19	4026.05	0
2142.41	4229.59	0
2186.84	4076.42	0
2091.78	4158.54	0
2256.54	4078.33	0
2240.94	4166.25	0
2036.09	4186.73	0
2281.69	4135	0
2144.44	4150.26	0
2135.54	4176.42	0
2109.65	4198.85	0
2160.53	4120.09	0
2591.95	4154.38	0
2614.4	4034.08	0
2608.13	4065.94	0
2649.17	4061.53	0
2675.32	4042.13	0
2642.98	4066.51	0
2719.49	3894.67	0
2714.3	3995.64	0
2801.13	3927.16	0
2752.74	3880.56	0
2867.82	3879.38	0
2681.54	3967.18	0
2884.64	3968.67	0
2848.39	3987.18	0
2819.12	3966.27	0
2837.29	3951.57	0
2803.59	4059.84	0
2836.43	4150.57	0
2668.34	4122.64	0
2798.62	4001.7	0
2793.09	4069.74	0
2765.74	4073.53	0
2937.28	4128.26	0
2912.15	4018.06	0
2887.38	3943.38	0
2812.54	4176.17	0
2833.64	4179.05	0
2871.92	4042.15	0
2831.14	4101.37	0
2792.93	4119.7	0
2843.78	4369.25	0
2942.65	4339.98	0
2934.08	4395.03	0
2991.19	4359.27	0
2879.28	4466.07	0
2809.51	4429.05	0
2653.7	4480.6	0
2626.06	4511.67	0
2582.09	4587.09	0
2476.52	4601.17	0
2474.58	4726.08	0
2458.15	4835.43	0
2427.02	4782.73	0
2305.13	4866.01	0
2253.83	4789.6	0
2296.32	5072.62	0
2128.33	4842.34	0
2041.7	4926.33	0
2040.99	4944.41	0
2094.62	4834.67	0
2136.68	4935.66	0
1934.68	4784.07	0
2042.62	4828.08	0
2001.67	4837.97	0
2106.57	4897.93	0
2087.98	4780.79	0
2117.73	4849.93	0
2215.7	4843.44	0
2177.29	4949.88	0
2267.04	4980.52	0
2148.14	5137.87	0
2138.95	5105.43	0
2081.65	5055.81	0
2032.62	4886.96	0
2149.3	4862.6	0
2187.63	4684.58	0
2322.65	4717.2	0
2192.85	4591.37	0
2225.29	4350.69	0
2384.8	4403.21	0
2348.36	4469.73	0
2417.56	4526.2	0
2324.89	4587.04	0
2505.02	4644.07	0
2453.16	4779.64	0
2549.56	4621.15	0
2534.66	4718.61	0
2604.11	4763.89	0
2292.47	4859.44	0
2179.33	4926.4	0
2092.23	5045.27	0
2117.78	4817.71	0
2111.74	4906.27	0
2083.45	4877.48	0
2096.49	4875.66	0
2044.15	4974.06	0
2065.85	4907.95	0
2308.23	4769.82	0
2314.28	4824.48	0
2461.77	4892.19	0
2563.44	4829.81	0
2423.59	5035.08	0
2557.09	4891.1	0
2522.69	4987.89	0
2479.17	4975.4	0
2550.29	4939.29	0
2616.16	5051.63	0
2543.73	4868.75	0
2231.75	5038.73	0
2191.54	5018.63	0
2374.51	4931.03	0
2408.61	5023.35	0
2397.09	4831.48	0
2547.44	4865.98	0
2460.2	4886.44	0
2400.66	5032.51	0
2480.2	5101.23	0
2215.86	5115.73	0
2305.44	5101.73	0
2125.68	5291.87	0
2140.69	5121.51	0
2258.63	5058.94	0
2099.17	5078.96	0
1975.25	4981.91	0
1882.32	4894.27	0
1985.49	4881.43	0
2105.03	4797.12	0
1830.92	4695.52	0
2087.33	4802.94	0
2027.89	4728.67	0
1989.58	4756.91	0
1892.06	4883.36	0
1850.4	4663.37	0
1604.26	4983.68	0
1875.4	5025.56	0
1747.3	4987.48	0
1648.54	5154.25	0
1667.28	5144.28	0
1527.25	5049.54	0
1581.22	5114.99	0
1568.04	5085.99	0
1502.99	5241.58	0
1434.58	5242.85	0
1575.76	5232.07	0
1518.87	5129.18	0
1464.82	5141.71	0
1351.89	5043.31	0
1428.74	4955.62	0
1239.36	4796.69	0
1147.01	4889.75	0
1122.36	4801.56	0
1217.09	4892.83	0
1257.9	4755.02	0
1430.75	4795.49	0
1477.01	4642.62	0
1478.99	4707.96	0
1496.93	4771.65	0
1541.27	4792.66	0
1467.87	4757.87	0
1507.64	4610.2	0
1480.42	4587.29	0
1330.5	4351.88	0
1314.29	4608.7	0
1188.78	4540.28	0
1133	4518.53	0
1275.42	4467.08	0
1212.58	4461.64	0
1161.71	4233.08	0
1029.73	4287.18	0
1226.28	4102.92	0
1262.05	4148.49	0
1136.61	4167.98	0
1070.02	4130.52	0
1029.18	4074.84	0
1034.35	4095.61	0
947.565	3873.37	0
1285.82	3955.72	0
1183.68	3992.53	0
1229.38	4038.4	0
1307.93	4185.54	0
1205.74	4076.16	0
995.333	4056.87	0
875.377	4244.71	0
1005.76	4252.74	0
1144.89	4362.63	0
1121.94	4432.16	0
1383.41	4499.39	0
1196.92	4541.3	0
1158.58	4691.02	0
1361.33	4468.04	0
1305.58	4475.86	0
1087.3	4702.65	0
1265.89	4669.86	0
1169.36	4686.64	0
1244.96	4763.09	0
1331.55	4428.85	0
1305.33	4452.16	0
1432.16	4317.58	0
1417.13	4341.81	0
1148.17	4384.79	0
1057.23	4333.74	0
1109.56	4039.8	0
1143.15	4293.65	0
1095.68	4271.4	0
1008.16	4291.6	0
1096.49	4262.36	0
1148.02	4369.65	0
1312.23	4465.22	0
1234.98	4366.27	0
1328.08	4618.87	0
1343.89	4791.44	0
1301.74	4671.18	0
1223.43	4648.09	0
1166.14	4676.06	0
1273.42	4600.02	0
1248.82	4468.62	0
1234.94	4586.81	0
1119	4512.68	0
1160.66	4579.98	0
1339.48	4568.07	0
1188.43	4530.66	0
1270.15	4552.25	0
1273.64	4379.24	0
1261.26	4393.69	0
1405.71	4419.53	0
1380.93	4381.56	0
1401.62	4430.93	0
1325.03	4427.49	0
1564.92	4467.52	0
1515.46	4503.11	0
1472.24	4460.53	0
1680.56	4423.16	0
1740.14	4423.24	0
1503.26	4226.17	0
1371.42	4289.93	0
1572.9	4187.69	0
1515.79	4119.35	0
1611.31	4076.27	0
1599.02	4118.85	0
1545.13	3959.58	0
1537.4	4098.72	0
1604.38	4127.52	0
1651.61	4044.07	0
1775.96	4020.39	0
1753.04	3986.67	0
1778.63	3814.17	0
1902.06	3902.06	0
1761.7	3804.9	0
1861.94	3516.47	0
1669.5	3616.02	0
1861.06	3612.57	0
1737.91	3666.6	0
1906.02	3579.58	0
1756.34	3669.22	0
1744.94	3634.93	0
1580.89	3593.15	0
1409.42	3583.28	0
1562.6	3629.31	0
1679.34	3499.87	0
1639.79	3463.67	0
1511.57	3647.7	0
1753.42	3623.86	0
1820.42	3801.84	0
2018.91	3641.65	0
2216.8	3487.37	0
1987.14	3467.13	0
2108.75	3408.73	0
1979.8	3393.95	0
1934.79	3381.75	0
1589.67	3356.69	0
1615.64	3426.93	0
1550.97	3501.02	0
1450.8	3462.74	0
1335.28	3662.13	0
1451.93	3631.14	0
1567.93	3629.57	0
1602.44	3881.84	0
1567.48	3935.04	0
1211.66	3846.82	0
1498.1	3733.02	0
1521.97	3907.63	0
1496.08	3708.87	0
1420.05	3704.17	0
1347.63	3445.3	0
1386.9	3788.16	0
1404.59	3548.95	0
1501.22	3527.15	0
1351.25	3636	0
1509.4	3579.35	0
1648.6	3478.56	0
1534.61	3370.93	0
1543.94	3405	0
1417.92	3317.6	0
1440.45	3593.44	0
1342.6	3292.92	0
1475.13	3163.11	0
1567.06	3239.92	0
1396.48	3260.87	0
1421.75	3231.7	0
1252.4	3181.94	0
1419.8	3364.12	0
1407.89	3304.71	0
1563.98	3401.49	0
1756.17	3542.95	0
1765.73	3551.14	0
1649.18	3501.51	0
1680.99	3465.44	0
1672.17	3521.8	0
1770.64	3269.14	0
1553.31	3248.86	0
1748.39	3268.46	0
1650.82	3416.53	0
1446.54	3026.74	0
1592.62	2963.19	0
1527.31	2889.62	0
1575.88	2872.81	0
1549.32	2840.2	0
1446.37	2914.41	0
1156.43	2950.25	0
1204.32	2991.82	0
1098.33	3066.2	0
1081.61	3025.13	0
1280.1	2999.02	0
1242.93	3061.55	0
1265.46	3046.32	0
1368.12	3025.67	0
1457.21	3189.05	0
1512.77	3220.89	0
1467.18	3324.85	0
1423.79	3302.46	0
1468.96	3379.15	0
1498.59	3294.32	0
1505.91	3279	0
1628.97	3276.62	0
1582.9	3111.92	0
1552.65	2880.08	0
1688.13	2995.97	0
1494.68	3065.89	0
1580.37	3282.72	0
1551.62	3177.27	0
1722.59	3255.35	0
1789.99	3240.9	0
1820.06	3375.36	0
1814.68	3437.66	0
1870.58	3436.8	0
1737.03	3414.37	0
1629.46	3417.55	0
1613.6	3536.68	0
1737.5	3553.94	0
1798.02	3461.58	0
1740.67	3281.55	0
1872.13	3208.57	0
1876.36	3261.95	0
1895.45	3344.1	0
1880.28	3233.35	0
2076.37	3311.7	0
2073.84	3427.35	0
2051.3	3369.85	0
2148.85	3167.6	0
1858.18	3450.49	0
1975.2	3275.9	0
1817.81	3211.97	0
1747.63	3219.93	0
1677.36	3251.5	0
1797.65	3143.31	0
1464.08	3327.59	0
1418.21	3226.21	0
1494.27	3263.76	0
1382.51	3131.54	0
1582.66	3347.25	0
1487.89	3391.64	0
1662.96	3453.62	0
1484.03	3501.35	0
1545.06	3517.51	0
1431.65	3581.5	0
1373.74	3397.78	0
1134.9	3302.27	0
1127.51	3508.33	0
1156.45	3504.29	0
1126.45	3497.52	0
1205.02	3625.55	0
1232.98	3590.81	0
1149.09	3554.68	0
1156.28	3441.06	0
1117.7	3509.18	0
1122.61	3539.1	0
1129.17	3568.1	0
1091.1	3284.04	0
1223.56	3391.18	0
1249.73	3357.15	0
1182.22	3371.83	0
1123.19	3346.1	0
958.719	3300.93	0
1130.59	3259.24	0
1260.85	3335.53	0
1082	3509.78	0
1138.65	3349.09	0
1189.87	3347.17	0
1240.79	3537.75	0
1100.7	3323.07	0
1121.46	3555.26	0
1233.68	3503.2	0
1354.25	3508.53	0
1454.82	3419.11	0
1372.66	3670.38	0
1346.39	3517.07	0
1354.32	3489.75	0
1350.8	3452.63	0
1310.12	3556.45	0
1409.02	3349.17	0
1617.6	3449.11	0
1667.42	3328.7	0
1714.29	3153.31	0
1522.4	3127.01	0
1591.01	3069.07	0
1420.39	3013.59	0
1562.51	3103.66	0
1603.12	3007.25	0
1585.63	3046.58	0
1702.59	3096.4	0
1655.76	2966.9	0
1688.42	2970.02	0
1763.52	2956.23	0
1948.09	2971.56	0
1921	3117.83	0
1973.52	3147.35	0
2049.49	3041.31	0
2138.26	3118.94	0
2264.72	3208.3	0
2406.55	3199.59	0
2467.38	3153.8	0
2311.12	3029.83	0
2165.81	2986.18	0
2194.2	3091.84	0
2348.18	3270.13	0
2217.03	3334.38	0
2302.84	3524.46	0
2197.12	3306.84	0
2024.15	3367.67	0
2071.04	3376.24	0
1975.65	3258.7	0
2049.63	3447.08	0
2056.22	3404.42	0
2065.41	3446.72	0
1806.33	3411.04	0
1803.68	3574.5	0
1828.73	3627.21	0
1859.44	3608.92	0
1889.89	3678.98	0
1842.43	3620.57	0
1947.21	3518.03	0
2024.78	3649.29	0
1974.16	3742.12	0
1990.22	3752.71	0
1999.39	3861.86	0
2014.46	3724.04	0
1959.07	3779.73	0
2057.34	3816.43	0
1944.14	3596.06	0
1973.6	3611.78	0
1864.63	3831.59	0
1992.14	3557.88	0
2007.22	3565.34	0
1953.48	3702.05	0
1974.4	3781.82	0
1850.02	3692.88	0
1923.65	3753.52	0
1728.2	3710.18	0
1837.87	3664.2	0
1810.23	3655.73	0
1862.28	3733.97	0
1711.94	3652.66	0
1525.97	3643.48	0
1551.09	3471.88	0
1570.45	3689.2	0
1650.91	3559.85	0
1462.25	3434.03	0
1656.59	3640.9	0
1557.88	3567.31	0
1586.01	3598.73	0
1673.9	3526.32	0
1773.17	3488.32	0
1784.71	3530.63	0
1916.34	3632.74	0
2008.14	3608.05	0
1980.88	3727.72	0
2013.55	3663.67	0
2105.87	3556.36	0
2095.5	3500.52	0
1967.41	3452.02	0
2049.9	3316.38	0
2181.64	3331.68	0
2077.49	3282.36	0
2184.82	3383.48	0
2124.86	3454.55	0
1887.73	3667	0
1980.6	3608.73	0
1928.86	3635.23	0
1876.25	3881.5	0
2004.13	3556.57	0
1916.33	3537.31	0
1952.55	3494.54	0
1883.04	3590.92	0
1783.01	3402.32	0
1891.69	3550.78	0
1880.62	3410.73	0
1869.58	3312.01	0
2072.76	3315.57	0
1819.54	3246.3	0
1779.1	3332.92	0
1874.48	3286.75	0
1833.18	3500.74	0
1799.74	3321.81	0
1921.58	3339.49	0
1741.23	3297.42	0
1685.88	3382.28	0
1901.77	3308.63	0
1793.1	3318	0
2060.62	3478.77	0
1726.21	3401.96	0
1777.68	3424.35	0
1768.76	3351.65	0
1825.76	3271.16	0
1769.7	3254.23	0
1740.76	3217.12	0
1734.07	3178.25	0
1964.81	3210.3	0
1946.87	3245.76	0
1978.31	3150.56	0
2127.82	3218.93	0
2008.09	3058.44	0
2000.63	2935.03	0
2068.37	2857.04	0
1920.54	2865.23	0
2163.28	3058.46	0
2108.88	2931.32	0
2192.13	2915.67	0
2265.37	2840.22	0
2347.16	2861.8	0
2182.21	2977.22	0
2144.29	3042.32	0
2256.99	3056.47	0
2191.79	3286.36	0
2318.04	3308.7	0
2476.67	3095.64	0
2400.11	3051.67	0
2379.59	3044.18	0
2545.7	3129.04	0
2331.13	3077.41	0
2264.54	3096.03	0
2321.23	3051.03	0
2468.13	3091.87	0
2514.77	2862.75	0
2237.36	2877.7	0
2316.47	2894.03	0
2258.03	2770.97	0
2079.46	2638.6	0
2222.19	2760.84	0
2174.37	2780.19	0
2081.47	2636.34	0
2234.87	2674.11	0
2264.3	2515.88	0
2178.09	2402.3	0
2110.62	2320.24	0
2011.81	2241.75	0
2139.39	2203.13	0
2032.29	2249.8	0
2008.56	2343.17	0
1959.37	2186.05	0
2004.03	2114.15	0
2124.95	2307.52	0
2016.89	2284.44	0
2097.69	2372.93	0
1788.29	2300.71	0
1858.03	2480.83	0
1762.99	2503.5	0
1717.66	2493.86	0
1764.09	2392.42	0
1715.06	2370.76	0
1806.8	2444.39	0
1704.37	2436.87	0
1632.54	2572.6	0
1673.72	2349.5	0
1750.88	2392.24	0
1638.72	2352.87	0
1630.48	2402.1	0
1728.16	2415.63	0
1583.6	2427.89	0
1619.12	2297.27	0
1591.95	2411.75	0
1659.95	2260.13	0
1863.95	2250.74	0
1712.5	2218.96	0
1793.98	2254.15	0
1741.43	2318.32	0
1816.09	2340.94	0
1665.28	2446.03	0
1663.15	2496.35	0
1747.6	2516.68	0
1570.15	2602.92	0
1699.86	2696.9	0
1677.31	2755.26	0
1899.47	2725.08	0
1720.49	2621.64	0
1909.58	2555.99	0
1664.22	2712.48	0
1881.4	2474.73	0
1747.83	2570.31	0
1737.04	2550.84	0
1826.65	2434.33	0
1626.97	2462.57	0
1956.47	2593.41	0
1843.2	2607.79	0
1945.94	2501.57	0
1921.11	2479.98	0
2078.78	2596.24	0
2065.78	2472.36	0
1915.7	2466.63	0
1897.28	2437.88	0
1851.06	2311.86	0
1998.56	2435.12	0
1867.09	2371.1	0
1871.16	2173.9	0
1826.95	2269.76	0
1804.72	2194.46	0
1867.91	2224.99	0
1838.35	2188.42	0
1977.95	2255.01	0
1825.12	2211.45	0
1973.97	2267.93	0
1813.77	2385.36	0
1985.57	2095.33	0
2065.86	2376.41	0
2094.33	2266.99	0
2074.02	2250.42	0
2057.52	2201.96	0
2068.15	2223.06	0
2140.43	2195.66	0
2276.34	2024.2	0
2311.55	2116.93	0
2318.72	2027.16	0
2119.63	1954.05	0
2152.89	2115.57	0
2253.58	2001.95	0
2187.1	2009.05	0
2288.27	2000.1	0
2309.05	1899.81	0
2258.22	1981.73	0
2184.81	1857.94	0
2206.8	1998.64	0
2326.31	1974.72	0
2413.05	2095.98	0
2503.08	1896.41	0
2494.09	1763.35	0
2639.08	1917.74	0
2547.36	1831.72	0
2505.63	1878.85	0
2512.11	1749.69	0
2274.31	1737.67	0
2621.31	1725.36	0
2617.94	1690.33	0
2554.6	1753.18	0
2506.02	1528.14	0
2484.66	1487.11	0
2338.82	1588.56	0
2327.89	1469.69	0
2242.24	1601.74	0
2015.78	1459.2	0
2232.99	1605.29	0
2207.23	1546.85	0
2278.74	1560.13	0
2186.76	1536.07	0
2130.29	1360.24	0
2281	1184.01	0
2124.53	1215.32	0
2289.35	1239.6	0
2257.73	1113.26	0
2256.98	1207.18	0
2234.2	1234.17	0
2400.9	1283.71	0
2436.26	1292.03	0
2357.8	1274	0
2413.21	1310.1	0
2389.19	1562.23	0
2418.07	1555.45	0
2461.35	1547.43	0
2685.89	1614.04	0
2526.27	1637.01	0
2610.83	1501.75	0
2782.39	1521.46	0
2660.65	1584.15	0
2801.28	1464.88	0
2877.64	1387.51	0
2901.35	1435.51	0
2869.42	1182.38	0
2982	1258.3	0
3040.62	1250.02	0
2891.93	1291.83	0
3053.67	1459.07	0
2965.39	1245.52	0
3138.09	1344.79	0
3144.45	1287.25	0
3265.9	1250.29	0
2930.61	1387.02	0
3054.94	1338.19	0
2863.68	1357.29	0
2941.85	1366.22	0
2796.97	1391.77	0
2818.22	1408.64	0
2870.62	1304.1	0
2771.61	1361.94	0
2853.85	1328	0
2877.7	1478.6	0
2829.15	1392.21	0
2830.19	1186.8	0
2789.38	1255.04	0
2675.67	1096.03	0
2578.12	1151.92	0
2958.78	1003.56	0
2728.04	1012.18	0
3030.2	938.221	0
3031.35	1081.4	0
2906.34	1175.04	0
2860.25	1027.12	0
2819.07	994.282	0
2660.57	831.841	0
2761.79	1038.77	0
2980.75	928.299	0
3071.44	1037.48	0
3108.88	997.367	0
3229.58	904.452	0
3078.46	919.788	0
3174.31	772.568	0
3266.72	705.108	0
3238.99	636.855	0
3226.99	652.936	0
3159.64	568.241	0
3145.27	634.937	0
3025	649.668	0
3209.05	762.201	0
3177.52	746.213	0
3129.1	668.774	0
3197.68	799.431	0
3393.03	736.144	0
3343.87	591.009	0
3419.48	648.884	0
3427.67	742.441	0
3501.68	676.414	0
3582.06	729.585	0
3615.95	676.225	0
3623.58	577.038	0
3683.45	616.746	0
3618.58	427.015	0
3556.99	388.354	0
3583.61	545.249	0
3818.47	455.567	0
3820.13	473.869	0
3835	370.236	0
3902.46	367.316	0
4043.67	423.188	0
3835.1	332.085	0
3922.74	208.639	0
3902.05	229.726	0
3662.82	266.227	0
3812.17	502.133	0
3701.42	350.386	0
4007.66	415.126	0
3895.42	439.89	0
4080.42	342.46	0
4043.93	248.96	0
3987.54	378.037	0
4056.86	125.197	0
3936.21	78.7937	0
3870.19	260.197	0
3984.05	88.2357	0
3895.78	55.3445	0
3659.92	-61.9531	0
3703.71	-142.024	0
3719.15	-18.5874	0
3614.37	-123.416	0
3770.14	-203.419	0
3830.06	-248.208	0
3876.77	-461.975	0
3692.36	-247.692	0
3664.03	-562.303	0
3656	-537.122	0
3681.52	-479.167	0
3813.13	-555.522	0
3666.55	-710.834	0
3839.84	-716.236	0
3753.43	-652.098	0
3689.85	-757.923	0
3838.06	-793.895	0
3712.98	-722.536	0
3755.42	-760.824	0
3836.61	-803.213	0
3884.7	-699.308	0
3927.42	-773.118	0
3819.68	-973.54	0
3825	-1024.16	0
3687.46	-1006.66	0
3692.95	-1102.32	0
3604.48	-1056.84	0
3560.01	-1094.53	0
3519.18	-1091.27	0
3584.49	-1003.28	0
3606.16	-1026.1	0
3406.25	-1057.58	0
3422.58	-818.6	0
3305.9	-869.705	0
3487.42	-952.076	0
3247.59	-1007.06	0
3325.52	-1010.46	0
3329	-1257.35	0
3384.95	-1079.55	0
3371.16	-1234.95	0
3395.27	-1207.26	0
3464.95	-1314.38	0
3538.93	-1384.25	0
3528.43	-1439.37	0
3491.95	-1579.61	0
3496.84	-1485.39	0
3388.41	-1335.3	0
3454.79	-1267.95	0
3451.98	-1333.99	0
3506.46	-1387.12	0
3511.75	-1394.4	0
3661.01	-1387.75	0
3731.86	-1342.45	0
3810.29	-1397.3	0
3680.24	-1435.49	0
3772.89	-1463.02	0
3777.41	-1488.73	0
3796.06	-1394.97	0
3693.83	-1426.98	0
3901.65	-1608.03	0
3813.44	-1368.34	0
4074.83	-1384.35	0
3923.39	-1405.6	0
3749.14	-1321.84	0
3789.6	-1436.27	0
3759.1	-1531.89	0
3933	-1491.84	0
4016.55	-1435.11	0
4135.54	-1344.35	0
3951.1	-1522.23	0
3965.54	-1548.8	0
3864.78	-1545.85	0
3796.11	-1575.63	0
3971.8	-1346.9	0
3907.32	-1370.38	0
3871.74	-1428.83	0
3800.08	-1523.45	0
3462.18	-1530.36	0
3536.68	-1562.76	0
3407.98	-1593.9	0
3449.83	-1581.06	0
3453.27	-1568.66	0
3472.88	-1658.58	0
3495.03	-1569.15	0
3692.7	-1562.9	0
3765.05	-1602.99	0
3650.7	-1607.67	0
3823.85	-1736.95	0
3773.65	-1721.6	0
3768.7	-1584.83	0
3785.8	-1507.62	0
3816.41	-1501.25	0
3771.91	-1467.86	0
3654.85	-1604.87	0
3781.43	-1624.64	0
3756.54	-1751.31	0
3707.75	-1798.43	0
3660.36	-1742.12	0
3615.15	-1784.96	0
3647.97	-1757.43	0
3660	-1748.15	0
3743.01	-1756.77	0
3636.96	-1709.83	0
3724.33	-1691.07	0
3617.74	-1718.9	0
3556.51	-1858.46	0
3492.54	-1794.03	0
3502.3	-1729.18	0
3573.1	-1879.06	0
3614.45	-1743.43	0
3734.74	-1834.93	0
3670.63	-1752.99	0
3737.05	-1769.26	0
3786.54	-1741.32	0
3613.35	-1771.42	0
3750.51	-1648.96	0
3529.92	-1761.74	0
3664.77	-1935.3	0
3507.99	-1863.33	0
3595.43	-1934.65	0
3498.59	-1834.7	0
3503.47	-1948.01	0
3657.85	-1711.45	0
3541.02	-1774.6	0
3638.82	-1896.38	0
3615.68	-1698.62	0
3670.08	-1548.29	0
3706.54	-1696.34	0
3736.9	-1552.28	0
3713.48	-1754.25	0
3532.04	-1713.21	0
3648.02	-1772.29	0
3649.89	-1664.62	0
3741.32	-1754.72	0
3939.91	-1745.45	0
3712.64	-1984.82	0
3780.38	-2059.87	0
3886.74	-2092.49	0
3901.61	-2016.04	0
3661.24	-2067.42	0
3773.33	-2398.39	0
3739.16	-2224.19	0
3903.92	-2274.42	0
4112.95	-2275.14	0
3936	-2292.65	0
3964.36	-2163.75	0
3842.05	-2213.13	0
4094.74	-2182.69	0
4018.55	-1991.34	0
4101.15	-2066.03	0
4234.87	-2036.25	0
4327.46	-2045.72	0
4312.77	-1942.81	0
4212.28	-1869.22	0
4342.97	-1714.33	0
4433.81	-1736.5	0
4457.5	-1605.19	0
4665.45	-1590.39	0
4477.18	-1579.63	0
4484.66	-1693.67	0
4518.73	-1652.32	0
4575.03	-1791.29	0
4566.68	-1585.67	0
4355.63	-1718.77	0
4345.39	-1710.47	0
4405.17	-1699.34	0
4402.55	-1684.26	0
4545	-1723.72	0
4630.24	-1711.2	0
4461.42	-1730.28	0
4543.64	-1627.8	0
4435.42	-1623.9	0
4481.69	-1536.09	0
4442.39	-1525.34	0
4305.59	-1603.16	0
4390.04	-1399.1	0
4166.1	-1437.55	0
4315.74	-1574.21	0
4238.56	-1504.15	0
4442.91	-1527.08	0
4629.45	-1724.86	0
4543.24	-1583.74	0
4507.34	-1794.79	0
4462.81	-1896.11	0
4605.17	-1938.1	0
4576.35	-1898.92	0
4559.45	-1956.56	0
4465.91	-2017.11	0
4378.59	-2064.18	0
4492.73	-2114.34	0
4328.9	-2156.8	0
4455.94	-2215.18	0
4396.11	-2146.51	0
4420.38	-2135.39	0
4466.17	-2262.99	0
4565.08	-2162.09	0
4564.69	-2245.03	0
4533.58	-2014.57	0
4833.33	-2007.41	0
4592.46	-2207.78	0
4584.47	-2231.5	0
4620.8	-2102.21	0
4314.96	-2194.87	0
4450.25	-2299.22	0
4257.03	-2214.33	0
4285.78	-2304	0
4282.89	-2441.6	0
4144.55	-2292.86	0
4119.39	-2347	0
4259.82	-2361.78	0
4157.92	-2354.13	0
4290.36	-2198.76	0
4332.13	-2226.36	0
4152.55	-2102.89	0
4495.51	-2133.8	0
4471.94	-2144.05	0
4367.93	-2281.1	0
4467.12	-2098.03	0
4547.52	-2099.76	0
4620.7	-2161.44	0
4545.83	-2039.96	0
4368.22	-2040.74	0
4463.13	-1996.9	0
4613.69	-2237.53	0
4384.04	-2229.12	0
4331.5	-2448.22	0
4399.96	-2493.67	0
4335.02	-2404.45	0
4512.19	-2535.11	0
4371.51	-2472.86	0
4477.14	-2540.14	0
4665.23	-2545.52	0
4625.03	-2662.12	0
4670.91	-2515.89	0
4493.82	-2500.43	0
4591.91	-2404.42	0
4540.34	-2737.95	0
4671.35	-2512.9	0
4634.62	-2577.98	0
4555.01	-2587.13	0
4570.64	-2661.55	0
4535.34	-2600.65	0
4491.39	-2776.4	0
4584.32	-2768.89	0
4426.25	-2804.18	0
4479.06	-2807.1	0
4435.15	-2714.73	0
4524.14	-2837.74	0
4420.66	-2797.98	0
4643.52	-2752.56	0
4571.11	-2681.21	0
4741.04	-2691.4	0
4626.37	-2568.77	0
4561.93	-2686.79	0
4543.5	-2506.57	0
4529.77	-2748.98	0
4747.84	-2629.68	0
4699.64	-2638.99	0
4943.54	-2716.82	0
4930.06	-2713.45	0
4905.11	-2837.86	0
4971.1	-2710.35	0
5115.06	-2699.42	0
4993	-2730.78	0
5023.78	-2828.98	0
5093.06	-2806.46	0
5177.81	-2778.58	0
5042.53	-2693.42	0
5025.79	-2847.88	0
4903.97	-2892.61	0
5115.6	-2959.43	0
4942.51	-2739.63	0
5057.52	-2892.88	0
5083.38	-2807.66	0
5221.61	-2785.96	0
5179.24	-2893.38	0
5236.34	-2923.33	0
5212.94	-3035.87	0
5079.05	-2977.54	0
5243.88	-3003.49	0
5237.11	-3047.41	0
5105.4	-2918.93	0
5546.04	-2890.18	0
5408.03	-3021.07	0
5419.38	-2985.42	0
5359.15	-3006.73	0
5459.99	-3164.66	0
5294.3	-3156.28	0
5251.11	-3191.99	0
5284.95	-3194.34	0
5196.23	-3161.93	0
5249.01	-3187.98	0
5134.5	-3297.53	0
5131.87	-3195.65	0
5135.21	-3197.33	0
5024.06	-3185.56	0
5156.45	-3297.7	0
5051.12	-3305.01	0
5238.7	-3362.01	0
5053.51	-3390.68	0
5104.16	-3280.61	0
5127.7	-3210.26	0
5118.38	-3193.09	0
5111.93	-3149.09	0
5213.81	-3158.82	0
5051.44	-3411.53	0
4952.14	-3175.45	0
5085.84	-3392.3	0
4953.12	-3326.69	0
4904.13	-3142.31	0
4920.25	-3217.27	0
4961.3	-3112.48	0
5135.87	-3108.73	0
4966.58	-3030.32	0
4880.44	-2822.63	0
4887.76	-2943.02	0
4984.46	-2773.19	0
4973.86	-2880.12	0
5160	-2877.23	0
5271.36	-2764.1	0
5091.56	-2962.26	0
5136	-2848.44	0
5203.43	-2948.71	0
5098.63	-2820.21	0
5335.25	-2806.04	0
5434.19	-2652.17	0
5341.06	-2667.3	0
5232.73	-2556.9	0
5349.94	-2768.23	0
5099.57	-2833.79	0
5080.78	-2719.37	0
5115.11	-3006.95	0
4932.84	-3032.78	0
4691.87	-2847.28	0
4511.94	-3066.83	0
4650.05	-3142.73	0
4577.93	-3091.76	0
4469.91	-3164.92	0
4560.11	-3236	0
4559.06	-3181.98	0
4742.75	-3157.71	0
4716.24	-3007.34	0
4750.95	-2951.41	0
4833.78	-2946.27	0
4715.42	-2765.83	0
4594	-2739.59	0
4560.15	-2966.28	0
4554.33	-2893.64	0
4366.17	-2929.04	0
4521.49	-3087.38	0
4372.84	-3183.88	0
4278.57	-3163.46	0
4390.23	-3140.19	0
4193.01	-3199.46	0
4226.6	-3258.92	0
4253.38	-3173.2	0
4257.91	-3290.12	0
4298.52	-3139.34	0
4337.29	-3338.81	0
4362.77	-3269.44	0
4356.5	-3417.62	0
4337.3	-3325.82	0
4440.81	-3407.56	0
4259.24	-3438.13	0
4441.57	-3488.44	0
4296.39	-3617.33	0
4407.44	-3700.07	0
4409.84	-3862.19	0
4598.71	-3666.01	0
4414.13	-3669.87	0
4538.13	-3692.82	0
4564.34	-3827.17	0
4518.58	-3769.09	0
4563.94	-3651.51	0
4289.89	-3656.72	0
4425.24	-3639.47	0
4330.28	-3585.38	0
4390.96	-3747.39	0
4484.26	-3731.12	0
4359.54	-3737.06	0
4469.87	-3933.74	0
4487.18	-3780.19	0
4683.07	-3600.04	0
4664.16	-3734.2	0
4812.41	-3717	0
4776.32	-3675.64	0
4654.76	-3691.79	0
4767.46	-3538.94	0
4968.42	-3563.93	0
4942.33	-3627	0
4955.37	-3598.63	0
5065.33	-3857.26	0
5093.53	-3762.81	0
5007.3	-3872.43	0
4995.4	-3782.01	0
5008.02	-3813.1	0
4859.27	-3714.89	0
4873.06	-3681.59	0
4727.09	-3724.38	0
4852.96	-3735.57	0
4695.12	-3726.44	0
4974.07	-3642.16	0
4792.87	-3562.99	0
4836.46	-3573.29	0
4648.36	-3680.05	0
4725.72	-3467.21	0
4691.27	-3517.54	0
4650.91	-3337.3	0
4679.81	-3172.86	0
4650.74	-3444.26	0
4929.4	-3365.03	0
4994.33	-3462.83	0
4942.73	-3229.13	0
4946.25	-3235.06	0
4786.69	-3247.43	0
5031.17	-3204.23	0
4927.75	-3090.87	0
5170.45	-3148.99	0
5096.64	-2983	0
5032.41	-3006.9	0
5160.17	-2897.14	0
5293.75	-2944.65	0
5300.1	-3044.52	0
5082.07	-3149.24	0
5304.27	-3134.96	0
5305.79	-3066.07	0
5171.78	-3163.03	0
5410.31	-3201.43	0
5479.7	-3050.89	0
5507.84	-3095.81	0
5684.5	-2920.2	0
5511.28	-2880.18	0
5719.82	-3143.28	0
5605.18	-3328.76	0
5572.89	-3024.89	0
5625.86	-3200.15	0
5818.57	-3246.69	0
5766.85	-3194.55	0
5852.27	-3310.04	0
5978.82	-3265.25	0
6013.05	-3316.09	0
6111.23	-3328.97	0
5910.94	-3270.77	0
5949.1	-3284.96	0
6139.19	-3073.65	0
5978.55	-3202.85	0
6186.06	-3128.43	0
6036.97	-3131.86	0
6166.06	-3111.6	0
5954.3	-2949.53	0
6199.33	-2969.34	0
6106.66	-2955.41	0
6131.3	-2939.21	0
6169.71	-3064.92	0
6122.08	-3062.16	0
6066.58	-3305.8	0
6176.81	-3255.5	0
6380.9	-3268.71	0
6264.46	-3379.61	0
6205.41	-3289.66	0
6330.45	-3421.39	0
6344.79	-3364.02	0
6472.91	-3176.38	0
6447.71	-3178.69	0
6181.95	-3037.02	0
6265.26	-3159.31	0
6189.59	-3327.33	0
6357.9	-3105.32	0
6199.83	-3227.82	0
6372.76	-3428.5	0
6159.18	-3446.49	0
6246.11	-3516.81	0
6203.48	-3460.96	0
6427.69	-3497.22	0
6572.74	-3598.23	0
6508.98	-3518.41	0
6631.37	-3385.25	0
6583.31	-3334.63	0
6724.75	-3431.34	0
6664.01	-3419.21	0
6454.82	-3216.79	0
6542.08	-3315.49	0
6496.21	-3180.75	0
6466.89	-3343.37	0
6353.13	-3481.7	0
6429.1	-3569.9	0
6410.53	-3556.89	0
6343.79	-3570.61	0
6396.31	-3553.13	0
6331.16	-3356.41	0
6447.57	-3253.28	0
6381.26	-3405.16	0
6315.88	-3479.8	0
6408.84	-3686.8	0
6122.35	-3391.17	0
6107.22	-3361.79	0
6058.21	-3579.15	0
5957	-3465.11	0
5991.62	-3623.38	0
6010.34	-3722.3	0
6068.68	-3777.54	0
5928.49	-3583.2	0
6137.89	-3695.07	0
6117.57	-3642.31	0
5881.27	-3546.14	0
5807.87	-3598.43	0
5792.67	-3520.14	0
5881.47	-3641.16	0
5789.48	-3545.59	0
5699.57	-3637.92	0
6024.04	-3567.07	0
6057.25	-3573.29	0
6015.68	-3577.79	0
5946.76	-3607.54	0
5918.6	-3650.21	0
5811.92	-3668.6	0
5755.13	-3724.35	0
5858.69	-3797.74	0
5802.2	-3804.01	0
6010.51	-3889.25	0
6019.22	-4032.66	0
6104.78	-3727.28	0
5926.99	-3808.5	0
6035.77	-3746.71	0
5765.39	-3695.52	0
5698.73	-3762.69	0
5832.41	-3831.5	0
5832.72	-3757.99	0
5920.41	-3754.85	0
5912.23	-3780.23	0
5735.25	-3729.43	0
5857.25	-3690.7	0
5701.3	-3852.42	0
5587.81	-4061.1	0
5570.28	-3850.89	0
5826.96	-3910.4	0
5545.42	-4093.09	0
5630.06	-4064.25	0
5665.74	-3968.41	0
5538.25	-3976.22	0
5537.57	-3918	0
5553.84	-3861.07	0
5456.13	-4036.66	0
5374.48	-3945.18	0
5350.09	-3957.13	0
5325.12	-3964.31	0
5125.6	-4152.22	0
5384	-3964.17	0
5254.29	-3701.76	0
5238.06	-3784.6	0
5215.07	-3777.54	0
5275.05	-3783.27	0
5190.08	-3769.1	0
5103.95	-3783.96	0
5172.53	-3534.58	0
5230.59	-3768.94	0
5166.62	-3725.08	0
4935.66	-3830.65	0
5377.46	-4079.81	0
5264.12	-4051.9	0
5164.03	-4185.85	0
5389.75	-4030.96	0
5336.4	-4086.72	0
5178.73	-4112.47	0
5329.41	-4242.74	0
5248.34	-4243.18	0
5465.21	-4257.31	0
5398.83	-4172.55	0
5401.02	-4205.25	0
5306.59	-4326.93	0
5365.88	-4207.21	0
5565.45	-4225.56	0
5465.33	-4078.12	0
5491.5	-4061.16	0
5217.95	-4014.26	0
5334.81	-4165.67	0
5273.4	-4089.27	0
5098.77	-4253.94	0
5112.48	-4200.32	0
5077.65	-4391.65	0
5292.27	-4386.5	0
5202.47	-4567.96	0
5228.86	-4654.97	0
5166.58	-4655.13	0
4991.26	-4570.24	0
5213.36	-4679.16	0
5090.26	-4794.34	0
5256.74	-4781.96	0
5150.32	-4706.74	0
5329.1	-4947.7	0
5402.44	-4772.12	0
5412.11	-4836.3	0
5416.42	-4749.92	0
5247.85	-4631.39	0
5398.48	-4659.34	0
5246.23	-4589.7	0
5103.21	-4625.61	0
5017.34	-4642.9	0
4900.12	-4741.43	0
5075.07	-4783.05	0
4862.27	-4663.4	0
4755.4	-4559.9	0
4882.62	-4564.85	0
4866.92	-4604.88	0
4857.57	-4653.73	0
4748.27	-4585.08	0
4896.95	-4575.56	0
4786.63	-4754.51	0
4775.34	-4546.65	0
4648.18	-4720.15	0
4535.29	-4852.78	0
4872.21	-4825.25	0
4851.75	-4709.48	0
4906.46	-4732.76	0
5015.37	-4785.23	0
4946.57	-4761.77	0
4928.21	-4913.86	0
4953.22	-4982.74	0
4916.42	-4946.81	0
4889.86	-4903.29	0
4824.21	-4898.08	0
4674.26	-4922.92	0
4749.59	-5187.22	0
4879.68	-4886.1	0
4881.59	-4877.28	0
4803.96	-4802.66	0
4987.28	-4767.76	0
4986.55	-4921.26	0
4990.14	-4690.27	0
5047.25	-4731.25	0
5270.09	-4698.46	0
5195.01	-4714.18	0
5362.18	-4848.78	0
5221.86	-4903.17	0
5019.35	-4867.68	0
5198.25	-4914.22	0
5032.71	-4830.05	0
5142.06	-4876.33	0
5156.92	-4877.78	0
5049.59	-4966.67	0
5188.86	-4979.16	0
5233.01	-4820.09	0
5141.64	-4855.39	0
4970.89	-4804.75	0
5158.64	-4795.49	0
5166.55	-4598.24	0
5187.5	-4525.93	0
5336.86	-4471.19	0
5179.91	-4394.63	0
5501.17	-4531.4	0
5454.63	-4454.87	0
5481.2	-4502.52	0
5585.68	-4533.55	0
5519.92	-4417.91	0
5517.81	-4481.56	0
5573.81	-4519.89	0
5703.77	-4547.03	0
5806.23	-4505.9	0
5896.31	-4364.4	0
5876.8	-4469.85	0
5709.6	-4378.34	0
5695.69	-4450.73	0
5486.59	-4558.81	0
5624.09	-4617.59	0
5567.58	-4491.52	0
5603.23	-4553.52	0
5367.78	-4531.71	0
5559.27	-4267.75	0
5543.48	-4305.3	0
5439.68	-4280.14	0
5474.16	-4361.66	0
5276.14	-4308.94	0
5197.03	-4159.25	0
5310.52	-4191	0
5332.89	-4073.78	0
5140.38	-4115.22	0
5120.16	-4145.35	0
5034.67	-4077.99	0
5141.18	-4031.94	0
4914.04	-4217.41	0
5091.38	-4308.66	0
5023.03	-4362.19	0
5029.06	-4308.51	0
4930.63	-4318.73	0
4898.05	-4293.48	0
5039.52	-4370.78	0
4869.65	-4304.17	0
4930.38	-4372.68	0
4947.79	-4399.11	0
4978.92	-4468.92	0
5081.65	-4392.63	0
5285.92	-4302.74	0
5235.7	-4454.39	0
5286.91	-4433.57	0
5321.62	-4342.99	0
5336.04	-4472.54	0
5331.69	-4544.33	0
5427.9	-4486.36	0
5211.19	-4768.89	0
5284.64	-4727.58	0
5504.49	-4655.51	0
5507.15	-4701.64	0
5277.83	-4649.13	0
5205.98	-4654.07	0
4919.57	-4558.19	0
4828.72	-4319.94	0
4906.57	-4431.99	0
5188.12	-4425.03	0
4976.21	-4344.88	0
5055.64	-4492.5	0
4995.71	-4477.9	0
5243.26	-4531.26	0
5056.21	-4312.69	0
5074.29	-4165.41	0
5046.95	-4008.3	0
5136.39	-3930.62	0
5102.5	-4080.38	0
5148.99	-4047.74	0
5224.42	-4256.78	0
5090.08	-4146.39	0
5130.26	-4299.66	0
5074.76	-4392.52	0
5100.87	-4356.23	0
5186.06	-4389.07	0
5088.33	-4358.26	0
5110.28	-4415.2	0
5280.33	-4595.55	0
5074.16	-4678.86	0
5255.57	-4626.82	0
5178.1	-4626.44	0
5194.96	-4722.79	0
5126.7	-4701.68	0
5054.71	-4623.41	0
5125.96	-4534.69	0
4923.99	-4633.52	0
5109.88	-4542.1	0
4777.46	-4567.44	0
4912.13	-4342.07	0
4753.04	-4533.98	0
4974.6	-4347.91	0
4974.18	-4292.21	0
4779.4	-4291.89	0
4846.39	-4315.23	0
4959.76	-4266.04	0
4974.14	-4393.4	0
4874.63	-4340.47	0
4882.39	-4296.49	0
4991.73	-4374.89	0
4629.65	-4315.92	0
4859.67	-4354.82	0
4715.08	-4417.82	0
4774.75	-4493.55	0
4704.47	-4401.4	0
4610.94	-4428.54	0
4591.59	-4521.78	0
4721.55	-4424.21	0
4703.72	-4398.42	0
4649.78	-4526.03	0
4417.75	-4444.32	0
4548.69	-4361.82	0
4343.73	-4406.09	0
4589.73	-4495.36	0
4588.18	-4559.02	0
4683.98	-4804.16	0
4536.03	-4951.8	0
4460.52	-4751.98	0
4513.3	-4824.64	0
4600.26	-4706.14	0
4513.23	-4851.25	0
4377.05	-4764.12	0
4376.33	-4681.31	0
4336.41	-4613.16	0
4342.94	-4598.14	0
4322.88	-4481.98	0
4285.19	-4523.82	0
4333.55	-4634.8	0
4255.62	-4421.06	0
4287.77	-4471.25	0
4367.97	-4316.04	0
4251.57	-4407.26	0
4128.73	-4353.44	0
4349.22	-4533.59	0
4211.15	-4483.75	0
4052	-4478.01	0
4101.76	-4325.12	0
4311.03	-4503.53	0
4209.72	-4417.17	0
4239.09	-4298.46	0
4248.11	-4232.63	0
4440.6	-4150.39	0
4474.32	-4067.28	0
4280.99	-4032.5	0
4452.78	-4032.59	0
4356.3	-3999.68	0
4267.11	-4062.58	0
4323.57	-4128.85	0
4383.34	-4143.44	0
4180.41	-4112.41	0
4104.33	-3970.05	0
4136.56	-3986.19	0
4201.66	-4071.28	0
4162.17	-4062.6	0
4293.29	-3976.83	0
4315.25	-4145.11	0
4234.47	-3947.42	0
4287.25	-3904.72	0
4348.45	-3733.02	0
4459.66	-4017.86	0
4160.72	-3950.86	0
4200.5	-4028.21	0
4257.34	-3945.99	0
4235.64	-3972.8	0
4239.44	-3841.54	0
4065.13	-3902.03	0
4070.61	-3894.89	0
4027.86	-3830.24	0
4122.19	-3887.66	0
4220.12	-3833.46	0
4069.33	-3800.48	0
4151.35	-3816.06	0
4166.99	-3800.03	0
4154.11	-3833.52	0
4096.09	-3940.09	0
4262.25	-3812.91	0
4315.08	-3798.07	0
4066.04	-3849.55	0
4085.36	-3951.99	0
3930.08	-3937.28	0
3892.51	-3849.04	0
3825.08	-3975.69	0
3829.3	-4133.71	0
3869.72	-3987.7	0
3818.64	-4126.49	0
3790.16	-4151.24	0
3597.73	-4372.98	0
3783.46	-4287.9	0
3653.84	-4276.32	0
3609.83	-4130.34	0
3608.51	-4089.13	0
3537.51	-4190.73	0
3541.52	-4142.86	0
3446.76	-4300.83	0
3285.39	-3992.29	0
3249.58	-4064.97	0
3286.25	-4124.84	0
3137.97	-4153.33	0
3071.81	-4006.71	0
3265.01	-4045.37	0
3164.82	-3980.17	0
3107.14	-3920.49	0
3164.28	-4005	0
2933.87	-4053.05	0
2924.68	-4059.63	0
3031.31	-4005.6	0
2838.41	-3892.1	0
2925.84	-3968.07	0
2954.1	-4090.72	0
2879.39	-3949.55	0
2948.84	-4135.03	0
2931.03	-4200.52	0
2957.37	-4266.55	0
2836.44	-4299.47	0
2882.31	-4303.16	0
2897.55	-4376.17	0
2929.06	-4347.33	0
2971.83	-4482.34	0
2855	-4476.09	0
3000.36	-4505.78	0
2942.65	-4652.88	0
3119.38	-4419.48	0
3278.75	-4386.1	0
3266.39	-4423.41	0
3324.43	-4295.05	0
3211.56	-4289.96	0
3365.83	-4207.42	0
3162.89	-4276.92	0
3196.53	-4265.71	0
3220.75	-4349.02	0
3093.34	-4144.42	0
3306.73	-4162.44	0
3187.13	-4219.71	0
3237.78	-4247.97	0
3389.49	-4328.12	0
3489.82	-4324.98	0
3188.39	-4349.71	0
3375.57	-4368.66	0
3260.81	-4265.57	0
3299.41	-4236.71	0
3233.23	-4313.96	0
3033.22	-4226.71	0
2929.13	-4253.8	0
3182.81	-4196.2	0
3023.23	-4221.83	0
3157.67	-4107.94	0
3043.62	-4300.47	0
2901.72	-4200.84	0
3083.9	-4284.01	0
2904.19	-4387.04	0
3078.23	-4331.1	0
2931.55	-4319.9	0
2946.1	-4369.05	0
2858.64	-4310.56	0
2879.52	-4369.47	0
2879.85	-4446.13	0
2815.11	-4378.19	0
3036.29	-4610.51	0
3013.27	-4534.63	0
2838.56	-4448.74	0
2871.25	-4581.14	0
2799.08	-4475.23	0
2764.24	-4673.55	0
3060.23	-4725.03	0
2961.29	-4717.09	0
2918.45	-4563.4	0
2885.46	-4693.67	0
3062.5	-4516.24	0
2953.35	-4678.41	0
3000.64	-4591.63	0
2995.26	-4647.74	0
2957.33	-4642.81	0
3159.36	-4671.45	0
3140.28	-4780.64	0
3033.6	-4695.61	0
2926.41	-4768.96	0
2978.47	-4862.19	0
3135.21	-4792.6	0
2913.59	-4805.52	0
2880.78	-4781.53	0
2819.13	-4858.96	0
2917.44	-4836.72	0
2930.4	-4809.64	0
2975.08	-4814.15	0
2790.73	-4798.2	0
2901.08	-4726.58	0
2944.95	-4695.28	0
2825.61	-4696.29	0
2929.71	-4842.67	0
2996.92	-4673.78	0
2774.25	-4566.74	0
2766.41	-4688.77	0
2584.76	-4785.78	0
2701.16	-4885.04	0
2801.87	-4813.14	0
2741.39	-4905.5	0
2709.57	-4922.59	0
2764.32	-5038.34	0
2635.6	-5079.97	0
2504.99	-5080.33	0
2468.08	-4992.26	0
2624.86	-5035.77	0
2612.73	-5214.37	0
2779.41	-5124.99	0
2765.91	-5111.73	0
2837.46	-5153.4	0
2964.31	-4981.78	0
2835.93	-4999.41	0
2847.62	-5246.07	0
2846.15	-5008.59	0
2924.58	-5046.84	0
2855.23	-4920.94	0
2733.03	-5073.04	0
2773.93	-5087.31	0
2706.24	-5093.86	0
2785.1	-5098.73	0
2647.06	-5222.64	0
2695.43	-5279.1	0
2814.75	-5395.23	0
2749.13	-5372.9	0
2658.6	-5417.81	0
2775.21	-5228.78	0
2888.32	-5373.02	0
2958.08	-5331.07	0
2851.29	-5360.1	0
3017.85	-5243.07	0
2973.59	-5095.75	0
2884.26	-5090.49	0
2939.34	-4962.05	0
2966.62	-4996.96	0
2981.28	-4915.07	0
2849.49	-4983.41	0
2928.54	-4887.01	0
2894	-4936.03	0
3005.27	-4848.43	0
3013.04	-5019.36	0
2894.99	-4984.84	0
3035.79	-4919.02	0
2798.7	-4970.36	0
2856.34	-4839.93	0
3168.21	-4884.83	0
2951.52	-4926.08	0
3185.88	-4846.06	0
3106.55	-4827.99	0
3084.36	-4862.51	0
3205.92	-4961.83	0
3036.47	-5006.76	0
3167.46	-4950.42	0
3012.42	-4990.21	0
3115.66	-5011.51	0
3019.45	-4943.76	0
2872.17	-4891.09	0
3087.37	-4788.58	0
2883.13	-4664.32	0
3034.6	-4646.5	0
3086.86	-4556.6	0
2970.41	-4576.11	0
2914.77	-4587.43	0
3063.31	-4746.34	0
2904.81	-4487.17	0
3000.56	-4399.49	0
2852.84	-4460.3	0
2842.85	-4494.28	0
2586.86	-4590.69	0
2911.9	-4559.8	0
2814.45	-4693.14	0
3135.42	-4654.38	0
2979.54	-4591.38	0
3189.84	-4483.81	0
3273.57	-4496.91	0
3110.11	-4619.97	0
3480.55	-4734.41	0
3297.75	-4627.59	0
3329.39	-4659.92	0
3416.72	-4853.4	0
3365.45	-4729.58	0
3355.67	-4790.44	0
3367.29	-4765.83	0
3439.58	-4625.72	0
3425.49	-4732.66	0
3391.01	-4763.71	0
3351.15	-4822.87	0
3370.12	-4843.21	0
3499.9	-4688.2	0
3438.18	-4789.17	0
3402.16	-4754.1	0
3442.62	-4781.93	0
3408.34	-4786.02	0
3368.07	-4706.46	0
3410.62	-4827.3	0
3397.59	-4740.98	0
3529.86	-4840.93	0
3370.17	-4776.07	0
3315.86	-4763.85	0
3309.71	-4750.02	0
3236.68	-4539.66	0
3077.56	-4510.5	0
2957.01	-4582.69	0
3199.73	-4571.77	0
3181.54	-4595.61	0
3122.39	-4515.93	0
2945.91	-4530.7	0
3154.34	-4479.38	0
3054.66	-4420.09	0
2940.56	-4268.62	0
3152.36	-4240.45	0
3085.19	-4326.24	0
3066.26	-4286.09	0
3157.42	-4238.49	0
3146.04	-4260.28	0
3115.07	-4142.9	0
3183.01	-4100.31	0
3325.25	-4194.26	0
3167.72	-4378.18	0
3222.67	-4384.28	0
3459.08	-4248.22	0
3195.3	-4434.49	0
3458.3	-4407.88	0
3172.81	-4460.97	0
3397.91	-4496.83	0
3355.05	-4453.51	0
3167.49	-4529.45	0
3113.83	-4539.84	0
3204.24	-4742.68	0
3003.76	-4766.05	0
3204.75	-4817.16	0
3026.6	-4697.21	0
3157.16	-4692.87	0
3358.19	-4666.12	0
3225.3	-4684.37	0
3382.11	-4783.92	0
3301.96	-4522.79	0
3441.46	-4674.39	0
3430.37	-4581.95	0
3424.47	-4601.22	0
3452.53	-4630.36	0
3234.89	-4587.36	0
3349.67	-4820.56	0
3095.12	-4797.34	0
3243.45	-4728.88	0
3196.98	-4677.09	0
3245.04	-4710	0
3401.34	-4635.59	0
3401.97	-4749.04	0
3410.91	-4515.17	0
3456.92	-4503.88	0
3361.12	-4535.73	0
3606.52	-4465.57	0
3440.22	-4611.53	0
3521.3	-4562.57	0
3255.69	-4632.82	0
3347.1	-4645.15	0
3259.69	-4594.97	0
3154.7	-4416.08	0
3347.02	-4639.26	0
3234.84	-4555.95	0
3138.91	-4590.29	0
3149.01	-4411.22	0
3074.08	-4544.73	0
3213.03	-4360.64	0
3358.32	-4527.23	0
3434.15	-4611.5	0
3291.34	-4436.35	0
3337.34	-4539.2	0
3190.38	-4410.13	0
3262.61	-4507.22	0
3284.6	-4569.8	0
3243.47	-4660.55	0
3271.51	-4671.34	0
3199.04	-4610.6	0
3085.78	-4707.05	0
3206.64	-4782.3	0
3184.46	-4732.5	0
3382.11	-4731.78	0
3318.53	-4735.75	0
3269.16	-4713.96	0
3298.79	-4643.82	0
3310.39	-4651.66	0
3255.78	-4664.13	0
3312.54	-4581.41	0
3296.27	-4637.12	0
3521.12	-4804.08	0
3458.39	-4848.5	0
3637.72	-5004.09	0
3490.73	-4871.53	0
3641.97	-4816.94	0
3653.46	-4885.41	0
3519.09	-4826.01	0
3597.56	-5057.33	0
3393.49	-4868.04	0
3335.94	-4916.19	0
3407.62	-4879.57	0
3157.82	-4808.62	0
3460.94	-4914.51	0
3234.11	-4849.56	0
3437.16	-4926.27	0
3616.22	-4987.48	0
3467.09	-4945.01	0
3413.4	-4848.26	0
3488.59	-4975.16	0
3567.63	-4848.23	0
3500.61	-4711.65	0
3467.71	-4752.78	0
3686.55	-4773.38	0
3506.45	-4784.82	0
3855.09	-4771.89	0
3728.11	-4774.01	0
3838.27	-4735.42	0
3758.15	-4861.26	0
3763.25	-4948.23	0
3936.74	-4932.38	0
3698.77	-5017.31	0
3766.49	-5016.39	0
3724.48	-4954.54	0
3518.74	-4965.63	0
3609.82	-5080.41	0
3655.09	-5043.36	0
3620.22	-4935.81	0
3771.19	-5056.86	0
3488.57	-5105.66	0
3544.64	-5216.74	0
3408.6	-5100	0
3497.01	-5413.21	0
3575.06	-5291.12	0
3593.23	-5158.09	0
3509.27	-5066.31	0
3375.94	-5399.27	0
3517.86	-5400.24	0
3470.29	-5510.89	0
3539.25	-5605.96	0
3473.9	-5780.85	0
3301.02	-5793.09	0
3415.79	-5579.96	0
3303.29	-5762.62	0
3363.36	-5621.67	0
3362.17	-5549.64	0
3299.04	-5567.65	0
3304.32	-5403.21	0
3387.06	-5320.67	0
3374.52	-5358.47	0
3421.54	-5251.76	0
3540.52	-5149.18	0
3510.39	-5199.32	0
3501.97	-5218.07	0
3770.57	-5105.18	0
3711.1	-5214.39	0
3618.08	-5360.35	0
3740.38	-5170.55	0
3651.38	-5169.41	0
3691.89	-5218.46	0
3659.26	-5188.24	0
3810.29	-5240.97	0
3843.29	-5226.91	0
3834.85	-5161.18	0
3895.18	-5287.75	0
3944.28	-5282.31	0
3892.08	-5159.51	0
3970.48	-5291	0
3831.69	-5261.34	0
3918.08	-5394.72	0
3723.91	-5584.9	0
3742.68	-5308.56	0
3864.54	-5546.47	0
3873.73	-5445.07	0
3952.1	-5515.13	0
4080.81	-5663.85	0
4256.65	-5602.14	0
4312.53	-5487.32	0
4253.05	-5596.09	0
4343.8	-5506.83	0
4379.07	-5529.93	0
4470.15	-5486.18	0
4546.38	-5425.92	0
4555.75	-5651.86	0
4644.18	-5416.75	0
4690.9	-5417.85	0
4701.9	-5470.27	0
4830.13	-5433.13	0
4790.53	-5436.59	0
4747.99	-5399.45	0
4677.07	-5237.81	0
4897.15	-5281.92	0
4779.35	-5129.76	0
4783	-5231.69	0
4851.14	-5262.48	0
4899.4	-5427.52	0
4982.77	-5394.93	0
4903.46	-5462.46	0
4973.53	-5640.82	0
4949.83	-5533.98	0
4857.18	-5609.1	0
4793.26	-5516.56	0
4734.79	-5520.54	0
4627.36	-5306.91	0
4809.59	-5343.81	0
4728.6	-5148.94	0
4823.51	-5103.73	0
4786.2	-4826.53	0
4673.74	-4927.44	0
4724.86	-4753.17	0
4772.58	-4773.87	0
4726.46	-4767.69	0
4551.77	-4753.91	0
4491.3	-5009.3	0
4323.13	-5122.13	0
4348.43	-5023.03	0
4492.77	-5056.67	0
4367.8	-5093.53	0
4480.9	-5081.41	0
4492.51	-5063.38	0
4194.78	-4955.63	0
4340.19	-5075.31	0
4119.15	-5090.81	0
4283.59	-5186.64	0
4375.13	-5145.96	0
4454.14	-5163.58	0
4409.9	-5068.88	0
4439.02	-4919.61	0
4523.71	-5077.24	0
4439.34	-5030.9	0
4337.88	-4879.87	0
4301.31	-4915.98	0
4206.36	-4883.27	0
4232.42	-5018.37	0
4067.71	-4759.67	0
3878.01	-4794.2	0
4033.4	-4820.14	0
4006.89	-4864.13	0
4098.98	-4919.76	0
3856.31	-4949.14	0
3935.45	-4861.88	0
3890.03	-4927.66	0
3997.68	-4827.49	0
4005.27	-4812.32	0
3918.87	-4674.32	0
3765.92	-4815.73	0
3948.76	-4686.36	0
3852.65	-4721.8	0
3962.15	-4835.89	0
3765.9	-4806.89	0
3858.24	-4741.62	0
3671.22	-4971.41	0
3866.3	-4798.31	0
3831.56	-4855.46	0
3728.93	-4841.62	0
3915.53	-4835.38	0
3781.95	-4847.13	0
3638.33	-4739.79	0
3810.34	-4662.16	0
3686.05	-4632.32	0
3628.74	-4658.05	0
3659.67	-4574.61	0
3790.94	-4634.97	0
3741.47	-4728.52	0
3766.57	-4691.75	0
3634.07	-4664.38	0
3698.66	-4853.97	0
3497.96	-4724.94	0
3650.73	-4709.39	0
3637.98	-4745.29	0
3607.38	-4640.35	0
3547.67	-4500.73	0
3694.85	-4603.95	0
3626.11	-4599.9	0
3619.42	-4747.6	0
3652.94	-4636.01	0
3633.93	-4680.68	0
3634.34	-4392.05	0
3781.88	-4403.84	0
3803.94	-4562.74	0
3883.72	-4615.75	0
3940.82	-4609.99	0
4146.39	-4593.41	0
4032.06	-4667.54	0
4094.95	-4625.92	0
4052.89	-4528.19	0
4015.93	-4629.85	0
3934.73	-4669.29	0
3918.26	-4608.64	0
3886.96	-4484.78	0
3961.17	-4555.65	0
3943.16	-4544.98	0
3935.76	-4503.85	0
3938.73	-4426.6	0
3925.56	-4507.87	0
4174.26	-4378.85	0
3760.76	-4355.78	0
4068.59	-4250.97	0
4008.66	-4177.82	0
3932.61	-4213.76	0
4092.73	-4238.11	0
4134.17	-4226.33	0
4275.6	-3966.82	0
4227.81	-3955.2	0
4087.75	-3998.11	0
4342.65	-3898.62	0
4348.63	-3971.91	0
4579.61	-3958.76	0
4551.41	-3865.48	0
4495.22	-3848.98	0
4687.21	-3876.65	0
4522.11	-3738.32	0
4554.98	-3584.13	0
4475.45	-3496.48	0
4517.04	-3583.98	0
4508.76	-3447.49	0
4406.44	-3473.61	0
4520.33	-3433.04	0
4380.99	-3379.37	0
4588.91	-3376.55	0
4651.79	-3219.31	0
4389.15	-3380.01	0
4482.41	-3239.83	0
4500.33	-3260.99	0
4416.12	-3408.92	0
4598.98	-3268.89	0
4547.21	-3362.65	0
4543.68	-3300.64	0
4525.71	-3273.33	0
4334.75	-3181.95	0
4461.65	-3205.16	0
4543.18	-3026.41	0
4372.12	-3127.97	0
4215.03	-3021.8	0
4194.67	-3088.22	0
4474.91	-2902.26	0
4338.91	-2911.15	0
4379.72	-2775.67	0
4421.22	-2668.66	0
4436.68	-2633.48	0
4500.72	-2686.2	0
4386.45	-2704.27	0
4346.8	-2767.39	0
4238.23	-2709.46	0
4296.92	-2836.39	0
4343.39	-2778.6	0
4172.4	-2717.96	0
4489.75	-2662.97	0
4290.66	-2627.04	0
4394.26	-2476.13	0
4354.79	-2645.5	0
4169.1	-2362.71	0
4276.25	-2429.06	0
4260.74	-2267.34	0
4223.12	-2375.05	0
4277.32	-2300.23	0
4271.46	-2228.64	0
4410.38	-2384.15	0
4155.98	-2365.04	0
4393.59	-2223.61	0
4446.07	-2265.32	0
4372.37	-2119.39	0
4399.92	-1899.28	0
4436.42	-1952.47	0
4405.59	-2064.24	0
4354.08	-2215.73	0
4368.61	-2212.81	0
4435.16	-2089.11	0
4441.09	-2155.73	0
4520.12	-2202.28	0
4493.46	-2178.87	0
4433.99	-2222.77	0
4569.4	-2159	0
4379.5	-2202.8	0
4449.97	-2031.08	0
4310.89	-2181.74	0
4370.49	-2311.42	0
4326.96	-2175.39	0
4406.78	-2476.7	0
4449.66	-2371.44	0
4424.95	-2507.2	0
4580.08	-2568.18	0
4537.17	-2620.71	0
4385.6	-2640.91	0
4637.1	-2625.77	0
4483.32	-2627.13	0
4433.82	-2463.62	0
4590.14	-2487.31	0
4574.13	-2303.64	0
4593.76	-2544.09	0
4616.12	-2509.15	0
4414.16	-2524.91	0
4341.66	-2650.74	0
4360.66	-2707.45	0
4442.38	-2615.69	0
4409.29	-2543.57	0
4390.8	-2541.55	0
4437.21	-2289.63	0
4426.03	-2359.73	0
4341.49	-2480.27	0
4183.62	-2714.2	0
4355.48	-2589.67	0
4326.87	-2658.52	0
4296.7	-2550.81	0
4277.92	-2508.94	0
4348.86	-2544.76	0
4371.37	-2673.62	0
4403.99	-2614	0
4490.58	-2419.28	0
4594.65	-2537.54	0
4440.65	-2270.53	0
4401.38	-2331.38	0
4271.52	-2303.96	0
4092.13	-2411.32	0
3943.53	-2260.39	0
3892.37	-2223.79	0
3821.83	-2407.63	0
3830.46	-2149.97	0
3663.28	-2133.73	0
3972.57	-2064.6	0
3632.24	-2102.92	0
3669.01	-2022.85	0
3786.66	-2094.72	0
3676.24	-2111.42	0
3747.15	-2060.48	0
3513.92	-2157.22	0
3737.01	-1892.54	0
3826.41	-1941.71	0
3709.1	-1874.04	0
3860.02	-1896.7	0
3643.55	-1977.48	0
3507.92	-1971.45	0
3637.9	-1847.49	0
3647.43	-1826.37	0
3659.37	-1749.46	0
3698.42	-1695.95	0
3689.68	-1701.07	0
3585.38	-1599.04	0
3506.07	-1679.02	0
3443.6	-1688.12	0
3263.66	-1677.46	0
3289.08	-1684.99	0
3113.79	-1680.99	0
3004.77	-1438.18	0
3137.45	-1458.14	0
3169.66	-1401.79	0
3086.33	-1487.6	0
2972.07	-1377.01	0
2914.05	-1371.43	0
2949.87	-1422.16	0
2787.63	-1281.39	0
2917.79	-1319.43	0
3038.77	-1162.55	0
2893.53	-1368.7	0
3132.48	-1111.7	0
3178.25	-1246.35	0
3172.54	-1150.54	0
3242.5	-1334.35	0
3230.87	-1291.09	0
3310.55	-1275.85	0
3332.65	-1303.98	0
3250.79	-1187.89	0
3191.33	-1217.6	0
3020.74	-1173.06	0
3123.68	-1230.11	0
3032.28	-1168.34	0
2961.17	-1060.49	0
2945.21	-1152.6	0
2762.36	-1021.52	0
2934.24	-1050.86	0
2747.87	-1016.5	0
2923.81	-919.211	0
2898.11	-926.745	0
2951.55	-940.647	0
2904.07	-1058.35	0
2787.5	-958.611	0
2938.67	-1025.67	0
2793.39	-987.696	0
2786.25	-940.159	0
2872.33	-1080.44	0
2707.01	-941.474	0
2643.2	-823.003	0
2755.9	-844.126	0
2632.9	-948.656	0
2652.49	-797.006	0
2623.1	-804.844	0
2579.83	-727.841	0
2618.09	-732.898	0
2422.74	-604.139	0
2688.1	-734.705	0
2567.56	-691.305	0
2573.9	-841.114	0
2578.23	-833.183	0
2454.17	-877.459	0
2586.27	-636.839	0
2461.6	-677.746	0
2375.82	-642.455	0
2408.81	-609.768	0
2297.81	-520.223	0
2508.44	-638.562	0
2381.85	-708.635	0
2382.76	-492.326	0
2300.63	-578.595	0
2375.98	-610.796	0
2486.41	-514.058	0
2261.15	-399.604	0
2202.1	-519.589	0
2239.2	-404.808	0
2123.15	-494.27	0
2417.94	-225.055	0
2287.12	-233.974	0
2380.39	-179.487	0
2287.27	-422.82	0
2157.84	-329.127	0
2404.6	-406.04	0
2300.5	-361.578	0
2302.68	-480.9	0
2251.11	-458.868	0
2271.38	-450.485	0
2245.65	-412.848	0
2211.61	-341.431	0
2108.14	-446.357	0
2079.96	-566.229	0
1958.86	-408.693	0
1930.52	-503	0
1798.97	-427.274	0
1911.17	-444.042	0
1908.32	-335.988	0
1746.06	-385.449	0
1787.91	-247.593	0
1668.26	-211.316	0
1870.21	-164.408	0
1937.94	-42.9389	0
1792.96	-170.126	0
1785.14	-196.033	0
1747.32	-66.9663	0
1774.28	-83.6364	0
1809.12	-94.0208	0
1742.5	-89.795	0
1997.92	-212.122	0
1844.81	-82.7233	0
1847.01	-212.921	0
1816.34	-182.167	0
1680.6	-44.8865	0
1703.17	-24.0217	0
1519.54	-87.8737	0
1582.04	125.16	0
1673.04	63.8079	0
1712.91	124.696	0
1767.82	75.0863	0
1737.43	86.79	0
1546.09	30.4832	0
1709.13	68.02	0
1409.61	145.611	0
1392.33	110.159	0
1291.97	42.0243	0
1422.21	74.1604	0
1322.37	193.187	0
1381.55	94.2258	0
1211.2	125.39	0
1106.24	47.5669	0
1200.69	11.796	0
1213.76	-68.8773	0
1119.21	-33.7919	0
1291.61	74.7562	0
1007.72	169.968	0
1139.48	130.431	0
1102.68	269.183	0
941.792	346.823	0
1022.57	362.99	0
1029.69	375.493	0
908.892	621.343	0
1124.05	484.979	0
890.657	512.781	0
1009.32	466.732	0
926.133	414.92	0
845.727	289.535	0
990.257	439.258	0
969.842	441.415	0
1000.32	326.231	0
1141.27	347.078	0
1107.06	289.722	0
1306.56	125.584	0
1160.75	228.485	0
1221.69	321.231	0
916.737	388.82	0
1077.3	416.882	0
1247.52	578.379	0
1171.79	575.918	0
1033.26	710.703	0
749.608	719.11	0
939.034	672.786	0
1024.16	610.811	0
925.817	746.236	0
979.419	747.688	0
875.929	749.327	0
838.424	779.447	0
922.959	748.023	0
930.615	688.416	0
997.747	660.68	0
1109.57	642.967	0
936.05	626.891	0
1105.25	669.678	0
1092.04	797.456	0
1199.92	674.93	0
1244.52	699.868	0
1163.68	682.257	0
1249.1	984.268	0
1067.55	906.892	0
1116.95	850.163	0
1096.86	841.101	0
990.659	1156.55	0
963.444	879.901	0
907.677	914.823	0
910.952	827.35	0
1076.55	775.496	0
1031.62	543.065	0
1049.79	586.141	0
851.649	695.724	0
1023.1	593.271	0
999.535	668.417	0
860.443	530.612	0
1042.99	654.661	0
1007.82	589.476	0
907.322	573.42	0
1012.94	571.093	0
1042.56	814.607	0
1163.74	740.136	0
1055.46	668.287	0
1259.67	721.47	0
1330.41	519.342	0
1207.54	602.562	0
1433.73	498.904	0
1251.28	510.486	0
1125.51	569.757	0
1355.76	556.063	0
1214.45	597.105	0
1295.25	495.507	0
1209.9	495.632	0
1146.26	605.347	0
1227.55	592.521	0
855.287	661.019	0
1025.87	874.358	0
913.691	588.013	0
715.088	644.502	0
874.047	705.257	0
746.996	706.393	0
794.081	730.862	0
1057.01	498.99	0
935.404	576.994	0
951.331	639.295	0
931.561	850.418	0
865.918	835.553	0
834.317	928.039	0
688.302	769.47	0
771.061	729.502	0
660.594	710.367	0
746.164	626.775	0
628.806	715.314	0
748.431	814.891	0
954.629	685.767	0
856.733	615.113	0
958.978	448.316	0
1091.29	373.981	0
1000.95	295.506	0
1208.88	230.192	0
1089.76	112.657	0
1124.25	127.453	0
981.633	-31.8001	0
1033.52	95.6145	0
1194.24	-16.1471	0
1114.91	-36.5919	0
1155.04	50.332	0
1347.82	13.5115	0
1169.65	174.218	0
1284.96	85.3844	0
1123.43	25.3039	0
1252.34	3.15444	0
1557.64	-222.005	0
1218.9	-245.112	0
1239.15	-204.799	0
1173.53	-172.121	0
1128.09	-128.455	0
1307.39	-293.097	0
1264.14	-520.317	0
1398.31	-278.24	0
1307.04	-249.238	0
1493.05	-297.824	0
1470.44	-235.841	0
1370.81	-137.238	0
1514.44	-291.377	0
1425.52	-282.562	0
1230.81	-98.3764	0
1357.95	-336.529	0
1347.7	-267.311	0
1279.08	-332.343	0
1327.24	-289.295	0
1412.65	-452.606	0
1626.21	-256.125	0
1292.51	-216.007	0
1276.28	-115.746	0
1358.49	-212.42	0
1183.25	-323.306	0
1549.56	-265.216	0
1339.53	-312.113	0
1353.25	-481.796	0
1414.52	-414.147	0
1288.43	-235.599	0
1576.55	-100.118	0
1491.71	-248.49	0
1459.79	-256.201	0
1482.77	-118.442	0
1426.33	-156.36	0
1472.68	-260.747	0
1556.76	-219.23	0
1391.79	-315.082	0
1575.15	-383.397	0
1406.46	-251.269	0
1535.72	-218.257	0
1591.19	-222	0
1509.66	-307.22	0
1527.19	-277.946	0
1382.62	-237.765	0
1291.95	-293.92	0
1305.39	-160.169	0
1174.71	-287.857	0
1124.92	-338.313	0
995.065	-360.886	0
1043.96	-309.508	0
1308.39	-324.696	0
1200.89	-219.233	0
1162.68	-332.814	0
1086.63	-281.248	0
1081.81	-312.706	0
1290.8	-211.378	0
1226.09	-234.906	0
1410.01	-214.675	0
1249.46	-176.301	0
1381.89	-266.029	0
1345.7	-359.537	0
1167.36	-492.785	0
1310.6	-438.915	0
1312.26	-381.629	0
1202.77	-496.187	0
1311.12	-432.651	0
1245.28	-567.722	0
1119.81	-592.51	0
1061.03	-540.583	0
1086.07	-534.406	0
1114.61	-538.407	0
844.775	-630.009	0
1159.26	-542.531	0
1106.16	-779.575	0
1044.03	-789.185	0
1329.55	-810.705	0
1210.32	-753.401	0
1266.3	-876.408	0
1299.99	-1039.51	0
1195.96	-981.435	0
1077.62	-927.068	0
1135.38	-1063.96	0
1234.17	-960.625	0
1234.61	-956.751	0
1202.97	-1027.7	0
1396.96	-828.12	0
1268.29	-844.678	0
1405.02	-796.152	0
1475.88	-805.337	0
1338.52	-548.448	0
1338.35	-845.334	0
1197.04	-736.549	0
1092.6	-719.681	0
1066.1	-479.207	0
1027.37	-501.965	0
1130.64	-360.352	0
938.805	-458.445	0
995.311	-470.906	0
1120.46	-409.997	0
1150.47	-351.205	0
1243.33	-602.175	0
1106.16	-590.019	0
1146.98	-725.82	0
1250.27	-672.296	0
1285.47	-752.22	0
1207.25	-669.439	0
1217.34	-459.219	0
1170.74	-346.177	0
1321.45	-234.503	0
1219.12	-202.76	0
1331.42	-170.485	0
1295.09	-132.879	0
1139.81	-344.874	0
1375.98	-193.507	0
1332.12	-258.118	0
1398.77	-57.9723	0
1424.71	-226.49	0
1432.14	-73.3663	0
1515.28	-60.25	0
1552.74	19.3339	0
1564.56	146.426	0
1587.61	215.792	0
1560.1	224.68	0
1752.8	285.63	0
1640.56	198.996	0
1671.65	189.289	0
1771.59	331.412	0
1757.12	239.261	0
1771.53	339.983	0
1617.52	337.848	0
1588.15	409.396	0
1909.52	455.716	0
1588.99	513.062	0
1827.33	382.138	0
1591.7	266.703	0
1527.76	235.934	0
1707.76	383.223	0
1590.58	370.27	0
1596.93	309.213	0
1438.24	188.963	0
1299.79	54.0842	0
1287.99	267.749	0
1296.96	384.131	0
1267.54	296.304	0
1395.37	425.374	0
1241.76	285.881	0
1252.17	273.559	0
1318.71	205.331	0
1182.94	324.287	0
1253.9	376.247	0
1229.71	357.912	0
1189.86	147.256	0
1238.25	89.9924	0
1126.74	166.946	0
1239.34	133.895	0
1160.84	19.5239	0
1154.87	100.333	0
1135.44	137.506	0
1114.15	144.469	0
1123.93	-21.9903	0
1029.6	-7.57804	0
1053.02	23.5207	0
1252.38	156.207	0
1216.24	-24.0926	0
1247.87	-3.88017	0
1286.65	-130.612	0
1194.43	-200.188	0
1310.35	-166.255	0
1212.21	-193.259	0
1301.48	-259.144	0
1241.5	-260.332	0
1055.37	-336.684	0
1187.23	-297.319	0
921.038	-377.77	0
1023.58	-386.787	0
963.197	-444.323	0
986.299	-465.516	0
1112.56	-492.596	0
901.752	-559.448	0
990.231	-578.19	0
1071.19	-691.67	0
1107.08	-705.003	0
1099.29	-729.806	0
924.723	-737.352	0
946.8	-731.808	0
1252.62	-704.846	0
1018.57	-672.492	0
1200.4	-689.397	0
1043.97	-787.078	0
1088.29	-786.22	0
1063.02	-698.079	0
1114.5	-811.879	0
1350.91	-755.93	0
1452.41	-419.406	0
1164.65	-484.926	0
1478.25	-424.409	0
1330.26	-610.099	0
1267.61	-569.165	0
1267.62	-778.604	0
1095.36	-685.611	0
1184.43	-656.855	0
1165.03	-590.234	0
1263.05	-506.056	0
1202.03	-562.756	0
1238.39	-640.186	0
1427.3	-558.735	0
1419.77	-576.624	0
1436.71	-636.452	0
1520.66	-577.543	0
1358.1	-628.357	0
1381.46	-505.22	0
1454.24	-646.91	0
1400.07	-637.225	0
1480.56	-659.681	0
1531.57	-608.613	0
1405.17	-589.572	0
1370.93	-526.077	0
1314.8	-662.983	0
1182.26	-731.049	0
1220.98	-871.763	0
1269.19	-752.306	0
1257.11	-652.091	0
1153.6	-658.466	0
1400.97	-603.876	0
1144.14	-635.646	0
1317.78	-535.168	0
1283.16	-665.728	0
1276.74	-670.286	0
1192.25	-723.528	0
1244.2	-519.972	0
1165.24	-845.405	0
1290.1	-781.942	0
1105.93	-762.113	0
1241.55	-866.846	0
1220.02	-724.232	0
1026.97	-523.421	0
1218	-578.394	0
1164.33	-609.661	0
1209.35	-420.006	0
1217.55	-538.57	0
1237.78	-550.019	0
1279.33	-429.436	0
1231.6	-562.985	0
1227.96	-376.349	0
1479.78	-640.459	0
1124.76	-605.767	0
1269.4	-657.787	0
1340.98	-595.59	0
1192.69	-633.36	0
1074.71	-674.163	0
706.347	-744.561	0
777.165	-692.242	0
719.773	-609.909	0
693.579	-695.393	0
723.67	-549.783	0
879.963	-516.576	0
959.107	-344.578	0
844.57	-579.401	0
714.53	-511.038	0
869.762	-495.465	0
920.635	-583.296	0
902.529	-638.009	0
1235.76	-613.547	0
1134.3	-589.082	0
1203.53	-480.966	0
1131.33	-522.113	0
1152.8	-755.208	0
1242.24	-685.756	0
1260.7	-540.621	0
1393.69	-549.77	0
1511.38	-626.208	0
1379.1	-589.76	0
1554.75	-670.847	0
1354.18	-593.583	0
1461.69	-570.163	0
1430.28	-621.691	0
1181.36	-668.493	0
1126.44	-496.387	0
1272.09	-653.505	0
1206.44	-556.136	0
1168.85	-611.668	0
1186.27	-572.663	0
1261.99	-577.68	0
1165.13	-594.711	0
1151.68	-538.29	0
1243.57	-781.58	0
1364.51	-800.795	0
1397.53	-772.793	0
1225.52	-958.765	0
1368.11	-896.399	0
1297.98	-841.711	0
1191.55	-868.153	0
1219.56	-896.168	0
1359.98	-918.806	0
1430.36	-858.182	0
1517.82	-761.68	0
1362.75	-670.64	0
1455.31	-814.644	0
1575.56	-901.67	0
1592.22	-832.031	0
1692.3	-879.968	0
1630.34	-786.303	0
1623.58	-853.985	0
1662.36	-795.371	0
1454.12	-896.981	0
1371.64	-868.856	0
1481.15	-855.267	0
1375.41	-926.913	0
1413.7	-1027.83	0
1456.99	-896.397	0
1492.26	-1070.18	0
1384.11	-913.666	0
1245.73	-828.387	0
1391.42	-895.268	0
1315.69	-970.93	0
1242.8	-888.081	0
1249.89	-904.129	0
1176.41	-829.416	0
1222.43	-1084.13	0
1325.65	-798.343	0
1149.47	-893.635	0
1111.88	-703.285	0
1329.53	-606.954	0
1337.39	-770.077	0
1321.4	-770.643	0
1464.73	-846.537	0
1390.61	-792.322	0
1401.17	-757.272	0
1302.28	-723.227	0
1642.28	-773.314	0
1625.72	-831.862	0
1653.61	-830.363	0
1643.67	-875.723	0
1530.86	-986.918	0
1591.65	-986.774	0
1418	-1006.64	0
1534.38	-1129.43	0
1480.6	-1010.16	0
1339.03	-980.018	0
1349.75	-836.149	0
1204.58	-931.083	0
1097.71	-993.155	0
1277.76	-1098.26	0
1079.28	-1097.17	0
1492.37	-1213.56	0
1195.05	-1199.09	0
1188.89	-1147.54	0
1226.36	-1229.85	0
1263.44	-1345.22	0
1356.24	-1358.14	0
1372.03	-1643.14	0
1236.6	-1583.15	0
1449.34	-1595.85	0
1397.88	-1709.5	0
1393.89	-1868.48	0
1482.62	-1972.98	0
1300.73	-1834.85	0
1447.5	-1784.51	0
1379.7	-1711.67	0
1143.34	-1822.09	0
1348.65	-1636.02	0
1281.58	-1537.99	0
1333.11	-1636.17	0
1391.28	-1596.23	0
1502.82	-1662.81	0
1710.25	-1757.13	0
1465	-1752.06	0
1492.86	-1873.71	0
1554.86	-1985.45	0
1480.28	-2052.48	0
1602.27	-2078.52	0
1593.27	-2244.92	0
1535.78	-2254.8	0
1640.16	-2282.33	0
1572.55	-2336.52	0
1684.05	-2185.28	0
1669.13	-2165.86	0
1676.65	-2293.79	0
1632.26	-2405.06	0
1577.22	-2448.47	0
1671.69	-2307.81	0
1890.21	-2369.96	0
1806.93	-2333	0
1960.81	-2150.75	0
1786.07	-2118.32	0
1834.14	-2054.86	0
2001.45	-2041.58	0
1848.52	-2143.66	0
2014.79	-2090.97	0
2033.92	-2136.9	0
1983.57	-2336.45	0
2198.39	-2248.19	0
2178.5	-2319.23	0
2133.66	-2239.97	0
2290.91	-2286.39	0
2104.47	-2237.26	0
2134.41	-2273.69	0
2101.42	-2235.98	0
2078.56	-2310.72	0
2292.63	-2210.46	0
2037.38	-2274.02	0
2020.13	-2360.58	0
2125.82	-2251.41	0
1866.88	-2230.88	0
1970.2	-2174.87	0
1856.55	-2308.15	0
1946.32	-2213.88	0
2015.22	-2261.32	0
1847.47	-2091.52	0
1930.01	-2078.23	0
2032.42	-2068.7	0
1784.88	-2071.49	0
1831.11	-1942.9	0
1682.12	-1913.16	0
1707.39	-1995.13	0
1589.93	-1950.13	0
1307.33	-2034.05	0
1646.12	-2039.23	0
1478.41	-2055.61	0
1622.33	-1920.65	0
1678.52	-2030.34	0
1678.1	-1951.82	0
1813.37	-1980.19	0
1775.87	-1969.43	0
1721.07	-1804.97	0
1802.06	-1930.31	0
1754.72	-2050.19	0
1875.12	-2286	0
1891.2	-2189.45	0
1579.73	-2148.81	0
1551.19	-2162.97	0
1524.37	-2063.64	0
1536	-2147.11	0
1766.78	-2133.79	0
1671.66	-2193.47	0
1777.95	-2251.26	0
1902.27	-2386.95	0
1874.94	-2315.77	0
2058.05	-2423.82	0
1821.86	-2398.72	0
1956.65	-2446.1	0
2078.74	-2323.61	0
1894.68	-2491.82	0
1872.02	-2321.44	0
1812.98	-2349.83	0
1755.11	-2349.73	0
1841.88	-2403.25	0
1638.41	-2359.74	0
1771.09	-2361.42	0
1780.14	-2280.58	0
1789.84	-2341.24	0
1738.45	-2199.93	0
1783.14	-2168.37	0
1739.66	-2072.69	0
1392.52	-2275.09	0
1367.86	-2307.69	0
1442.82	-2393.25	0
1438.2	-2302.11	0
1433.04	-2283.07	0
1458.6	-2463.96	0
1342.48	-2572.27	0
1371	-2495.94	0
1371.89	-2510.23	0
1350.57	-2535.23	0
1396	-2619.32	0
1211.17	-2549.05	0
1188.46	-2504.01	0
1338.52	-2521.69	0
1309.11	-2551.81	0
1323.75	-2454.01	0
1315.23	-2491.98	0
1362.33	-2663.25	0
1519.27	-2665.92	0
1361.34	-2448.25	0
1317.64	-2677.34	0
1165.61	-2842.66	0
1112.1	-2740.52	0
1254.89	-2872.94	0
978.949	-2792.69	0
1305.4	-3132.73	0
1264.04	-2971.99	0
1153.26	-3164.37	0
1402.46	-3113.93	0
1371.05	-3025.46	0
1356.16	-2975.57	0
1444.28	-3094.57	0
1314.92	-3110.37	0
1286.94	-3204.17	0
1137.72	-3270.7	0
1122.09	-3309.83	0
1152.82	-3277.45	0
1038.5	-3295.45	0
1252.27	-3195.85	0
1420.65	-3199.98	0
1307.31	-3154.75	0
1528.85	-3197.33	0
1435.14	-3257.24	0
1473.73	-3185.99	0
1520.9	-3306.79	0
1415.05	-3332.14	0
1371.99	-3395.56	0
1454.68	-3362.2	0
1331.6	-3251.12	0
1451.97	-3356.75	0
