-121244	88316.3	0
-12346	-18504	0
-12293.5	-18357.3	0
-12501.8	-18411.1	0
-12363.1	-18439.2	0
-12268.5	-18572.1	0
-12289.6	-18643.8	0
-12284.1	-18696.5	0
-12421.4	-18747.8	0
-12325.1	-18858.8	0
-12460.5	-18847.6	0
-12389.2	-18655.5	0
-12366.7	-18706.8	0
-12437.6	-18899.9	0
-12201	-18935.4	0
-12383.6	-19064.8	0
-12272.7	-19125.6	0
-12223.3	-19138.8	0
-12153.1	-19294.2	0
-12140.5	-19518.8	0
-12002.8	-19539	0
-11946	-19257.9	0
-11880.9	-19355.3	0
-12097.1	-19185.9	0
-12072.6	-19439.3	0
-11983	-19636.1	0
-11969.3	-19364.1	0
-12026.8	-19347.4	0
-12000.5	-19555.1	0
-12071.2	-19376.2	0
-12120.2	-19168.5	0
-12071.9	-19542.6	0
-12111.2	-19486.2	0
-12251.3	-19467.7	0
-12183.2	-19514.1	0
-12168.8	-19416.8	0
-12208.5	-19579.1	0
-12049.6	-19656.7	0
-12091	-19669.1	0
-12129.8	-19571.7	0
-12198.2	-19601.9	0
-12020.8	-19736.2	0
-12310.6	-19749.3	0
-12169	-19676.9	0
-11989.6	-19774.1	0
-11901	-19891.7	0
-12041.7	-19803	0
-12030.9	-19721	0
-11922.6	-19708.6	0
-12064.5	-19691.2	0
-11920.1	-19630.8	0
-11858.9	-19571.8	0
-12044.9	-19732.4	0
-12111.9	-19663.5	0
-12085.4	-19746	0
-12052.6	-19643.8	0
-12174.9	-19634	0
-12149.9	-19608.1	0
-11990.9	-19909.5	0
-11886.3	-20008.2	0
-11898.8	-19913.7	0
-12006.4	-19923.9	0
-12066.2	-20131	0
-11934.4	-20190.5	0
-11635.9	-20255.9	0
-11781.9	-20356.2	0
-11605.9	-20618.7	0
-11559.1	-20309.4	0
-11441.5	-20291.8	0
-11516.7	-20272.1	0
-11727	-20252.5	0
-11572.9	-20258.6	0
-11427.1	-20343.7	0
-11374.9	-20291.5	0
-11349.7	-20469.7	0
-11271.1	-20423.2	0
-11325.8	-20624	0
-11445.6	-20604.3	0
-11487	-20832.7	0
-11459.4	-20816.9	0
-11506	-20926.7	0
-11416.2	-21163.5	0
-11444.3	-21066.1	0
-11355.8	-21020.6	0
-11082.9	-20981	0
-11060.4	-21297.1	0
-10921.5	-21222.7	0
-11014.2	-21304.4	0
-11227.1	-21134.4	0
-11337.9	-21103.5	0
-11319.7	-21187.6	0
-11309.9	-21237.6	0
-11300.7	-20988.8	0
-11190	-21336.9	0
-10966.1	-21278.3	0
-10839.2	-21079.5	0
-10546.4	-21027.4	0
-10508.3	-20868.2	0
-10629.2	-21162.5	0
-10746.2	-21162	0
-10605.9	-21158.9	0
-10533.6	-21104.2	0
-10668.1	-21209.5	0
-10445.2	-21128.9	0
-10355.9	-21219.6	0
-10203.1	-21319.9	0
-10479.6	-21499.1	0
-10159.2	-21319	0
-10282.1	-21607.6	0
-10219.4	-21346.3	0
-10239.1	-21444.1	0
-10165.7	-21326.6	0
-9972.53	-21336.9	0
-9981.68	-21351.1	0
-9993.12	-21254.2	0
-9765.26	-21466	0
-9932.35	-21494.3	0
-9973.03	-21476.9	0
-10004.9	-21388.7	0
-9890.24	-21212.1	0
-9971.02	-21520.8	0
-10004.7	-21587.2	0
-9987.96	-21636.8	0
-10059.8	-21347.7	0
-10039.4	-21483.3	0
-10127	-21497.3	0
-10101.2	-21475.6	0
-10238.9	-21495	0
-10004.4	-21695.2	0
-9535.08	-21733.5	0
-9547.32	-21680.5	0
-9710.56	-21774.3	0
-9680.36	-21713	0
-9670.03	-21763	0
-9706.4	-21612.8	0
-9809.21	-21847.6	0
-9643.47	-21873.7	0
-9440.58	-22066.9	0
-9511.11	-22017.6	0
-9543.76	-22060.2	0
-9356.68	-22162.4	0
-9301.9	-22017	0
-9333.04	-21875.6	0
-9559.45	-21832.9	0
-9459.09	-21871.7	0
-9263.57	-22063.1	0
-9237.88	-22031.7	0
-9025.96	-22086.8	0
-9090.05	-22123.4	0
-8898.76	-22142.3	0
-8965.57	-22302.1	0
-8883.01	-22380.2	0
-9004.3	-22494.8	0
-9206.81	-22475.1	0
-9232.05	-22494.8	0
-9222.78	-22557.9	0
-9317.43	-22794.2	0
-9182.01	-22700.3	0
-9245.1	-22708.9	0
-9029.06	-22881.7	0
-9246.5	-22798	0
-9219.5	-23048.8	0
-9240.13	-22878.9	0
-9300.37	-22961.1	0
-9124.45	-22961.6	0
-9162.67	-23005.7	0
-8805.15	-23046.1	0
-8755.81	-23114.6	0
-8812.03	-22954.4	0
-8800.45	-22962.8	0
-8903.91	-22913.6	0
-8785.62	-22822	0
-8816.59	-22764.5	0
-8915.64	-22855.8	0
-8792.29	-22839.4	0
-8587.77	-23078.1	0
-8554.82	-23102.9	0
-8472.9	-23177.6	0
-8388.24	-23025	0
-8335.33	-22993.5	0
-8144.26	-23100.8	0
-8212.48	-23081.2	0
-8207.25	-23029.8	0
-8154.55	-23284.3	0
-8315.95	-23429.8	0
-8237.14	-23326	0
-8275.85	-23441.5	0
-8252.73	-23378.8	0
-8155.98	-23241.4	0
-8172.76	-23303.6	0
-8066.89	-23404.1	0
-7896.98	-23463.4	0
-7835.39	-23551.4	0
-7832.27	-23476.6	0
-7816.41	-23434	0
-7655.27	-23430.1	0
-7431.1	-23517.3	0
-7348.74	-23625.9	0
-7450.39	-23498.8	0
-7305.54	-23703.9	0
-7268.89	-23887.4	0
-7178.01	-23947.1	0
-7263.92	-24217.9	0
-7330.46	-24006.3	0
-7273.18	-24210.8	0
-7309.38	-23941.6	0
-7499.45	-23823	0
-7541.25	-23838.6	0
-7733.9	-23634	0
-7608.96	-23685.7	0
-7639.08	-23863.4	0
-7652.4	-23979.9	0
-7312.9	-23933.8	0
-7108.84	-23948	0
-7279.23	-23853.8	0
-7280.19	-23927.7	0
-7346.6	-24187.6	0
-7521.1	-24345.7	0
-7364.49	-24219.8	0
-7174.95	-24264.4	0
-7057.55	-23960.1	0
-6910.98	-24100.6	0
-6905.05	-24181.8	0
-6827.77	-24109.7	0
-6917.24	-24152.7	0
-6936.82	-24169.5	0
-6962.61	-24137.7	0
-6911.71	-24211.3	0
-6909.03	-24208.4	0
-6971.84	-24302	0
-6678.25	-24397.8	0
-6621.38	-24468.7	0
-6623.1	-24521.7	0
-6532.76	-24665.7	0
-6445.29	-24594.2	0
-6253	-24614.1	0
-6236.4	-24729.3	0
-6212.37	-24863.1	0
-5773.46	-24780.3	0
-5868.99	-24884	0
-5768.14	-24854	0
-5728.75	-24852.7	0
-5810.8	-24942.8	0
-5717.88	-25237.6	0
-5661.78	-25212.3	0
-5567.76	-25098.5	0
-5327.54	-25265.2	0
-5270.36	-25555.6	0
-5239.67	-25489.2	0
-5101.72	-25591.2	0
-5103.8	-25640.4	0
-5041.19	-25565.6	0
-5284.84	-25656.2	0
-5370.53	-25606.2	0
-5211.33	-25697.2	0
-5535.78	-25478.3	0
-5367.42	-25468.8	0
-5305.71	-25499.4	0
-5269.73	-25501.3	0
-5228.35	-25701.7	0
-5342.41	-25689.3	0
-5075.17	-25554.8	0
-5113.54	-25509.7	0
-5071.2	-25921.5	0
-4963.44	-25696.4	0
-4750.58	-25840.1	0
-4839.67	-26000.6	0
-4653.93	-25978.3	0
-4542.54	-26130.4	0
-4424.68	-25876.7	0
-4592.74	-26047.2	0
-4560.34	-25918.5	0
-4722.5	-26172.9	0
-4508.38	-26338.7	0
-4619.83	-26283.7	0
-4451.12	-26366	0
-4538.05	-26305.3	0
-4451.62	-26553.6	0
-4233.48	-26677.1	0
-4263.85	-26487.2	0
-4111.2	-26555.1	0
-4020.74	-26559.8	0
-3868.1	-26398.4	0
-3980.13	-26561.2	0
-3708.71	-26476.8	0
-3740.81	-26407.6	0
-3659.48	-26725.7	0
-3628.64	-26592.6	0
-3677.07	-26725.6	0
-3635.61	-26685.4	0
-3574.03	-26854	0
-3628.11	-26638.2	0
-3427.64	-26563.9	0
-3328.26	-26656.2	0
-3489.01	-26513.4	0
-3451.54	-26467.6	0
-3542.99	-26402.8	0
-3383.45	-26362.2	0
-3279.2	-26628.9	0
-3329.15	-26244.7	0
-3399.73	-26455.2	0
-3233.03	-26534.3	0
-3081.68	-26560.1	0
-2887.14	-26486.7	0
-2766.14	-26482.7	0
-2947.53	-26638.7	0
-3046.59	-26600.8	0
-3040.66	-26837.8	0
-2880.29	-26516.4	0
-3006.79	-26658.4	0
-3011.82	-26646.1	0
-2986.12	-26701.3	0
-3075.75	-26595.3	0
-3018.68	-26727.8	0
-3006.66	-26759.2	0
-2892.58	-26723.3	0
-2947.54	-26746.6	0
-2998.01	-26572.8	0
-2770.21	-26514.9	0
-2764.25	-26455.9	0
-2724.15	-26356.1	0
-2506.96	-26439.3	0
-2450.32	-26339.9	0
-2411.11	-26507.7	0
-2370.69	-26401.1	0
-2330.96	-26479.8	0
-2211.03	-26481.2	0
-2507.46	-26487.9	0
-2423.6	-26770.3	0
-2334.54	-26527.2	0
-2386.7	-26651.6	0
-2265.78	-26591.8	0
-2100.35	-26883	0
-1822.54	-26709.1	0
-1794.32	-26773.4	0
-1580.88	-26693.5	0
-1878.72	-26609	0
-1408.7	-26433.7	0
-1415.08	-26476.4	0
-1216.29	-26532.4	0
-1290.48	-26519.6	0
-1244.5	-26668.8	0
-1280.39	-26399.7	0
-1423.03	-26539.5	0
-1328.98	-26513.7	0
-1328.38	-26598.1	0
-1416.25	-26552	0
-1071.59	-26477.6	0
-1342.8	-26574.5	0
-1411.31	-26675	0
-1325.68	-26527.5	0
-1266.75	-26651.5	0
-1163.06	-26571.7	0
-1036.52	-26394.2	0
-1031.69	-26396.9	0
-1077.51	-26221.2	0
-1066	-26391.7	0
-1060.51	-26264	0
-1058.72	-26237.7	0
-1041.85	-26298.7	0
-713.654	-26349.9	0
-988.651	-26305.5	0
-891.951	-26260.7	0
-1022.99	-26151.1	0
-853.901	-26305.5	0
-1006.53	-26269.8	0
-890.617	-26292.9	0
-984.79	-26305.2	0
-942.65	-26203	0
-1068.85	-26066.8	0
-957.277	-26196.7	0
-921.016	-26448.7	0
-776.8	-26577.9	0
-902.155	-26515	0
-953.71	-26621.3	0
-900.917	-26600.5	0
-775.389	-26639.7	0
-728.802	-26796.7	0
-867.568	-26655.8	0
-836.738	-26549.3	0
-696.043	-26630	0
-750.576	-26723.4	0
-742.832	-26751.9	0
-595.23	-26442.7	0
-690.373	-26467.1	0
-755.954	-26436.9	0
-654.224	-26365.5	0
-548.921	-26459.5	0
-661.153	-26294.4	0
-697.381	-26324.8	0
-754.801	-26407.3	0
-529.565	-26469.3	0
-473.269	-26598.9	0
-463.795	-26503.5	0
-427.167	-26525.1	0
-204.715	-26418.7	0
-301.693	-26295.6	0
-252.498	-26812.9	0
-197.262	-26613.1	0
-266.763	-26827.4	0
35.1074	-26879.8	0
-63.3499	-26974.3	0
277.97	-27026.3	0
67.6878	-26956.2	0
233.331	-27239	0
326.918	-27215.8	0
291.103	-27195.3	0
350	-27259.5	0
427.972	-27246.5	0
567.327	-27146.9	0
597.562	-27308.3	0
667.944	-27472.6	0
700.858	-27443	0
666.3	-27545.9	0
756.197	-27402.9	0
778.489	-27262.2	0
889.27	-27272	0
680.333	-27194.6	0
625.148	-27327.3	0
513.551	-27321.8	0
613.454	-27109.7	0
688.988	-26999.3	0
480.136	-27003.5	0
516.812	-26780.8	0
380.733	-26817	0
639.424	-26858.1	0
483.16	-26846	0
553.273	-26849.1	0
661.819	-26628.1	0
939.31	-26635.7	0
994.764	-26874	0
1101.98	-26593.1	0
1109.79	-26586.9	0
911.876	-26489.8	0
899.144	-26578.7	0
901.864	-26547.5	0
916.197	-26720.4	0
1189.31	-26630.6	0
1173.66	-26581.1	0
1190.8	-26691.4	0
1322.93	-26698.5	0
1539.19	-26572.8	0
1611.74	-26386.4	0
1551.64	-26374.8	0
1434.22	-26362.6	0
1328.48	-26336.7	0
1485.21	-26260.1	0
1442.12	-26387.5	0
1210.6	-26339.9	0
1451.62	-26528.4	0
1437.76	-26280.3	0
1533.75	-26408.1	0
1681.58	-26162.1	0
1642.22	-26136.1	0
1841.42	-26251.3	0
1844.56	-26175.3	0
1901.04	-26222.1	0
1880.81	-26047.4	0
1779.69	-26037	0
1833.36	-25805.9	0
2033.07	-25935.2	0
2136.44	-25796.5	0
2020.13	-25803.2	0
2066.4	-25837.4	0
2201.71	-25579.5	0
2314.23	-25510.1	0
2351.41	-25470.8	0
2512.05	-25295.2	0
2409.1	-25497.1	0
2352.47	-25469.5	0
2288.66	-25435.6	0
2312.71	-25504.4	0
2321.49	-25478.6	0
2531.66	-25470.7	0
2363.94	-25611	0
2523.33	-25377.2	0
2297.05	-25401.9	0
2321.69	-25705.9	0
2397.73	-25509.3	0
2396.45	-25702.3	0
2426.81	-25824.7	0
2542.04	-25803.1	0
2503.29	-25810.5	0
2442.11	-25834	0
2668.23	-25718.1	0
2710.78	-25674.4	0
2554.2	-25621.5	0
2491.27	-25688.1	0
2295.01	-25978.8	0
2200.62	-26159.6	0
2346.69	-26277.3	0
2315.27	-26319.6	0
2531.24	-26354.1	0
2353.99	-26199.7	0
2613.31	-26199.1	0
2694.52	-26070.6	0
2742.38	-25980.6	0
2671.82	-25920.6	0
2438.3	-26258.6	0
2734.94	-26209.7	0
2588.91	-26155.2	0
2588.1	-26243.4	0
2812.8	-26105.7	0
3081.9	-25910.5	0
3053.22	-25998.9	0
2985.07	-26100.6	0
2998.49	-26035.8	0
2804.6	-26036.8	0
2822.75	-26094.8	0
2686.61	-25884.6	0
2952.1	-26119.6	0
3127.99	-25867.1	0
2962.02	-25899.5	0
2843.74	-25809.2	0
2780.84	-25789	0
2617.82	-25719.2	0
2748.24	-25757.6	0
2578.72	-25827.7	0
2907.57	-25836.3	0
2885.63	-25877.4	0
2661.39	-25953.8	0
2913.38	-25795.9	0
2930.57	-25780.7	0
2914.19	-25795.5	0
3108.18	-25622.4	0
3053.07	-25618	0
2929.8	-25531.3	0
3000.02	-25631	0
2905.97	-25584	0
2820.32	-25316.6	0
3051.06	-25615.7	0
3014.78	-25395.2	0
3189.78	-25453.8	0
3145.83	-25306.8	0
3228.9	-25404	0
3136.56	-25367.2	0
3323.63	-25491.9	0
3397.13	-25490.8	0
3467.7	-25507.7	0
3500.49	-25552.8	0
3629.13	-25407	0
3717.82	-25324.6	0
3811.26	-25436.4	0
3560.04	-25371.8	0
3595.65	-25355.7	0
3752.63	-25712.6	0
3687.13	-25717.7	0
3845.02	-25517.4	0
3967.9	-25613.2	0
3983.43	-25589.6	0
4123.53	-25463.2	0
4283.52	-25561.8	0
4136	-25651.2	0
4398.88	-25521.5	0
4302.87	-25396.6	0
4341.49	-25295.7	0
4570.02	-25268.8	0
4617.98	-25160.6	0
4490.73	-25314.8	0
4448.38	-25179.1	0
4598.67	-25347.9	0
4626.06	-25368.1	0
4461.06	-25297	0
4732.49	-25074.1	0
4601.53	-25159.9	0
4555.08	-25356.5	0
4811.38	-25335.2	0
4549.03	-25070.1	0
4777.84	-25125	0
4857.82	-25043.5	0
4693.68	-24888.3	0
5065.21	-25077.3	0
5007.11	-24883.4	0
4996.49	-24706.9	0
5282.15	-24634.4	0
5486.32	-24743.1	0
5505.11	-24748.4	0
5520.71	-24540.8	0
5562.51	-24403.9	0
5488	-24509.3	0
5491.52	-24626.4	0
5668.66	-24544	0
5657.17	-24709.7	0
5506.47	-24795	0
5407.62	-24831.5	0
5652.44	-24715.1	0
5837.06	-24872.2	0
6004.75	-25104	0
6058.67	-24992.6	0
5978.49	-25149.8	0
5879.5	-24901.3	0
6107.39	-24977.8	0
6133.34	-25103	0
6119.13	-25134.7	0
6173.3	-25061.3	0
6262.53	-24991.5	0
6469.73	-24945.1	0
6324.99	-24938.3	0
6439.89	-25077.1	0
6526.4	-24926.6	0
6399.48	-25037.6	0
6332.58	-25219.1	0
6589.15	-25164.2	0
6559.79	-25035.1	0
6620.85	-25101.6	0
6729.74	-24961.5	0
6774.71	-25057.6	0
6645.95	-25003	0
6504.78	-25183.7	0
6537.79	-25287.6	0
6716.79	-25227.2	0
6848.54	-25103.9	0
6759.55	-25107.9	0
6799.93	-25072.5	0
6934.99	-25182.1	0
7027.87	-25046.5	0
7001.56	-24937.9	0
6968.92	-25148.5	0
6987.69	-24996.6	0
6975.62	-25130.1	0
6806.63	-25138.9	0
7046.39	-25159.1	0
6995.08	-25248.1	0
6981.37	-25174.5	0
7167.13	-25031.8	0
7155.08	-25049.8	0
6980.17	-24934.3	0
7306.09	-25136.7	0
7241.57	-25179.1	0
7264.7	-25206.2	0
7147.67	-25311.8	0
7095.56	-25393.1	0
7321.2	-25328.3	0
7427.2	-25482.4	0
7489.47	-25416.8	0
7485.1	-25442.9	0
7350.73	-25603	0
7312.04	-25557.2	0
7537.13	-25678.1	0
7431.85	-25915.3	0
7690.52	-25713.5	0
7533.32	-25723.5	0
7468.96	-25587.1	0
7509.4	-25709	0
7526.41	-25677.3	0
7524.68	-25785.7	0
7519.99	-25816.9	0
7425.25	-25761.6	0
7546.95	-26038	0
7500.81	-25777.3	0
7537.35	-25881.1	0
7472.98	-25993.1	0
7535.56	-25908	0
7719.14	-25906.8	0
7639.71	-25949.8	0
7628.37	-25793.8	0
7799.56	-25870.4	0
7674.78	-25799.6	0
7947.48	-25654.6	0
7766.57	-26038.5	0
8077.35	-25923.3	0
7971.13	-25806.1	0
7937.83	-25875.7	0
8047.54	-26083.1	0
8002.46	-26071.7	0
8159.86	-25815.6	0
8147.04	-25975.8	0
7999.8	-26029.6	0
8005.27	-25980.6	0
8001.15	-25956.3	0
8105.97	-26143.5	0
8347.92	-26013.4	0
8128.47	-25954	0
8167.95	-26092.6	0
8320.86	-26211.5	0
8235.1	-26194.9	0
8235.03	-26358.4	0
8166.27	-26253.4	0
8320.41	-26128.3	0
8202.01	-26170.9	0
8141.96	-26237.6	0
8203.48	-26218.8	0
8280.49	-26087.1	0
8397.51	-26153.1	0
8587.68	-26155.8	0
8564.88	-25976.7	0
8814.05	-25931	0
9007.83	-25743.7	0
8688.69	-25973.5	0
8574.24	-25736.4	0
8771.39	-25558.3	0
8357.9	-25728.4	0
8583.18	-25786.3	0
8654.33	-25847.9	0
8783.53	-25915.3	0
8929.43	-25755	0
8522.72	-25783.7	0
8543.76	-25860.5	0
8784.43	-25792.6	0
8891.73	-25687.2	0
8839.05	-25945.7	0
8766.9	-25792.4	0
8780.88	-25909	0
8783.1	-25765.7	0
8958.35	-25726.7	0
9169.52	-25756.7	0
8873.78	-25702.2	0
8838.32	-25679.6	0
8882.1	-25598.9	0
8960.4	-25620.7	0
9001.29	-25689.7	0
8874.78	-25733.5	0
8709.67	-25812.7	0
8917.92	-25779.8	0
9023.58	-25905.8	0
9084.06	-25808.1	0
9169.33	-25814.4	0
9230.02	-25899.2	0
9226.35	-25886.2	0
9383.51	-25966.3	0
9249.31	-26029.1	0
9488.27	-26049.3	0
9346.88	-25954.2	0
9731.58	-25860.4	0
9638.75	-25790.3	0
9697.67	-25667.4	0
9759.97	-25833.5	0
9778.45	-25447.3	0
10021	-25388.4	0
10141.2	-25530.9	0
10133.3	-25424.6	0
10279.3	-25642.8	0
10071.8	-25357	0
10037.9	-25480.2	0
10312.7	-25226.1	0
10201.7	-25394.3	0
10060.8	-25392.3	0
10044.4	-25448.1	0
10046.9	-25245	0
10180.5	-25236.6	0
10150.2	-25399.8	0
10391.3	-25319.5	0
10421.6	-25521.5	0
10492.1	-25312.5	0
10615.1	-25222.4	0
10547.7	-25243.9	0
10545.8	-25566.7	0
10472.6	-25367.6	0
10426.7	-25571	0
10761.3	-25625.7	0
10863	-25599.7	0
10924.7	-25654.7	0
10859.1	-25630.9	0
11095.9	-25628.7	0
11208.7	-25221.5	0
11029.5	-25177.5	0
10894.2	-25260.4	0
10837	-25247.4	0
10474.3	-25287.1	0
10743.6	-25217.9	0
10743.6	-25204.5	0
10572.6	-25066.8	0
10327.3	-25363.1	0
10473.2	-25438.4	0
10605.8	-25352.9	0
10719.3	-25183.8	0
10850.1	-25367.9	0
10696	-25268	0
10770.3	-25173.8	0
10708.3	-25161.5	0
10936.9	-25104	0
10969.8	-24879.4	0
11234.1	-24852.2	0
11290.9	-24455.6	0
10992.6	-24520.8	0
10927.3	-24726.7	0
10905.4	-24791.9	0
11181.3	-24578.1	0
11225.3	-24628.6	0
11150.7	-24486.1	0
11424.1	-24751.6	0
11094.3	-24637.8	0
11134.6	-24783.6	0
11457.6	-24898.2	0
11399.8	-24465.9	0
11487.8	-24711.6	0
11800.9	-24752.7	0
11818.4	-24977	0
11698.9	-24951.4	0
11629.2	-24814.8	0
11391.6	-24728.5	0
11809.2	-24674.5	0
11793.1	-24492.9	0
11994.6	-24533.8	0
11844.9	-24750.8	0
11743.5	-24776.5	0
11858.2	-24723.2	0
11851.5	-24688.4	0
11777.4	-24407.5	0
11922	-24383	0
12058.7	-24460.5	0
11810.3	-24479.2	0
11687.4	-24598.5	0
11904.2	-24488.6	0
11886	-24181.7	0
11744.4	-24172.4	0
11743.5	-23983	0
12093	-23983.6	0
11882.4	-24209.1	0
11837.5	-23895	0
11672.7	-24056.6	0
11544.6	-23932.9	0
11772.3	-23730.5	0
11895.6	-23728.5	0
12114.6	-23659	0
12021.8	-23417.3	0
12225.3	-23786.3	0
12006	-23758.8	0
11902.7	-23938.7	0
11993.7	-24026.1	0
12006	-24271.2	0
12074.4	-24154	0
12149.7	-24018.7	0
12303.4	-23909.4	0
12421.3	-23425.6	0
12449.1	-23906.4	0
12182.6	-23617.3	0
12205.2	-23955.9	0
12334.6	-24000.2	0
12360.8	-24244.7	0
12467	-24327.7	0
12309.2	-23912.8	0
12459.9	-23944.8	0
12531.4	-23801.4	0
12334.6	-23550.5	0
12327.3	-23710.6	0
12199.4	-23687.3	0
12047.4	-23592.1	0
12164.5	-23603.5	0
12346.2	-23783.4	0
12123	-23587.6	0
12338.2	-23555.2	0
12280.1	-23568	0
12227	-23471.6	0
12458.4	-23064.6	0
12748.8	-23134.5	0
13100.8	-22978.6	0
13273.5	-22933.6	0
13201.9	-22771.6	0
13477.1	-22973.1	0
13314.3	-22772.4	0
13193.9	-22919.7	0
13111.4	-22868.2	0
12821.4	-22857.8	0
12820.8	-23170	0
12739.8	-23401.4	0
12670	-23758	0
12530.5	-24205.7	0
12288.9	-24269.1	0
12318.7	-24512.7	0
12333.5	-24663.4	0
12266.3	-24736.8	0
12278.8	-24736.1	0
12218.5	-24630.4	0
12346.3	-24724.9	0
12310.5	-24588.9	0
12188.1	-24418.1	0
12272.9	-24384.2	0
12189.9	-24483	0
12254.7	-24623.9	0
12310.7	-24602.4	0
12249.9	-24741.6	0
12531	-24728.9	0
12510.9	-24871.2	0
12523.2	-24963.8	0
12558.3	-25023	0
12788.8	-24942.7	0
12756.7	-25252.4	0
13037.3	-25175.6	0
12921.7	-25485.1	0
13001.8	-25208.8	0
13145.1	-25134.5	0
13082.4	-25282.5	0
13179.6	-25077.9	0
13055.6	-24942.7	0
13119.3	-24935.3	0
13215.1	-24992.6	0
13347.5	-24751.2	0
13352.6	-24843.7	0
13487	-24523.2	0
13611.9	-24583.1	0
13760.3	-24510.4	0
13847.8	-24758.7	0
13814.7	-24695.9	0
13739.7	-24609.7	0
13585.7	-24790.9	0
13718.8	-24626.3	0
13676.6	-24708.5	0
13670.6	-24823	0
13744.4	-24797.2	0
13529.1	-24851.1	0
13935.9	-24608.4	0
13822.2	-24553.5	0
13707.8	-24726.7	0
13994.8	-24594.2	0
13891.7	-24511.2	0
13739.5	-24287.4	0
13758.7	-24373.9	0
13862.7	-24297.6	0
13660.5	-24292.3	0
13575.6	-24213.1	0
13760.2	-24306.1	0
13624.4	-24141.7	0
13610.6	-24110.8	0
13691.8	-23960.6	0
13777	-23832	0
13703.1	-23850.9	0
13837.8	-23984.8	0
13792.8	-23758	0
13963.5	-23749.4	0
13943.3	-23780.9	0
14085.4	-23486.5	0
14228.8	-23657.7	0
14389.7	-23453	0
14313.8	-23724.4	0
14565.6	-23473.8	0
14726.3	-23619.6	0
14778.8	-23823.6	0
14681.9	-23693.9	0
14880.4	-23624.5	0
14776.6	-23482	0
14808.6	-23269.8	0
14683.4	-23534.1	0
14851.7	-23572.2	0
14721.2	-23378.9	0
14934.8	-23312	0
14889.3	-23197.4	0
15077.3	-23257.8	0
15054.6	-23139.6	0
14990.9	-23171.6	0
15248.6	-23173.5	0
15195.6	-23112.9	0
15080.1	-22934.2	0
15404.9	-22893.9	0
15397	-22826.5	0
15407.8	-22831.1	0
15435.8	-22724.6	0
15508.5	-22760.8	0
15462.7	-22660.3	0
15763	-22869.9	0
15658.9	-22937.8	0
15922.2	-22903.1	0
15872.9	-23008.3	0
15859.3	-22915.6	0
15782.2	-22657.8	0
15890.6	-22801.8	0
15744.8	-22790.3	0
15937.8	-22810.1	0
15756.2	-22720.8	0
16138.7	-22676.2	0
15981.4	-22640.2	0
16167.8	-22611.9	0
16246.8	-22556.1	0
16291.6	-22385.3	0
16182.5	-22433.4	0
16361.1	-22405	0
16137.8	-22434.4	0
16543.1	-22451.9	0
16310.5	-22490.8	0
16510.5	-22514.5	0
16583.4	-22397	0
16853.2	-22539.6	0
16852.4	-22507	0
17118.6	-22684.9	0
16916.3	-22537.3	0
16986.9	-22496.5	0
17095.4	-22512.6	0
17328.5	-22433.2	0
17300.3	-22479.9	0
17277.7	-22313.4	0
17681.5	-22164.1	0
17889.6	-22055.6	0
17810.5	-22169.1	0
17970.6	-22226.8	0
18164.5	-22333.6	0
18197.5	-22223.6	0
18222.4	-22393	0
18283.3	-22107	0
18122.3	-22383.7	0
18029.2	-22264.1	0
18104.4	-22033.6	0
18010.4	-22355.3	0
18025.9	-22071.9	0
18246.6	-22096.6	0
18242.8	-22111.5	0
18528.7	-22181.8	0
18388.6	-22012.6	0
18309.9	-21990.7	0
18404.8	-21877.2	0
18674.6	-21719.1	0
18557.2	-21647.8	0
18538.8	-21882.9	0
18714.2	-21744.8	0
18918.6	-21746.8	0
19078.5	-21696.9	0
19134.3	-21626.4	0
19234.2	-21661.3	0
19213.7	-21608.4	0
19235.8	-21918.3	0
19354.2	-21691.8	0
19564.3	-21660.6	0
19540.1	-21594	0
19852.3	-21753.7	0
19868.4	-21454.5	0
19743.1	-21739.2	0
19868.3	-21743.6	0
19853	-21692.1	0
19864.2	-21446.9	0
19973.7	-21544.7	0
20108.4	-21394.1	0
20231.2	-21514.8	0
20284.8	-21359.8	0
20330	-21341.7	0
20330.6	-21030	0
20173.5	-20997.3	0
20349.1	-21030.5	0
20160.3	-21149.2	0
20202.4	-20998.2	0
20123.9	-21016.2	0
20327.7	-21221.1	0
20370.6	-20937.8	0
20417	-20984.2	0
20528.6	-20909.9	0
20454.4	-20893.6	0
20381.8	-20787.9	0
20302.4	-20620.6	0
20385.3	-20583.4	0
20270.3	-20645.5	0
20449.6	-20661.3	0
20548.6	-20662.2	0
20780.2	-20520.5	0
20817.6	-20312.6	0
20866.1	-20617.9	0
20926.4	-20480	0
20986	-20628.3	0
21053	-20672.8	0
20932.5	-20483.3	0
20789.6	-20443.6	0
20730.5	-20205.5	0
20958.1	-20260.3	0
20919.4	-20288.3	0
20867.2	-20195.6	0
20949.5	-20258.5	0
20847.4	-20106.8	0
20798.2	-20044.4	0
20955.3	-20043.4	0
20923.2	-19970.5	0
20942.7	-19665.7	0
20789.1	-19787.2	0
21179	-19880.9	0
21184.5	-19501	0
21151.6	-19570.2	0
21039.2	-19321.3	0
20866.5	-19430.4	0
21155.9	-19230.5	0
21194.9	-19233	0
21262.4	-18991.4	0
21184.6	-18901.8	0
20931.5	-18803.4	0
21107.9	-18690.8	0
21150.7	-18807.8	0
21315.2	-18584.5	0
21189.5	-18712.4	0
21144.7	-18844.9	0
21233.3	-18429.1	0
21441.2	-18370.6	0
21469.9	-18519.6	0
21619.7	-18254.1	0
21426.4	-18025.2	0
21532.7	-17983.1	0
21649.2	-18171.7	0
21688.1	-18050.6	0
21732.3	-17901.6	0
21651.4	-17766.8	0
21771.6	-17831	0
21885.1	-17940.8	0
21709.6	-18063.3	0
21833.4	-17825.2	0
21700.1	-17950.5	0
21846.7	-17946.1	0
22050.4	-17890	0
22098.1	-17891.2	0
21937	-17973.6	0
21839.7	-17980.5	0
21994.6	-18006.6	0
22004.6	-17862.4	0
21878.2	-17922.1	0
21776.9	-17774.4	0
21832.1	-17770.8	0
21920.5	-17736.8	0
22013.2	-17821.6	0
21928.8	-17804.4	0
22198.5	-17722.5	0
22243.6	-17825.7	0
22325.2	-17603.4	0
22239.4	-17800.6	0
22439.9	-17840.8	0
22803	-17704.9	0
22679.2	-17648.2	0
22648.1	-17723.6	0
22765.2	-17636	0
22744.1	-17538.9	0
22827.5	-17427.7	0
22886.5	-17441	0
22696	-17528.2	0
22758.2	-17578	0
22750.9	-17503.9	0
22758.2	-17413.2	0
22498.2	-17533.8	0
22664.5	-17531.4	0
22690	-17300.4	0
22558.3	-17210.2	0
22575.7	-17422.4	0
22700.8	-17071.5	0
22545.7	-17368.1	0
22845.1	-17487	0
23151.8	-17466	0
22896.7	-17536.2	0
23040.2	-17582.8	0
23009.8	-17245.4	0
23223.9	-17330.4	0
23331.2	-17441.2	0
23255.7	-17195	0
23452.7	-17142.1	0
23493	-16994.1	0
23532.3	-16891.1	0
23625.7	-16556.3	0
23654	-16566.5	0
23454.1	-16439.7	0
23585	-16414.2	0
23678.6	-16209.8	0
23618.2	-16113.5	0
23737.3	-16009.7	0
23677.3	-16068.8	0
23573.7	-15818.1	0
23604.8	-15749.5	0
23756.9	-15720	0
23687.4	-15888.5	0
23555.9	-15879.4	0
23503.2	-15818.7	0
23723.8	-15600.8	0
23496.2	-15528.8	0
23776.5	-15569.7	0
23716.6	-15370.3	0
23773	-15511.4	0
23882.5	-15391.1	0
23870.6	-15377.7	0
23897.8	-15272.8	0
23700.2	-15049.5	0
23613.8	-15272.5	0
23734.2	-14965.8	0
23973.9	-14951.4	0
23820.5	-14812	0
23969.2	-14818.5	0
23884.6	-14582.2	0
23926	-14921.3	0
23584.6	-14724.6	0
23991.5	-14574.2	0
23821.7	-14443	0
23772.7	-14417.5	0
23679.2	-14427	0
23973.2	-14510.2	0
23863.9	-14194.2	0
23933.1	-14059	0
23882.2	-14164.1	0
23884	-14092.6	0
23733.3	-14085.7	0
23847.1	-14271.8	0
23920.9	-14075.1	0
23790.3	-13782.7	0
23714	-14023.6	0
23798.5	-14026	0
23921.9	-13872.9	0
23975.7	-13728.5	0
24022.7	-14018.2	0
23940	-13596.4	0
23955.9	-13944.3	0
24002.4	-13842.7	0
23817.9	-13700.7	0
23963.1	-13697.5	0
23868.3	-13585.2	0
24017	-13754	0
23722.1	-13574.3	0
24076.2	-13575.6	0
23860.5	-13391.2	0
24122.7	-13370.3	0
24031	-13344.1	0
23866.1	-13074.7	0
23895.2	-13259.5	0
23844.9	-13021.8	0
23973	-13013.4	0
24132.4	-12979.5	0
24025.5	-12905.7	0
23782.6	-12825	0
23768.4	-12710.8	0
23832.9	-12616.4	0
23988.4	-12712.7	0
24053.3	-12581.4	0
24067.4	-12871.3	0
24173.3	-12802.8	0
23922.9	-12676	0
24063.8	-12385.1	0
24097.5	-12298.6	0
24305	-12186.8	0
24285.9	-12023.3	0
24239.9	-12027.1	0
24262.2	-11811.9	0
24130.8	-11862.8	0
24168.2	-11649.4	0
24013.6	-11788.3	0
24314.1	-11633.3	0
24346.7	-11644.4	0
24475.1	-11732.8	0
24460.4	-11648.8	0
24507.4	-11632.6	0
24492.1	-11511.7	0
24411.6	-11505.1	0
24388.8	-11241.8	0
24108.3	-11269.3	0
24313.6	-11172.7	0
24218.4	-11021.1	0
24220.3	-11318.4	0
24405	-11104.7	0
24296	-10994.9	0
24120.2	-10878.9	0
24336.7	-11021.3	0
24062.2	-11160.7	0
24210.3	-11039.9	0
24219.9	-11186.2	0
24105.2	-10924.3	0
24107	-11042.4	0
24171.8	-10908.8	0
24110	-10604.9	0
24009.8	-10741	0
23867.1	-10928.7	0
24013.3	-10866.2	0
23956.9	-10944.6	0
23913.6	-10877.9	0
23888.4	-10855.8	0
23844.5	-10605.5	0
23697.8	-10766.9	0
23771.9	-10575	0
23941.3	-10564.4	0
23886.9	-10584	0
23934.8	-10609.9	0
23695.2	-10393.5	0
23805.2	-10498.4	0
23600.9	-10194.3	0
23448.7	-10314	0
23433.8	-10333.4	0
23611.5	-10305.4	0
23368.9	-10477	0
23278.6	-10274.3	0
23278.2	-10443.3	0
23272.9	-10275.6	0
23383.8	-10375.6	0
23172.6	-10489.6	0
23077	-10398	0
23080.6	-10213.2	0
23230.1	-10169.8	0
23209.6	-10098.6	0
23047.2	-9941.94	0
22784.6	-9828.47	0
22670.2	-9811.6	0
22723.7	-9464.34	0
22695.9	-9514.12	0
22605.6	-9586.25	0
22590.3	-9493.74	0
22692	-9371.63	0
22959.9	-9258.57	0
22812	-9243.82	0
22859.3	-9367.97	0
23005.5	-9367.44	0
22852.4	-9397.34	0
22801.6	-9269.6	0
22780.2	-9287.31	0
22837.5	-8896.4	0
22548.2	-9153.95	0
22450.4	-8787.9	0
22600.5	-8850.18	0
22801.8	-8658.77	0
22672.3	-8572.67	0
22699.5	-8593.44	0
22527.1	-8450.08	0
22459.6	-8419.27	0
22192	-8240.36	0
22454.4	-8292.94	0
22369.6	-8330.57	0
22608.8	-8223.55	0
22152.7	-7933.33	0
22258.8	-7844.33	0
22298.9	-7811.69	0
22191.5	-8031.81	0
22033.1	-7708.88	0
22083.7	-7664.16	0
22234.1	-7638.07	0
21623.5	-7485.23	0
21597	-7343.66	0
21664	-7244.22	0
21640	-7189.43	0
21808.6	-7109.74	0
21721.6	-6781.22	0
21629.5	-6924.43	0
21525.4	-6697.17	0
21809.5	-6431.91	0
21654.3	-6271.58	0
21643.8	-5950.22	0
21569.1	-5943.75	0
21773.4	-6236.37	0
21624.3	-6033.47	0
21544.9	-5999.56	0
21735	-5925.94	0
21632.1	-5844.32	0
21601.8	-5737.94	0
21685.5	-5920.06	0
21486.2	-5904.55	0
21812.2	-5738.88	0
21688	-5610.06	0
21716.3	-5693.81	0
21493.8	-5492.36	0
21536.5	-5650.86	0
21411.9	-5514.95	0
21453.3	-5464.05	0
21502.8	-5468.22	0
21274.6	-5178.85	0
21317.6	-5142.49	0
21582.3	-5217.4	0
21375.4	-5177.98	0
21298.3	-5067.13	0
21246.5	-5146.14	0
21143.7	-4893.32	0
21147.6	-4811.06	0
21091.2	-4851.48	0
20953.5	-4805.82	0
20807.9	-4740.53	0
20879.9	-4842.01	0
20945	-4707.14	0
20631.2	-4805.98	0
20779.8	-4650.67	0
20765.1	-4870.76	0
20765.7	-4857.54	0
20578.5	-4811.55	0
20394.6	-4695.66	0
20519.4	-4665.53	0
20512.7	-4565.58	0
20552.4	-4532.92	0
20577.4	-4356.09	0
20576	-4527.77	0
20667.4	-4526.48	0
20677.1	-4595.42	0
20650.3	-4362.37	0
20766.5	-4475.8	0
20871.6	-4676.93	0
20748.3	-4794.97	0
20766	-4797.57	0
20672.7	-4831.84	0
20436.4	-4851.74	0
20616.7	-4703.44	0
20434.6	-4629.69	0
20282.5	-4688.44	0
20367.8	-4545.2	0
20222.3	-4660.91	0
20212.1	-4827.53	0
20231.9	-4807.99	0
20293.1	-4699.51	0
20103.5	-4648.58	0
20113.1	-4469.38	0
20329.1	-4414.87	0
20209.3	-4340.95	0
20173.3	-4078.66	0
20228.7	-4062.72	0
20261.2	-4096.68	0
20356.1	-3984.6	0
20400.6	-3803.1	0
20256.2	-3757.73	0
20134.2	-4017.65	0
20190.2	-3687.52	0
19990.9	-3612.55	0
20073.8	-3537.17	0
20272.8	-3447	0
20182	-3405.19	0
20148.5	-3217.54	0
20089.8	-3187.21	0
19994.1	-3077	0
20208.6	-2928.61	0
20374.7	-3033.98	0
20380.7	-3027.13	0
20242.1	-3020.64	0
20270.9	-2848.09	0
20283.1	-2634.8	0
20199.1	-2685.96	0
20173.5	-2885.92	0
20394.8	-2737.09	0
20181.3	-2721.35	0
20378.9	-2757.35	0
20215.5	-2969.91	0
20107.1	-2813.31	0
20130.3	-2653.74	0
20189.9	-2764.38	0
20134.8	-2563.26	0
19989.6	-2484.73	0
20058.9	-2575.09	0
19937.2	-2243.41	0
20132.9	-2196.99	0
20131	-2161.65	0
19972.5	-2000.4	0
19918.1	-2201.6	0
19971.2	-2214.14	0
20070	-2202.13	0
20211.9	-2013.55	0
20225.4	-1974.93	0
20258.3	-1947.68	0
20168.8	-1824.5	0
19970.3	-1694.94	0
19737.6	-1754.86	0
19619.8	-1686.96	0
19623.5	-1572.5	0
19693.1	-1706.12	0
19900.1	-1535.75	0
19731.2	-1536.47	0
19565	-1655.14	0
19354	-1537.05	0
19279.4	-1634.63	0
19343.8	-1779.04	0
19159.1	-1581.2	0
19170.6	-1562.34	0
19124.1	-1696.45	0
18980	-1440.7	0
18675.7	-1657.35	0
18702.2	-1343.01	0
18496.5	-1316.73	0
18444.6	-1526.92	0
18495.3	-1285.92	0
18576.4	-1190.17	0
18627.7	-1376.14	0
18460.5	-1308.14	0
18531.4	-1149.22	0
18260.1	-1153.24	0
18424.6	-932.887	0
18176.9	-928.306	0
18225.1	-772.279	0
18076.4	-871.803	0
18197	-833.017	0
17992.7	-651.667	0
18016.5	-769.334	0
18047.1	-411.277	0
18086.8	-362.507	0
17957.2	-501.782	0
18346.7	-352.148	0
18186.1	-258.747	0
18106.1	-423.305	0
18133.8	-254.38	0
17893.1	-234.572	0
17814.1	-352.933	0
17806.8	-196.681	0
17811.3	-242.86	0
17771.4	-251.942	0
17817.5	-197.674	0
17711.6	-93.9733	0
17731	-108.849	0
17639.3	231.983	0
17854.3	173.896	0
17697.9	212.468	0
18101.1	220.814	0
17845.9	320.568	0
17822.4	271.596	0
17832.9	272.094	0
17794.4	470.847	0
17709	250.245	0
17872.1	380.05	0
18018.2	437.22	0
17763.8	445.146	0
17684.9	246.863	0
17662.2	615.12	0
17765	640.974	0
17857	503.214	0
17739.3	848.325	0
17721.6	820.425	0
17840.8	1044.76	0
17625.1	1177.77	0
17857.6	768.804	0
17665.2	850.566	0
17566.2	945.704	0
17519	929.164	0
17593.7	1239.79	0
17524.9	957.823	0
17644.6	1302.09	0
17597.7	1288.3	0
17526.3	1236.25	0
17389	1247.86	0
17193.8	1497.35	0
17324.5	1469.89	0
17094.7	1651.67	0
17015.3	1374	0
17184.8	1450.74	0
17192.9	1477.87	0
17062	1713.81	0
17108.3	1444.02	0
17043.1	1593.74	0
17137.5	1789.55	0
17066.4	1862.9	0
17145.7	1864.69	0
17036.9	2096.71	0
17099.6	1916.07	0
17260.5	1959.57	0
17221.8	2018.38	0
17066.9	2034.05	0
17250.5	1897.43	0
16798.8	2053.11	0
16951.2	2152.43	0
16865.4	2064.82	0
16884.7	2262.32	0
16822.5	2369.66	0
17055.1	2443.54	0
16807.9	2396.21	0
16801	2755.8	0
16704.6	2669.12	0
16931.7	2749.21	0
16407.4	2740.28	0
16601.8	2768.55	0
16567.8	2764.49	0
16356.4	2869.21	0
16229.8	2851.3	0
16099.2	2969.05	0
15891.9	3128.11	0
15954.2	3044.63	0
15983.8	3082.5	0
15871.7	3116.15	0
15792	3238.65	0
15845.6	3205.45	0
15891.3	3154.52	0
15911.9	3278.91	0
15722.2	3499.68	0
15579.3	3479.78	0
15432.9	3733.9	0
15617.7	3779.73	0
15561.1	3603.77	0
15513.2	3563.33	0
15515.6	3562.35	0
15367	3769.67	0
15419.3	3700.99	0
15517.7	3853.03	0
15438.4	3827.96	0
15343.9	4017.71	0
15402.1	4118.79	0
15336.2	4369.93	0
15376.3	4351.19	0
15408.3	4431.48	0
15363.7	4539.95	0
15284	4570.21	0
15131.9	4796.66	0
15094.4	4754.59	0
14971.1	4910.23	0
14831.5	5005.86	0
15036.1	5085.32	0
14837.5	5264.58	0
14952.4	5153.09	0
15000.8	5269.17	0
14938.5	5494.65	0
14905.8	5558.75	0
14946.6	5414.25	0
15052.1	5451.59	0
14803.6	5400.73	0
14884.9	5615.81	0
14930	5435.25	0
15184.5	5428.01	0
15091.2	5420.74	0
15093.9	5460.7	0
15190.4	5583.44	0
14866.6	5899.14	0
14678.3	6027.53	0
14744.4	5997.64	0
14654.2	6344.34	0
14748.8	6322.43	0
14673.2	6302.87	0
14679.1	6346.3	0
14593.9	6525.82	0
14688.7	6464.67	0
14863	6669.23	0
14501.6	6464.81	0
14646.2	6738.55	0
14585.2	6748.02	0
14464.7	6883.45	0
14363.3	6615.71	0
14002	7027.84	0
14008.4	6919.47	0
13618.7	6983.91	0
13874.8	7023.07	0
13611.8	7091.77	0
13588.6	7367.51	0
13501.6	7465.21	0
13334.4	7311.54	0
13216.5	7370.41	0
12914.3	7189.73	0
13041.5	7182.97	0
12800.4	7045.56	0
12907.8	7425.98	0
12717.9	7272.61	0
12505.1	7214.16	0
12558.1	7444.79	0
12444.9	7458.74	0
12327.6	7406.11	0
12358	7507.93	0
12259.5	7552.92	0
12340	7828	0
12555.9	7659.96	0
12426.8	8033.15	0
12441.7	7715.88	0
12152.1	7811.54	0
12146.7	7853.46	0
12074.7	7842.5	0
12104.5	7912.17	0
12162	8262.3	0
12219.1	8064.21	0
12097.6	8115.03	0
11973.2	8100.16	0
11919.3	8086.3	0
11899.1	8052.14	0
11801	8071.18	0
11588.8	8088.46	0
11441.7	8275.02	0
11467.3	8122.3	0
11616.4	8141.7	0
11435	8382.63	0
11436.3	8334.41	0
11168	8349.68	0
11230.4	8363.24	0
10964.8	8437.6	0
10953.9	8233.12	0
10664.2	8505.04	0
10431.3	8510.66	0
10514.2	8381.6	0
10471	8429.62	0
10535.9	8526.57	0
10396.2	8624.3	0
10314.1	8473.29	0
10302	8659.66	0
10377.3	8499.23	0
10311.3	8607.72	0
10157.5	8687.11	0
9982.15	8763.55	0
10091.3	8377.27	0
10000.8	8718.76	0
10095.2	8669.86	0
10093.7	8828.01	0
10142.4	8611.78	0
10120.9	8618.74	0
10254.1	8764.44	0
10009.2	8546	0
10359.7	8604.27	0
10051.2	8526.94	0
10075.3	8402.06	0
10050.1	8592.69	0
9924.46	8472.12	0
9864.74	8696.64	0
9688.81	8770.91	0
9798.95	8665.88	0
9797.44	8811.97	0
9738.04	8533.61	0
9563.97	8854.17	0
9528.93	8856.47	0
9441.58	9211.28	0
9242.31	9018.56	0
9139	9048.39	0
9051.56	9101.55	0
9016.15	9124.54	0
8782.33	8977.97	0
8756.09	9113.47	0
8485.59	9055.38	0
8438.55	9193.14	0
8362.52	9024.11	0
8247.9	9155.97	0
8118.13	9327.49	0
8019.63	9217.47	0
7852.83	9356.83	0
7629.97	9426.87	0
7858.15	9521.08	0
7791.07	9776.83	0
7788.78	9879.71	0
7568.77	9977.95	0
7827.89	9964.88	0
7636.34	10043.1	0
7642.8	10270.9	0
7454.38	10301.4	0
7335.9	10215.2	0
7440.56	10310	0
6992.8	10230.6	0
7074.96	10425.4	0
6795.15	10324.5	0
6942.71	10479.1	0
6517.11	10199.7	0
6613.67	10361.2	0
6428.65	10248.3	0
6668.36	10279	0
6299	10408.4	0
6100.45	10488.7	0
6070.97	10484.5	0
6133.19	10231.6	0
6061.68	10403.2	0
5967.36	10601.2	0
5982.52	10506.8	0
5812.69	10557.9	0
5760.8	10579.1	0
5449.87	10611.2	0
5478.33	10582.3	0
5091.53	10486	0
5096.06	10458.9	0
4971.35	10342.2	0
4973.13	10405.6	0
4829.84	10322.7	0
4780.85	10443.7	0
4690.01	10176.4	0
4653.1	10379.7	0
4627.04	10505.4	0
4382.37	10461.2	0
4559.38	10408.3	0
4557.21	10515.1	0
4658.35	10511.2	0
4736.38	10394.5	0
4685.24	10496.4	0
4571.28	10439.2	0
4398.33	10411.2	0
4564.15	10531.4	0
4209.66	10262.2	0
4317.69	10301.2	0
4219.04	10084.8	0
4061.14	10053.1	0
3908.53	10152.5	0
3889.67	10026.4	0
3847.86	10190.8	0
3923.19	10006.6	0
3899.21	10052.6	0
3803.04	10014.5	0
3699.68	9998.39	0
3596.11	10066.2	0
3682.44	10048.2	0
3336.54	9860.78	0
3300.64	9848.33	0
3271.78	9860.43	0
2912.94	9877.12	0
2982.45	9736.37	0
2806.45	9972.23	0
2840.74	9623.5	0
2829.34	9865.53	0
2745.64	9742.54	0
2646.16	9699.56	0
2839.32	9865.14	0
2684.17	9851.14	0
2636.05	9962.39	0
2773.83	9809.15	0
2698.61	9812.66	0
2562.78	9718.09	0
2365.66	9512.76	0
2530.68	9619.14	0
2347.32	9529.53	0
2134.25	9595.71	0
2185.33	9596.5	0
1789.73	9643.35	0
1836.51	9686.01	0
1604.21	9532.54	0
1555.85	9461.68	0
1643.69	9363.48	0
1601.86	9133.09	0
1452.03	9267.87	0
1589.77	9269.28	0
1801.59	9294.34	0
1543.17	9477.38	0
1724.22	9321.52	0
1605.36	9122.71	0
1720.57	9075.45	0
1574.11	9024.87	0
1520.12	8918.46	0
1466.25	8888.13	0
1264.74	8725.83	0
1145.54	8790.26	0
895.602	8696.84	0
981.135	8837.61	0
1025.26	8734.24	0
1132.54	8530.44	0
1057.95	8491.85	0
807.67	8668.11	0
709.204	8740.03	0
994.084	8570.58	0
849.861	8449.04	0
994.332	8381.9	0
1024.21	8426.73	0
577.033	8397.99	0
491.281	8219.77	0
404.584	8454.53	0
493.294	8480.07	0
216.626	8433.11	0
368.934	8457.69	0
98.6801	8493.85	0
210.657	8426.34	0
53.4053	8319.14	0
85.9504	8436.76	0
-89.4307	8429.78	0
-201.204	8289.55	0
-389.26	8620.36	0
-337.053	8550.38	0
-476.605	8616.84	0
-615.702	8688.78	0
-855.619	8722.33	0
-648.594	8788.13	0
-830.166	8595.98	0
-899.359	8501.9	0
-869.946	8340.38	0
-884.935	8615.01	0
-1109.82	8501.41	0
-987.56	8506.36	0
-1181.55	8436.28	0
-1433.5	8567.57	0
-1429.66	8668.24	0
-1414.68	8507.33	0
-1502.97	8511.91	0
-1586.31	8366.18	0
-1781.62	8305.25	0
-1820.65	8304.32	0
-1976.54	8236.6	0
-2186.55	8134.03	0
-2336.2	7939.47	0
-2548.3	7856.36	0
-2557.21	7799.93	0
-2625.13	7812.48	0
-2729.84	7871.64	0
-2753.28	7896.94	0
-3087.76	7941.45	0
-2945.11	7929.15	0
-3090.33	7680.61	0
-3372.52	7759.57	0
-3017.74	7407.36	0
-3238.5	7236.8	0
-3056.68	7245.2	0
-3118.29	7376.57	0
-3265.54	7052.77	0
-3277.86	6995.26	0
-3343	6649.32	0
-3375.97	6743.79	0
-3170.68	6609.75	0
-3277.16	6590.54	0
-3179.49	6570.54	0
-3424.86	6392.67	0
-3274.46	6457.66	0
-3495.28	6200.5	0
-3485.61	6368.64	0
-3496.73	6363.86	0
-3615.99	6233.42	0
-3699.86	6077.65	0
-3888.01	6125.03	0
-4010.03	5934.08	0
-4047.57	5775.8	0
-4034.22	5864.62	0
-4135.21	5859.73	0
-4232.49	5915.42	0
-4194.39	5779.25	0
-4147.07	5499.59	0
-4221.25	5533.02	0
-4292.36	5368.01	0
-4449.58	5147.63	0
-4651.98	5159.36	0
-4370.05	4900.04	0
-4445.7	4733	0
-4428.58	4910.37	0
-4462.94	4947.19	0
-4494	4705.65	0
-4634.49	4550.35	0
-4820.33	4488.91	0
-5030.24	4684.41	0
-4929.57	4667.66	0
-4864.51	4623.51	0
-4865.81	4675.6	0
-4854.45	4679.56	0
-4861.99	4367.5	0
-4972.79	4267.9	0
-5084.44	4139.04	0
-4743.6	4181	0
-4827.08	4095.83	0
-4751.92	4115.8	0
-4714.1	4129.85	0
-4836.39	3893.75	0
-4872.12	3875.42	0
-4930.18	3903	0
-4736.18	4012.48	0
-4810.84	3842.74	0
-4666.17	3907.11	0
-4829.4	3748.45	0
-4925.85	3685.63	0
-5032.31	3441.7	0
-5228.49	3361.88	0
-5334.18	3307.73	0
-5390.64	3067.79	0
-5258.63	3183	0
-5389.73	3127.65	0
-5221.14	3121.34	0
-5116.06	2944.72	0
-5081.64	2947.43	0
-5027.32	2815.6	0
-5153.88	3010.23	0
-5142.42	2816.71	0
-5120.43	2861.44	0
-5063.91	2853.47	0
-5157.64	2735	0
-5048.3	2705.68	0
-4974.69	2446.99	0
-4955.98	2625.15	0
-4968.15	2600.58	0
-4822.64	2673.45	0
-5134.79	2472.7	0
-5107.02	2533.87	0
-5172.17	2325.81	0
-5205.67	2346.69	0
-5376.45	2301.2	0
-5231.88	2440.67	0
-5159.43	2477.85	0
-5201.14	2470.12	0
-5174.4	2353.72	0
-5196.35	2079.87	0
-5222.82	2055.04	0
-5203.89	1984.39	0
-5413.66	2057.19	0
-5387.71	2000.44	0
-5160.64	2095.58	0
-5165.11	2106.39	0
-5121.29	2018.67	0
-5249.43	2003.79	0
-5371.76	1734.05	0
-5316.22	1906.21	0
-5136.61	1834.18	0
-5290.76	1713.69	0
-5298.54	1499.39	0
-5191.17	1429.03	0
-5016.23	1291.39	0
-5297.49	1265.17	0
-5077.26	1170.92	0
-5130.13	965.946	0
-5216.24	877.423	0
-5194.68	836.393	0
-5172.39	750.311	0
-5197.17	797.963	0
-5448.27	754.947	0
-5440.52	606.359	0
-5239.43	704.524	0
-5334.15	458.464	0
-5409.44	451.948	0
-5343.9	358.743	0
-5446.03	416.367	0
-5349.87	375.14	0
-5531.6	211.078	0
-5416.07	381.501	0
-5579.82	121.327	0
-5538.83	-68.9748	0
-5578.41	22.1618	0
-5607.75	11.4853	0
-5496.04	58.0358	0
-5530.03	-114.547	0
-5371.96	2.53799	0
-5089.57	-44.9312	0
-5155.17	-89.4271	0
-5147.8	-213.249	0
-5101.59	-211.294	0
-5096.6	-447.89	0
-4994.04	-331.559	0
-5032.07	-456.463	0
-4843.75	-568.305	0
-4971.53	-489.334	0
-4748.49	-383.355	0
-4891.4	-426.125	0
-4814.03	-579.911	0
-4732.5	-630.845	0
-4761.47	-607.584	0
-4722.92	-619.932	0
-4928.91	-638.7	0
-4642.9	-653.979	0
-4506.04	-625.824	0
-4590.16	-703.053	0
-4315.77	-685.371	0
-4459.6	-509.162	0
-4493.39	-500.595	0
-4625.08	-821.648	0
-4593.28	-926.729	0
-4634.98	-925.811	0
-4641.68	-987.36	0
-4587.76	-1308.18	0
-4590.4	-1087.61	0
-4418.38	-1449.93	0
-4459.01	-1265.13	0
-4413.1	-1455.67	0
-4406.79	-1544.76	0
-4510.46	-1237.34	0
-4408.4	-1285.74	0
-4415.38	-1502.26	0
-4369.35	-1235.55	0
-4182.15	-1464.46	0
-4547.85	-1383.91	0
-4264.73	-1480.11	0
-4305.37	-1496.67	0
-4207.4	-1803.6	0
-4386.1	-1548.16	0
-4318.18	-1764.01	0
-4375.36	-1566.84	0
-4428.84	-1760.17	0
-4424.67	-1770.94	0
-4436.38	-1587.7	0
-4690.62	-1889.55	0
-4806.31	-1665.35	0
-4657.17	-1838.02	0
-4737.77	-1822.09	0
-4567.14	-1953.24	0
-4661.05	-2136.54	0
-4760.03	-1980.91	0
-4692.38	-2146.16	0
-4622.01	-2301.61	0
-4683.16	-2432.15	0
-4754.02	-2173.14	0
-4995.27	-2418.65	0
-4607.11	-2424	0
-4742.56	-2504.82	0
-4502.22	-2447.18	0
-4450.41	-2613.91	0
-4513.52	-2442.77	0
-4326.87	-2714.13	0
-4464.35	-2628.31	0
-4368.14	-2747.46	0
-4274.54	-2960.17	0
-4276.26	-3034.74	0
-4248.26	-3096.71	0
-4486.97	-3053.44	0
-4344.06	-3113.94	0
-4394.52	-3102.74	0
-4376.16	-3228.45	0
-4430.28	-3279.19	0
-4365.32	-3401.21	0
-4350.43	-3375.35	0
-4497.91	-3367.08	0
-4496.45	-3589.05	0
-4632.73	-3638.09	0
-4439.23	-3907.67	0
-4647.68	-3909.06	0
-4337.97	-4060.29	0
-4510.32	-4183.75	0
-4287.2	-4243.08	0
-4605	-4213.97	0
-4264.13	-4466.55	0
-4349.71	-4379.96	0
-4235.35	-4133.21	0
-4195.76	-4346.9	0
-4194.56	-4306.61	0
-4372.15	-4591.88	0
-4442.01	-4373.3	0
-4469.61	-4511.01	0
-4223.98	-4150.11	0
-4281.13	-4378.41	0
-4267.76	-4518.85	0
-4177.41	-4524.15	0
-4232.34	-4792	0
-4274.09	-4584.08	0
-4013.77	-4742.3	0
-4182.8	-4665.21	0
-4073.08	-4678.48	0
-4151.09	-4756.53	0
-3966.7	-4854.72	0
-4055.54	-4960.51	0
-4093.52	-5194.34	0
-4369.52	-4786.28	0
-4312.06	-4790.9	0
-4324.19	-4597.13	0
-4308.73	-4521.77	0
-4247.61	-4550.57	0
-4291.5	-4437.42	0
-4098.49	-4606.07	0
-4186.21	-4480.68	0
-4085.43	-4478.25	0
-4156.66	-4606.61	0
-4074.79	-4523.87	0
-3946.88	-4491.1	0
-3929.93	-4512.07	0
-4079.55	-4347.16	0
-4034.61	-4437.11	0
-4155.46	-4427.39	0
-4135.88	-4525.82	0
-3958.54	-4558.19	0
-3917.39	-4374.49	0
-3992.63	-4372.77	0
-3903.91	-4517.74	0
-3963.51	-4543.62	0
-4092.76	-4605.63	0
-3830.14	-4641.54	0
-3888.7	-4708.96	0
-3755.8	-4882.51	0
-3876.96	-4859.8	0
-3744.25	-4747.34	0
-4174.34	-4703.92	0
-3866.91	-5060.76	0
-4107.05	-4961.26	0
-3976.42	-4944.83	0
-3811.74	-4855.43	0
-4226.21	-4820.65	0
-4163.86	-5167.45	0
-4118.83	-4941.89	0
-4089.52	-4963.84	0
-3908.37	-4968.69	0
-4074.05	-5058.55	0
-3851.72	-4872.03	0
-4194.57	-4747.84	0
-3886.96	-4722.7	0
-4153.78	-4973.83	0
-3959.11	-5019.71	0
-4079.99	-5044.45	0
-4151.39	-5150.54	0
-4113.86	-5055.06	0
-4006.47	-5090.91	0
-3968.41	-5202.17	0
-3932.75	-5101.75	0
-4016.05	-5140.67	0
-4035.61	-5184.72	0
-3966.96	-5270.3	0
-4001.93	-5305.8	0
-4005.29	-5170.55	0
-4194.48	-5117.38	0
-4111.12	-5192.82	0
-3998.44	-5303.45	0
-3784.38	-5029.24	0
-3697.86	-5147.61	0
-3807.34	-5083.4	0
-3809.84	-5460.09	0
-3831.7	-5191.85	0
-3628.26	-5383.51	0
-3751.33	-5559.6	0
-3670.1	-5752.05	0
-3865	-5525.42	0
-3943.18	-5463.15	0
-3941.89	-5603.19	0
-4059.92	-5402.26	0
-3924.19	-5449.03	0
-3993.09	-5404.7	0
-4011.3	-5451.86	0
-3879.94	-5332.64	0
-3849.04	-5387.86	0
-4031.23	-5518.69	0
-3884.93	-5518.36	0
-4045.5	-5567.6	0
-3887.53	-5694.24	0
-3965.15	-5517.25	0
-4175.16	-5596.08	0
-4065.59	-5544.8	0
-3977.61	-5573.3	0
-3951.11	-5720.58	0
-3917.19	-5728.1	0
-3820.48	-5717.49	0
-3978.29	-5706.82	0
-3995.34	-5643.34	0
-4072.97	-5679.16	0
-4151.05	-5580.76	0
-4010.7	-5724.62	0
-4145.44	-5744.91	0
-4023.08	-5447.78	0
-4093.89	-5647.09	0
-4008.57	-5459.78	0
-3930.58	-5681.2	0
-3981.09	-5646.63	0
-4075.13	-5846.57	0
-4094.94	-5864.04	0
-4077.81	-5783.41	0
-4223.41	-5945.5	0
-4068.6	-5947.81	0
-3938.11	-6071.66	0
-4041.7	-6052.29	0
-3823.39	-6092.62	0
-3725.82	-5942.09	0
-3846.38	-6174.24	0
-3644.86	-6190.95	0
-3669.28	-6353.9	0
-3549.69	-6266.76	0
-3338.78	-6465.35	0
-3307.42	-6293.43	0
-3303.2	-6256.55	0
-3079.01	-6288.1	0
-3015.48	-6410.17	0
-3281.3	-6711.71	0
-3051.53	-6638.43	0
-3000.43	-6645.86	0
-3076.78	-6463.93	0
-3067.24	-6579.37	0
-3015.03	-6600.28	0
-3046.88	-6886.93	0
-2927.6	-6800.1	0
-3056.36	-6818.21	0
-2975.09	-6590.6	0
-2887.08	-6586.81	0
-2954.67	-6637.51	0
-3118.5	-6840.1	0
-3041	-7046.82	0
-2810.87	-7089.39	0
-2874.73	-7066.51	0
-2799.11	-7060.11	0
-2783.99	-7160.3	0
-2796.63	-7193.04	0
-2774.4	-7307.43	0
-2928.74	-7429.33	0
-2728.8	-7290.52	0
-2789.73	-7474.04	0
-3016.56	-7311.9	0
-2847.24	-7382.04	0
-2927.26	-7427.25	0
-2868.46	-7782.91	0
-2942.16	-7778.48	0
-2908.25	-7733.66	0
-3053.95	-7927.98	0
-2949.07	-7999.2	0
-2758.13	-7733.59	0
-2727.5	-7881.75	0
-2887.41	-7974.36	0
-2706.8	-7928.17	0
-2695.65	-7990.77	0
-2682.46	-7738.73	0
-2547.81	-7995.81	0
-2788.23	-7892.11	0
-2785.41	-8098.27	0
-2546.64	-8126.36	0
-2622.43	-7996.71	0
-2567.08	-7845.41	0
-2734.08	-7809.9	0
-2825.29	-7721.45	0
-2892.43	-7698.68	0
-2847.75	-7656.83	0
-2745.35	-7567.31	0
-2841.25	-7623.87	0
-2583.58	-7362.44	0
-2730.35	-7422.68	0
-2567.13	-7569.73	0
-2376.81	-7564.33	0
-2470.25	-7686.21	0
-2278.97	-7744.62	0
-2446.24	-7748.83	0
-2570.99	-7798.12	0
-2238.71	-7697.17	0
-2432.93	-7780.99	0
-2181.49	-8121.54	0
-2135.02	-8025.63	0
-2176.92	-8184.91	0
-2270.09	-8331.44	0
-2020.3	-8244.12	0
-1985.91	-8239.81	0
-1877.51	-8099.8	0
-1809.02	-8208.93	0
-1995.05	-8184.34	0
-1960.24	-8086.12	0
-2038.56	-8095.03	0
-1868.04	-8102.71	0
-1901.6	-7904.47	0
-1977.17	-7981.13	0
-1993.92	-8120.67	0
-2164.58	-8081.01	0
-1988.33	-7886.26	0
-1992.04	-7897.1	0
-1853.9	-8105.21	0
-1591.65	-8226.01	0
-1406.59	-8243.9	0
-1281.4	-8217.99	0
-1157.42	-8384.51	0
-1070.26	-8261.91	0
-967.812	-8354.19	0
-1094.8	-8121.47	0
-1096.01	-8505.47	0
-982.136	-8285.28	0
-731.872	-8258.39	0
-1017.17	-8184.29	0
-849.147	-8436	0
-710.682	-8468.1	0
-762.069	-8691.31	0
-878.488	-8569.83	0
-769.176	-8745.32	0
-911.416	-8811.98	0
-614.778	-8832.47	0
-523.908	-8710.17	0
-555.239	-8577.46	0
-328.472	-8739.52	0
-555.944	-8897.52	0
-634.01	-8481.79	0
-652.95	-8794.2	0
-572.802	-8807	0
-546.017	-8755.14	0
-437.162	-8894.29	0
-368.735	-8699.96	0
-314.398	-8733.39	0
-296.676	-8572.24	0
-169.475	-8621.26	0
45.7664	-8540.61	0
6.07371	-8782.47	0
68.9407	-8836.48	0
-4.35401	-8786.06	0
-194.272	-9214.99	0
-109.809	-9117.17	0
-186.991	-9202.53	0
-299.262	-9328.77	0
-267.887	-9120.98	0
-339.723	-9084.13	0
-433.939	-9285.7	0
-416.43	-9199.3	0
-289.575	-9283.99	0
-176.489	-9226.51	0
-253.678	-9389.8	0
-55.1155	-9325.98	0
-89.604	-9482.55	0
53.1239	-9566.66	0
-81.0564	-9327.55	0
-2.54777	-9286.02	0
-24.7614	-9358.81	0
145.703	-9468.67	0
-137.007	-9508.68	0
-33.0849	-9529.19	0
-119.365	-9639.26	0
167.252	-9627.46	0
75.0575	-9579.37	0
-150.276	-9725.95	0
-23.7976	-9658.12	0
93.3863	-9541.96	0
461.44	-9675.11	0
164.988	-9635.14	0
318.126	-9701.76	0
234.907	-9542.84	0
322.488	-9568.31	0
562.534	-9581.9	0
696.235	-9553.49	0
681.752	-9617.19	0
846.469	-9343.04	0
903.936	-9395.48	0
775.349	-9615.7	0
1066.71	-9746.75	0
1026.95	-9859.16	0
1063.76	-9890.04	0
1181.58	-9743.4	0
1212.32	-9683.71	0
958.259	-9742.6	0
1304.09	-9821.66	0
1136.31	-9756.59	0
1328.56	-9693.71	0
1493.89	-9746.63	0
1552.15	-9896.33	0
1591.91	-9875.3	0
1734.35	-9968.4	0
1382.44	-9921.21	0
1577.93	-10011.3	0
1391.18	-10163.3	0
1515.24	-10122.2	0
1505.2	-10168.9	0
1527.47	-10323.2	0
1429.05	-10165.6	0
1434.37	-10255.7	0
1373.68	-10177.6	0
1530.03	-10308	0
1582.63	-10113.9	0
1626.82	-10261.1	0
1650.57	-10378.9	0
1828.16	-10197.4	0
1811.94	-10343.9	0
1731.27	-10233.1	0
1970.16	-10218.7	0
1780.52	-10152.3	0
1809.61	-10131.2	0
1568.54	-10157.1	0
1477.31	-10045.9	0
1390.18	-10261.4	0
1285.91	-10103.1	0
1216.51	-10025.9	0
1179.99	-10135.4	0
1389.14	-10237.6	0
1422.33	-10343.6	0
1432.5	-10532.3	0
1361.88	-10251.9	0
1336.41	-10585.5	0
1483.8	-10640.6	0
1231.76	-10705.1	0
1326.88	-10734.2	0
1284.07	-10935.2	0
1334.83	-10737.1	0
1575.97	-10806.1	0
1450.41	-10891	0
1546.23	-10847.8	0
1643.9	-10636	0
1726.9	-10600.3	0
1457.38	-10819.5	0
1757.65	-10809.9	0
1791.35	-10880.5	0
1895.14	-10801	0
1972.27	-10751.9	0
2037.18	-10525	0
2089.92	-10550.7	0
2115.87	-10444.1	0
2222.56	-10728.8	0
2051.45	-10698.3	0
2159.2	-10415.3	0
2168.18	-10142.5	0
1991.6	-10212.6	0
2010.65	-10328.5	0
2199.11	-10343	0
2155.71	-10386.7	0
2313.58	-10291.8	0
2355.16	-10637	0
2353.18	-10464.2	0
2503.64	-10483.9	0
2634.95	-10257.4	0
2896.46	-10477.2	0
2849.34	-10062	0
2908.18	-10216	0
2944.11	-10184.1	0
3016.72	-10203	0
2837.11	-10095.9	0
3019.01	-10200	0
3041.14	-10126	0
2929.71	-9946.19	0
3014.56	-9965.72	0
3019.43	-10026	0
3025.21	-9812.75	0
3229.47	-9909.16	0
3358.7	-9848.57	0
3073.89	-9902.97	0
3323.01	-9746.16	0
3309.69	-9711.22	0
3225.07	-9540.83	0
3151.78	-9625.82	0
3127.6	-9550.23	0
3114.14	-9723.13	0
3149.47	-9569.76	0
3208.88	-9431.26	0
3409.99	-9519.03	0
3154.19	-9282.75	0
2962.27	-9083.53	0
2869.17	-9152.1	0
2831.84	-9030.3	0
2974.99	-9091.34	0
2932.84	-9013.38	0
3060.48	-8840.55	0
2965.04	-8953.22	0
2857.93	-8837.15	0
3040.25	-8966.73	0
3078.44	-8813.44	0
3181.86	-8818.46	0
2971.35	-8848	0
2968.88	-8965.76	0
3201.86	-9287.66	0
3208.85	-9080.02	0
3137.84	-8976.74	0
3169.29	-9131.15	0
3259.75	-9284.68	0
3359.4	-9319.33	0
3355.53	-9353.27	0
3161.88	-9112.03	0
3365.87	-8946.61	0
3678.19	-9009.14	0
3547.41	-9096.17	0
3884.14	-9067.64	0
3831.82	-9031.89	0
3840.72	-9090.45	0
3889.96	-8841.04	0
3807.49	-9011.72	0
3727.21	-8939.75	0
3498.4	-8906.51	0
3807.05	-8941.93	0
3702.57	-9078.58	0
3972.17	-9101.42	0
3722.09	-8944.44	0
3715.66	-8879.53	0
3879.88	-8767.03	0
3967.66	-8786.54	0
3749.04	-8858.11	0
3865.13	-8762.43	0
3948.05	-8572.49	0
3949.73	-8709.18	0
3866.51	-8684.14	0
3925.03	-8721.43	0
3978.83	-8644.67	0
4030.13	-8734.76	0
4160.05	-8584.61	0
4348.18	-8468.91	0
4127.47	-8481.86	0
4334.99	-8547.79	0
4239.34	-8386.7	0
4164.01	-8602.08	0
4289.43	-8283.12	0
4350.82	-8219.18	0
4584.05	-8376.4	0
4568.67	-8550.36	0
4583.22	-8409.55	0
4617.08	-8573.21	0
4838.79	-8540.8	0
4807.64	-8492.89	0
4751.79	-8504.28	0
4775.87	-8513.26	0
4928.02	-8647.98	0
5011.75	-8605.51	0
4846.76	-8522.73	0
5048.32	-8677.16	0
4994.3	-8472.48	0
5089.02	-8672.37	0
5014.8	-8467.28	0
4878.56	-8595.32	0
4929.97	-8371.47	0
4878.13	-8344.21	0
5013.06	-8349.84	0
5163.83	-8316.93	0
5120.35	-8534.36	0
5033.66	-8365.58	0
5043.56	-8471.41	0
4821.95	-8345.92	0
4930.19	-8342.03	0
4721.09	-8368.07	0
4870.54	-8200.27	0
4901.86	-8290.3	0
4885.8	-8461.49	0
4817.34	-8380.86	0
4818.16	-8254.29	0
4962.3	-8182.17	0
4850.41	-8223.32	0
4729.95	-8063.29	0
4884.38	-8096.3	0
4818.09	-7933.61	0
4736.91	-8140.74	0
4716.75	-7939.7	0
4735.92	-8227.01	0
4658.89	-8257.39	0
4893.39	-8305.42	0
4857.89	-8225.74	0
4749.05	-8409.45	0
4851.08	-8223.94	0
4935.75	-8290.05	0
4877.52	-8272.87	0
4941.77	-8111.33	0
4820.81	-8079.83	0
4860.36	-8069.63	0
4895.84	-8079.19	0
4969.27	-8139.73	0
5071.03	-8217.44	0
5223.82	-8308.19	0
5230.96	-8068.94	0
5304.68	-8230.83	0
5211.46	-7862.15	0
5364.65	-7782.26	0
5598.14	-7734.2	0
5646.88	-7883.05	0
5499.31	-7789.43	0
5697.33	-7928.09	0
5613.86	-8061.88	0
5494.38	-8061.75	0
5642.42	-8249.14	0
5543.26	-8458.16	0
5758.36	-7914.58	0
5775.73	-8079.72	0
5899.28	-8023.84	0
5687.19	-7923.62	0
5695.41	-8010.72	0
5892.81	-7852	0
5782.45	-7934.23	0
5899.54	-8058.3	0
5975.26	-7731.07	0
6122.54	-7904.69	0
6037.41	-7841.04	0
6089.6	-8013.8	0
5811.87	-7880.81	0
6036.1	-8056.01	0
5932.71	-7869.2	0
5884.24	-8030.85	0
5959.52	-8211.47	0
6173.24	-8326.94	0
6242.78	-8284.34	0
5979.6	-8303.51	0
6286.4	-8387.38	0
6001.97	-8479.81	0
5899.38	-8349.15	0
6103.5	-8318.66	0
5923.84	-8302.05	0
6014.86	-8342.96	0
5832.29	-8462.97	0
5739.4	-8447.27	0
5816.52	-8408.25	0
5764.81	-8682.5	0
5934.37	-8545.14	0
5802.67	-8728.74	0
5978.87	-8718.67	0
5979.81	-8792.35	0
6122.31	-8809.04	0
6100.56	-8767.2	0
6274.54	-8865.94	0
5960.24	-8987.12	0
6139.99	-8763.95	0
6273.69	-8860.77	0
6362.54	-8841.7	0
6300.76	-8857.63	0
6376.06	-8914.52	0
6301.75	-9082.67	0
6176.9	-8786.25	0
6330.63	-8972.44	0
6356.22	-8984.48	0
6492.25	-9294.49	0
6481.61	-9329.93	0
6492.12	-9203.54	0
6477.46	-9152.83	0
6516.63	-9050.36	0
6599.58	-9008.32	0
6623.68	-8953.37	0
6675.46	-9085.87	0
6504.64	-8786.83	0
6485.57	-9033.1	0
6559.75	-9149.47	0
6710.21	-8998.84	0
6683.83	-9187.46	0
6574.45	-9138.62	0
6563.62	-8983.51	0
6718.39	-8834.83	0
6845.28	-8834.99	0
6690.08	-8796.85	0
6851.46	-8798.01	0
6696.33	-8859.66	0
6705.78	-8748.21	0
6758.3	-8787.95	0
6546.91	-8964.37	0
6560.87	-9148.61	0
6542.72	-8892.25	0
6328.54	-8907.28	0
6535.3	-8885.1	0
6541.79	-8976.25	0
6608.53	-8752.54	0
6750.62	-8941.18	0
6725.92	-8940.04	0
6893.51	-8965.57	0
6864.65	-8930.18	0
6921.36	-8957.74	0
7118.36	-9082.81	0
7227.71	-8984.46	0
7254.46	-9037.1	0
7484.48	-8986.82	0
7373.87	-8923.23	0
7388.9	-8807.61	0
7405.77	-8846.64	0
7622.13	-8840.14	0
7422.47	-8910.38	0
7406.32	-9054.57	0
7184.65	-9017.06	0
7296.05	-9009.82	0
7289.41	-8914.29	0
7250.23	-8931.81	0
7298.45	-8895.56	0
7306.17	-8784.18	0
7390.9	-8852.53	0
7369.09	-9150.82	0
7475.82	-9092.25	0
7297.16	-9087.74	0
7472.77	-9310.3	0
7411.47	-9201.77	0
7463.56	-9348.09	0
7365.09	-9231.3	0
7337.54	-9241.31	0
7345.47	-9109.81	0
7328.55	-9076.46	0
7333.21	-9038.8	0
7466.71	-9060.05	0
7498.51	-9177.38	0
7272.7	-9375.7	0
7235.22	-9274.05	0
7386.63	-9392.06	0
7215.24	-9548.45	0
7308.1	-9434.14	0
7483.88	-9430.62	0
7306.74	-9358.72	0
7279.72	-9329.55	0
7377.97	-9397.68	0
7636.88	-9385.94	0
7473.59	-9498.27	0
7563.27	-9449.13	0
7589.51	-9406.86	0
7707.83	-9330.03	0
7716.3	-9263	0
7503.87	-9472.85	0
7643.18	-9484.88	0
7573.75	-9474.88	0
7525.43	-9327.36	0
7475.82	-9209.26	0
7497.44	-9323.71	0
7537.35	-9195.13	0
7592.62	-9053.63	0
7412.1	-9320.62	0
7379.56	-9375.6	0
7372.36	-9434.43	0
7431.57	-9411.57	0
7557.36	-9450.09	0
7353.08	-9277.65	0
7355.82	-9226.12	0
7391.69	-9334.79	0
7431.45	-9359.57	0
7329.29	-9243.85	0
7365.79	-9189.29	0
7349.11	-9320.76	0
7307.59	-9502.25	0
7092.58	-9399.79	0
7220.46	-9337.13	0
7188.44	-9164.18	0
6990.17	-9310.33	0
7337.26	-9279.7	0
7420.49	-9084.91	0
7277.33	-9068.28	0
7269.43	-8829.03	0
7312.31	-8819.73	0
7292.21	-8761.56	0
7382.16	-8810.4	0
7242.55	-8871.16	0
7267	-8735.09	0
7562.6	-8956.74	0
7390.35	-8815.9	0
7281.98	-8852.43	0
7521.46	-8802.98	0
7430.4	-8915.83	0
7304.79	-8989.17	0
7228.33	-8832.73	0
7301.37	-9127.04	0
7398.14	-8925.39	0
7304.64	-8817.2	0
7226.28	-8835.6	0
7425.47	-8981.08	0
7307.9	-8898.94	0
7330.07	-9046.63	0
7321.78	-8940.13	0
7177.91	-8866.6	0
7066.8	-8816.8	0
7210.27	-8841.06	0
7321.07	-8764.53	0
7445.82	-8805.73	0
7596.1	-8983.15	0
7676.44	-9087.88	0
7413.21	-8935.09	0
7479.86	-8872.72	0
7371.45	-8912.92	0
7522.48	-8924.45	0
7639.32	-9119.97	0
7746.41	-8935.57	0
7793.43	-8940.41	0
7582.4	-8966.12	0
7571.34	-8879.97	0
7611.5	-8948.33	0
7564.71	-8910.9	0
7514.99	-8886.82	0
7417.55	-9087.82	0
7532.38	-8866.27	0
7527.23	-8994.72	0
7772.54	-9028.58	0
7503.4	-8767.58	0
7793.4	-8717.75	0
7851.29	-8842.98	0
7887.29	-8694.72	0
7824.63	-8769.59	0
7599.32	-8771.25	0
7790.51	-8806.23	0
7749.59	-8690.45	0
7808.6	-8714.59	0
7919.81	-8516.5	0
7841.96	-8323.67	0
7845.22	-8238.14	0
7729.34	-8211.82	0
7736.3	-8061.98	0
7785.37	-8190.57	0
7970.27	-8310.9	0
7826.79	-8230.64	0
7762.29	-8413.29	0
7727.01	-8302.67	0
7769.22	-8412.47	0
7734.89	-8288.77	0
7491.69	-8561.13	0
7561.37	-8524.6	0
7569.63	-8577.16	0
7790.96	-8575.15	0
7656.89	-8347.39	0
7850.09	-8270.8	0
8143.43	-8206.21	0
7821.03	-8396.21	0
7843.18	-8388.51	0
7825.91	-8451.43	0
7892.41	-8557.04	0
7889.82	-8529.36	0
7779.85	-8542.7	0
7626.07	-8307.52	0
7660.07	-8339.43	0
7657.28	-8312.52	0
7550.18	-8355.65	0
7633.37	-8292.19	0
7650.6	-8473.25	0
7745.62	-8341.81	0
7955.4	-8332.18	0
7778.27	-8395.79	0
7926.81	-8161.35	0
8019.46	-8377.52	0
8032.08	-8248.07	0
8048.36	-8338.55	0
8092.73	-8244.27	0
8057.66	-8234.81	0
8031.4	-8316.42	0
8024.08	-8180.7	0
7947.1	-8083.02	0
8075.77	-7947.28	0
7933.63	-7617.87	0
7899.22	-7494.11	0
7780.7	-7351.33	0
8040.54	-7452.35	0
8010.79	-7509.17	0
7998.53	-7498.36	0
8100.38	-7564.9	0
8164.19	-7466.4	0
8365.47	-7505.42	0
8193.16	-7596.82	0
8287.81	-7657.89	0
8210.17	-7508.87	0
8314.26	-7607.15	0
8362.75	-7477.54	0
8308.41	-7467.89	0
8223.76	-7476.25	0
8333.63	-7353.51	0
8312.08	-7263	0
8210.5	-7403.36	0
8388.84	-7314.2	0
8416.45	-7175.72	0
8161.52	-7126.47	0
8244.43	-7265.48	0
8262.58	-6972.48	0
8514.32	-7299.79	0
8173.49	-7220.15	0
8091.1	-6957.67	0
7938.91	-7055.66	0
8017.04	-6856.31	0
8060.51	-6891.12	0
7800.86	-6689.1	0
7781.62	-6506.32	0
7746.41	-6458.25	0
8118.4	-6555.96	0
8032.2	-6704.56	0
8325.92	-6498.18	0
8124.25	-6574.53	0
8140.79	-6493.01	0
8459.18	-6373.78	0
8469.87	-6473.33	0
8395.2	-6327.81	0
8322.36	-6398.3	0
8691.85	-6377.52	0
8755.49	-6498.93	0
8933.83	-6547.09	0
8929.44	-6740.95	0
8893.32	-6810.15	0
8841.86	-6726.38	0
8649.25	-6891.1	0
8845.64	-6957.1	0
8901.53	-6836.16	0
8985.55	-6996.71	0
8844.11	-7104.05	0
8787.47	-7215.18	0
8707.87	-7061.2	0
8654.19	-7038.64	0
8600.76	-6934.72	0
8575.48	-7167.82	0
8722.55	-6956.25	0
8688.13	-7044.36	0
8567.92	-7116.64	0
8570.61	-7477.66	0
8438.42	-7217.13	0
8490.77	-7374.63	0
8427.02	-7280.11	0
8462.98	-7517.33	0
8425.05	-7463.6	0
8433.47	-7482.01	0
8488.38	-7411.29	0
8434.05	-7185.17	0
8615.95	-7358.81	0
8434.34	-7352.37	0
8349.66	-7201.92	0
8171.97	-7282.5	0
8366.68	-7283.1	0
8372.7	-7261.37	0
8494.59	-7288.03	0
8517.1	-7213.27	0
8406.52	-6989.05	0
8467.2	-6949.63	0
8600.03	-7193.79	0
8571.25	-7233.59	0
8450.27	-7309.77	0
8425.79	-7212.69	0
8308.99	-7064.96	0
8498.29	-7008.36	0
8537.49	-7154.12	0
8403.88	-6745.77	0
8722.18	-6801.61	0
8646.67	-6746.75	0
8887.6	-6708.66	0
9024.97	-6806.65	0
8858.66	-6604.27	0
9052.9	-6543.99	0
8893.83	-6373.63	0
9032.97	-6462.55	0
9223.78	-6217.77	0
9163.61	-6410.2	0
9195.45	-6190.84	0
9341.74	-6285.07	0
9202.04	-6112.49	0
9144.74	-6018.66	0
9317.45	-5931.76	0
8976.17	-5856.84	0
9074.05	-6013.02	0
9105.4	-5952.13	0
9330.7	-5781.45	0
9469.29	-5807.93	0
9416.71	-5947.11	0
9428.83	-5633.67	0
9494.07	-5610.51	0
9691.98	-5754.28	0
9577.78	-5447.81	0
9656.09	-5571.46	0
9414.41	-5751.81	0
9447.26	-5806.5	0
9570.88	-5794.08	0
9402.5	-5658.24	0
9678.13	-5514.55	0
9591.33	-5412.7	0
9478.84	-5444.18	0
9624.82	-5474.62	0
9465.09	-5509.86	0
9587.47	-5725.84	0
9449.59	-5628.15	0
9733.82	-5569.66	0
9537.87	-5682.67	0
9582.67	-5404.65	0
9712.85	-5337.29	0
9631.62	-5493.44	0
9752.33	-5370.26	0
9651.38	-5377.98	0
9633.69	-5436.39	0
9632.8	-5476.99	0
9871.17	-5603.08	0
9864.93	-5588.86	0
9802.6	-5544.96	0
9881.43	-5523.31	0
9826.38	-5664.06	0
9891.98	-5652.67	0
10095.6	-5499.37	0
9973.7	-5562.14	0
9929	-5612.05	0
10012.6	-5644.15	0
10167.8	-5575.12	0
10047.5	-5279.73	0
9855.87	-5358.39	0
9791.24	-5275.75	0
9924.98	-5338.97	0
9935.64	-5325.46	0
10074.5	-5317.8	0
9963.62	-5339.19	0
9812.47	-5281.08	0
9955.06	-5290.02	0
9816.52	-5276.72	0
9748.9	-5222.83	0
9814.01	-5363.25	0
9872.91	-5275.92	0
9666.73	-5092.91	0
9445.32	-5297.52	0
9580.39	-5466.54	0
9638.43	-5199.14	0
9711.14	-5366.54	0
9702.47	-5329.66	0
9748.42	-5217.55	0
9592.53	-5236.65	0
9515.41	-5153.68	0
9563.25	-4925.99	0
9611.94	-5264.57	0
9731.29	-5323.45	0
9737.97	-5428.03	0
9909.7	-5448.03	0
9759.38	-5328.39	0
9696.47	-5480.89	0
9759.98	-5848.9	0
9715.84	-5607.17	0
9841.87	-5477.63	0
9735.44	-5431.87	0
9846.95	-5430.68	0
9806.97	-5250.54	0
9687.83	-5423.01	0
9825.09	-5532.09	0
9802.53	-5384.62	0
9695.26	-5304.15	0
9782.85	-5338.62	0
9747.36	-5260.06	0
9751.45	-5392.36	0
9686.77	-5266.55	0
9604.41	-5526.2	0
9595.95	-5418.34	0
9611.78	-5288.49	0
9545.35	-5069.43	0
9593.24	-5111.29	0
9400.47	-5256.86	0
9550.2	-5063.61	0
9528.37	-5139.91	0
9443.86	-4911.09	0
9503.14	-4965.09	0
9413.24	-4786.19	0
9355.06	-4730.04	0
9434.14	-4529.11	0
9523.22	-4367.83	0
9273.43	-4390.91	0
9520.73	-4465.72	0
9621.04	-4330.43	0
9606.26	-4385.02	0
9517.84	-4154.03	0
9503.93	-4414.38	0
9567.59	-4207.34	0
9576.82	-3956.55	0
9533.96	-3907.58	0
9579.47	-3989.86	0
9533.4	-3978.04	0
9489.68	-4069.5	0
9490.69	-3832.3	0
9696.94	-3578.95	0
9609.82	-3289.11	0
9727.11	-3140.04	0
9480	-3063.88	0
9545.74	-3132.85	0
9724.16	-2786	0
9562.56	-2926.72	0
9715.84	-3025.53	0
9659.64	-2904.38	0
9555.62	-2866.64	0
9381.3	-2813.62	0
9470.89	-2782.4	0
9484.58	-2715.11	0
9529.37	-2838.29	0
9294.19	-2980.92	0
9392.23	-2951.75	0
9306.43	-2927.58	0
9330.25	-2856.98	0
9461.59	-2929.19	0
9273.95	-2654.02	0
9134.9	-2797.49	0
9329.16	-2765.39	0
9160.96	-2772.15	0
9544.75	-2733.57	0
9287.39	-2772.47	0
9201.09	-2765.36	0
9144	-2873.36	0
9199.11	-2851.61	0
9206.86	-2872.14	0
9218.57	-2622.74	0
9344.65	-2516.44	0
9235.39	-2685.23	0
9443.67	-2539.48	0
9417.79	-2668.55	0
9338.86	-2607.21	0
9562.18	-2551.39	0
9378.75	-2651.94	0
9339.72	-2827.34	0
9156.21	-2921.29	0
9218.25	-2883.69	0
9183.6	-2983.48	0
9069.87	-3288.7	0
9245.49	-3200.77	0
9059.01	-3013.56	0
9264.35	-3100.3	0
9176.71	-3105.12	0
9010.31	-3086.1	0
9158.21	-2938.98	0
9061.18	-2916.09	0
9044.11	-2905.92	0
8906.73	-3001.89	0
9071.55	-2882.34	0
9013.19	-2786.91	0
9138.82	-2699.92	0
8973.51	-2654.84	0
9141.81	-2496.54	0
9067.09	-2658.43	0
9026.42	-2654	0
9163.54	-2645.19	0
9132.04	-2550.3	0
9377.53	-2550.87	0
9238.05	-2616.51	0
9454.51	-2655.69	0
9259.39	-2448.14	0
9164.97	-2657.02	0
9210	-2653.7	0
9178	-2623.62	0
9313.76	-2544.73	0
9310.76	-2690	0
9196.96	-2526.92	0
9428.54	-2405.52	0
9253.35	-2369.51	0
9260.35	-2317.43	0
9071.4	-2486.43	0
9156.5	-2491.18	0
9352.53	-2383.4	0
9496.69	-2533.98	0
9377.46	-2465.12	0
9472.56	-2290.6	0
9349.43	-2251.57	0
8877.09	-2133.35	0
9321.94	-2147.9	0
9134.36	-1950.86	0
9415.08	-2216.52	0
9328.05	-2053.67	0
9530.88	-2267.61	0
9592.12	-2302.44	0
9512.06	-2284.42	0
9561.52	-2600.75	0
9631.96	-2486.11	0
9650.5	-2387.06	0
9563.75	-2495.24	0
9510.26	-2487.07	0
9482.93	-2477.3	0
9321.69	-2562.53	0
9285.39	-2321.58	0
9201.44	-2482.8	0
9407.36	-2345.22	0
9559.96	-2197.03	0
9509.78	-2152.68	0
9525.87	-2134.06	0
9510.9	-2135.25	0
9611.89	-1947.54	0
9636.66	-1915.71	0
9713.66	-1897.42	0
9770.89	-2001.35	0
9857.5	-2069.43	0
9878.43	-1931.36	0
10029.1	-1972.37	0
10011.6	-2026.79	0
10065	-1803.47	0
9905.24	-1776.08	0
9814.61	-1856.56	0
10055.5	-1761.13	0
10127	-1513.86	0
9861.64	-1591.4	0
9874.27	-1575.36	0
9855.43	-1436.41	0
9902.42	-1401.18	0
9921.17	-1438.44	0
9770.8	-1630.05	0
9877.85	-1483.46	0
9772.04	-1538.18	0
9905.44	-1539.39	0
9743.34	-1453.55	0
9827.12	-1613.69	0
9743.94	-1496.01	0
9864.7	-1473.07	0
9857.87	-1499.48	0
9908.84	-1333.24	0
9896.07	-1223.65	0
9695.85	-1273.97	0
9791.59	-1165.38	0
9378.4	-1255.03	0
9412.15	-1167.75	0
9607.45	-1110.31	0
9590.2	-1126.52	0
9599.23	-1177.5	0
9656.42	-1360.76	0
9678.98	-1303.6	0
9785.81	-1364.4	0
9815.54	-1338.86	0
9761.28	-1360.83	0
9758.5	-1281.86	0
9799.09	-1133.95	0
9543.87	-1081.37	0
9608.21	-1243	0
9419.04	-1027.39	0
9458.2	-829.959	0
9485.79	-967.487	0
9545.08	-870.474	0
9574.14	-859.122	0
9372.48	-915.185	0
9455.42	-943.882	0
9419.37	-854.51	0
9348.49	-762.491	0
9332.95	-638.15	0
9334	-501.394	0
9508.57	-506.434	0
9459.62	-515.879	0
9613.29	-397.934	0
9467.04	-430.968	0
9526.3	-415.658	0
9729.26	-394.287	0
9374.27	-453.31	0
9553.29	-342.037	0
9353.79	-169.964	0
9283.41	-280.982	0
9356.56	-407.787	0
9507.82	-281.409	0
9336.93	55.6072	0
9223.92	-83.6126	0
9192.06	-246.11	0
9238.28	-130.263	0
9330.07	-41.1916	0
9229.28	-9.54998	0
9246.95	1.2108	0
9274.19	-30.8535	0
9306.04	16.7546	0
9407.02	83.9859	0
9457.43	256.763	0
9567.71	395.323	0
9430.3	347.583	0
9541.79	172.121	0
9561.34	287.17	0
9747.5	197.693	0
9690.2	307.331	0
9647.48	380.338	0
9643.09	450.884	0
9485.66	447.393	0
9440.82	673.658	0
9460.76	585.608	0
9516.78	716.633	0
9528.92	895.822	0
9336.06	879.586	0
9371.99	953.724	0
9272.37	944.164	0
9228.42	993.776	0
9139.21	945.249	0
9162.73	1027.38	0
9133.32	1321.38	0
9298.55	1121.84	0
9232.67	1192	0
9352.6	912.422	0
9533.84	776.245	0
9573.13	990.205	0
9677.89	1129.08	0
9532.82	1198.96	0
9545.51	1114.68	0
9541.81	920.983	0
9288.07	1303.16	0
9597.22	1248.09	0
9394.84	1336.31	0
9538.28	1461.56	0
9504.9	1484.55	0
9184.04	1413.94	0
9257.64	1584.47	0
9086.75	1672.34	0
9294.01	1759.74	0
9181.39	1812.81	0
8980.02	1834.76	0
8992.16	1738.74	0
8875.48	1803.29	0
9025.53	1720.74	0
9024.35	1718.19	0
8743.25	1747.28	0
8901.76	1866.28	0
8698.26	1852.22	0
8668.68	1764.94	0
8627.8	1790.1	0
8910.7	1952.33	0
8826.62	1864.63	0
8780.1	1743.01	0
8865.91	1887.84	0
8588.55	1954.36	0
8519.48	1948.75	0
8505.4	1938.11	0
8519.27	1811.69	0
8651.6	1939.01	0
8645.24	2248.2	0
8611.09	1987.1	0
8428.87	2082.9	0
8610.03	2291.69	0
8623.07	2214.77	0
8657.31	2291.44	0
8384.87	2250.66	0
8523.83	2217.5	0
8445.88	2219.52	0
8428.97	2338.63	0
8746.67	2147.04	0
8406.35	2406.07	0
8436.56	2446.39	0
8224.51	2310.14	0
8192.24	2476.91	0
8354.84	2345.16	0
8257.06	2469.01	0
8336.66	2547.45	0
8197.53	2390.62	0
8392.89	2647	0
8233.21	2688.14	0
8042.43	2673.92	0
8197.14	2854.19	0
8184.35	2890.62	0
8029.28	2795.08	0
7836	2763.38	0
8025.86	2593.54	0
7945.92	2570.3	0
8070.28	2542.39	0
8256.27	2585.25	0
8001.58	2450.34	0
8192.42	2599.29	0
8032.07	2641.37	0
7900.74	2765.12	0
7794.98	2653.01	0
7483.32	2720.59	0
7462.44	2789.93	0
7435.05	2853.36	0
7411.01	2667.65	0
7418.22	2753.51	0
7654.8	2905.61	0
7578.5	3010.21	0
7555.72	3086.13	0
7671.73	3055.27	0
7660.93	3169.9	0
7818.18	3255.28	0
7744.35	3293.05	0
7710.26	3404.59	0
7575.16	3500.99	0
7700.01	3650.12	0
7842.86	3473.27	0
7936.09	3270.53	0
7884.43	3170.5	0
7861.22	3138.77	0
7767.09	3263.16	0
7796.61	3315.21	0
7636.92	3273.45	0
7668.42	3241.01	0
7668.06	3217.04	0
7863.77	3301.95	0
7730.44	3164.74	0
7728.03	3275.21	0
7580.15	3294.06	0
7540.19	3266.33	0
7420.78	3157.13	0
7302.99	3166.82	0
7397.16	3224.5	0
7489.34	3224.02	0
7356.52	3395.66	0
7516.52	3455.34	0
7425.6	3353.4	0
7235.45	3347.16	0
7181.44	3356.01	0
7413.63	3430.53	0
7112.26	3443.13	0
7268.68	3455.67	0
7341.94	3337.63	0
7299.06	3242.28	0
7164.93	3359.52	0
7133.82	3316.11	0
7122.58	3455.57	0
7087.61	3251.52	0
7130.96	3284.11	0
7194.81	3236.92	0
6979.33	3447.01	0
6999.56	3446.93	0
6936.97	3437.69	0
6859.49	3469.89	0
7119.94	3513.4	0
7007.37	3459.72	0
6947.48	3482.49	0
6955.96	3648.21	0
6986.09	3630.99	0
6717.23	3595.78	0
6940.45	3662.22	0
7271.55	3695.57	0
6977.81	3845.16	0
7045.97	3921.2	0
7119.09	4011.25	0
7054.59	4225.5	0
6917.54	4242.52	0
6988.8	4517.95	0
7052.65	4237.38	0
6923.34	4315.15	0
6937.52	4430.57	0
6986.33	4409.08	0
7032.3	4392.96	0
6930.53	4564.51	0
6759.15	4405.23	0
6915.24	4570.24	0
6719.67	4503.66	0
6819.51	4493.43	0
6731.85	4489.2	0
6796.17	4642.07	0
6754.45	4780.44	0
6676.88	4612.01	0
6522.63	4553.3	0
6376.81	4414.06	0
6564.34	4291.03	0
6382.59	4309.31	0
6163.94	4360.26	0
6129.14	4446.86	0
6010.36	4401.56	0
6206.1	4261.46	0
5883.36	4312.65	0
6090.36	4415.28	0
6258.46	4351.9	0
6153.76	4639.91	0
6073.78	4737.19	0
5920.73	4583.8	0
5837.27	4806.16	0
5860.84	4759.28	0
5817.98	4918.91	0
5945.36	4758.97	0
5831.31	4716.03	0
5750.5	4715.06	0
5922.71	4814.58	0
5769.55	4783.93	0
5680.03	4810.59	0
5710.91	4788.79	0
5721.64	5011.77	0
5837.99	5037.97	0
6002.76	4958.61	0
5713.01	5137.06	0
5857.98	5012.76	0
5559.57	5072	0
5595.75	5131.04	0
5658.65	5094.41	0
5458.27	5369.59	0
5710.75	5412.75	0
5498.59	5395.12	0
5837.51	5323.94	0
5947.02	5482.38	0
5956.96	5261.67	0
5854.87	5076.63	0
5601.56	5295.02	0
5699	5589.98	0
5845.54	5495.59	0
5758.05	5416.68	0
5536.64	5314.94	0
5253.26	5380.3	0
5246.39	5424.76	0
5098.57	5559.67	0
5135.34	5427.15	0
5037.87	5233.96	0
5182.6	5436.54	0
5112.61	5534.61	0
5334.52	5586.15	0
5533.42	5543.88	0
5447.2	5461.71	0
5322.65	5497.38	0
5023.41	5663.17	0
5244.76	5602.25	0
5006.66	5428.67	0
4948.49	5437.99	0
4898.79	5591.4	0
4810.13	5471.6	0
4845.87	5368.1	0
4630.67	5642.26	0
5021.5	5475.08	0
5204.65	5499.53	0
5004.04	5707.45	0
5164.42	5437.61	0
5018.07	5608.73	0
5201.14	5691.56	0
4859.7	5569.39	0
5217.04	5517	0
5302.68	5556.21	0
4945.43	5568.86	0
5103.8	5669.16	0
4796.94	5396.31	0
4836.48	5530.52	0
4819.07	5572.66	0
5011.53	5636.54	0
5064.38	5670.19	0
5035.99	5789.5	0
5184.63	5709.09	0
5419.44	5905.35	0
5329.08	5787.38	0
5227.28	5638.56	0
5029.33	5357.35	0
5090.39	5400.18	0
4564.51	5342.52	0
4572.23	5295.53	0
4542.49	5458.24	0
4676.06	5436.71	0
4689.72	5525.6	0
4615.84	5684.45	0
4674.6	5683.7	0
4572.65	5557.83	0
4743.13	5717.15	0
4564.68	5863.51	0
4586.46	5732.34	0
4719.77	5747.69	0
4717.95	5631.68	0
4855.3	5838.04	0
4530.06	5809.55	0
4540.23	5686.76	0
4513.53	5679.28	0
4571.34	5822.2	0
4637.44	5844.74	0
4618.26	5871.06	0
4479.67	6057.31	0
4408.73	6052.99	0
4469.94	6097.55	0
4323.48	6180.47	0
4325.89	6046.65	0
4366.39	6119.13	0
4268.87	5967.54	0
4207.31	6110.83	0
4148.83	5926.11	0
4101.86	6006.3	0
4105.55	5868.2	0
4176.65	6149.12	0
4284.71	6236.16	0
4265.61	6211.98	0
4366.5	6254.13	0
4350.19	6169.6	0
4314.12	6449.8	0
4412.14	6316.37	0
4228.19	6289.93	0
4462.5	6364.71	0
4451.55	6366.85	0
4457.68	6127.89	0
4294.83	6257.73	0
4448.9	6373.82	0
4342.88	6375.28	0
4330.27	6390.34	0
4251.92	6531.56	0
4491.14	6533.28	0
4468.95	6659.54	0
4517.6	6696.85	0
4490.38	6764.86	0
4526.39	6795.33	0
4651.36	6810.9	0
4490.6	6645.89	0
4338.99	6645.45	0
4260.49	6851.2	0
4240.58	6546.78	0
4017.55	6591.59	0
4156.03	6378.44	0
4007.94	6547.28	0
3946.23	6494.65	0
4273.81	6609.62	0
4010.63	6645.48	0
4232.92	6634.16	0
4086.23	6602.18	0
4279.93	6769.04	0
4060.45	6781.04	0
4100.65	6683.91	0
3975.69	6800.3	0
4069.63	6816.13	0
4061.49	6621.81	0
4019.48	6660.53	0
3971.53	6828.8	0
3994.46	6861.88	0
4015.92	6652.62	0
4017.43	6667.51	0
3838.69	6713.78	0
3808.96	6714.65	0
3778.99	6608.88	0
3692.32	6526.33	0
3371.16	6432.33	0
3262.9	6511.24	0
3239.02	6275.72	0
3145.39	6142.37	0
3059.51	6340.76	0
3214.87	6230.45	0
3090.24	6274	0
2946.38	6209.21	0
2907.9	6221.13	0
2908.24	6352.38	0
2923.91	6341.58	0
2930.52	6408.51	0
2900.79	6601.62	0
2759.89	6769.14	0
2948.32	6881.15	0
2656.91	6768.13	0
2816.89	6808.88	0
2781.07	6689.63	0
2693.76	6785.28	0
2693.09	6790.33	0
2591.11	6459.35	0
2864.7	6436.63	0
2693.86	6437.06	0
2665.68	6695.93	0
2843.1	6443.3	0
2838.38	6472.04	0
2834.14	6491.64	0
2833.77	6452.15	0
2927.54	6443.31	0
3065.99	6430.41	0
3026.47	6425.77	0
2768.1	6510.29	0
2727.14	6480.73	0
2967.49	6415.29	0
2845.99	6315.94	0
2775.47	6234.76	0
2682.64	6349.53	0
2627.17	6300.06	0
2563.06	6190.9	0
2576.76	6208.09	0
2778.09	6210.91	0
2445.27	6163.08	0
2308.12	6160.78	0
2355.8	6176.11	0
2172.67	6197.65	0
2383.59	6144.52	0
2282.36	6181.25	0
2438.36	6218.83	0
2495.02	6266.5	0
2607.85	6353.98	0
2716.03	6439.09	0
2558.93	6293.74	0
2613.03	6486.07	0
2653.41	6542	0
2771.08	6313.72	0
2608	6401.06	0
2584.35	6257.99	0
2531.58	6448.54	0
2389.56	6280.38	0
2561.68	6359.07	0
2438.49	6244.49	0
2448.77	6264.39	0
2547.16	6182.68	0
2429.88	6084.84	0
2449.53	6233.36	0
2256.79	6125.15	0
2584.43	5937.33	0
2573.06	5976.14	0
2425.66	5880.33	0
2481.09	5766.76	0
2310.38	5791.97	0
2443.35	5883.09	0
2486.69	5960.85	0
2417.52	5881.84	0
2562.83	5965.81	0
2417.49	5825.26	0
2355.51	5890.56	0
2316.56	5716	0
2355.32	5802.46	0
2052.99	5649.61	0
2118.51	5745.13	0
2204.91	5743.54	0
2015.65	5916.56	0
2105.27	5736.54	0
2155.46	5710.44	0
2052.21	5687.88	0
2289.02	5710.46	0
2390.72	5660.31	0
2401.13	5731.43	0
2206.78	5769.47	0
2510.13	5793.07	0
2368.05	5932.08	0
2498.43	5875.26	0
2362.3	6216.41	0
2211.33	6214.99	0
2146.54	6046.09	0
2115.92	5852.99	0
2160.54	6018.21	0
2136.43	5876.47	0
2092.66	5901.83	0
1936.72	5669.79	0
1863.53	5622.46	0
1708.81	5650.27	0
1847.75	5786.08	0
1709.66	5813.88	0
1764.95	5831.58	0
1577.77	5638.79	0
1702.5	5783.31	0
1495.15	5752.46	0
1629.54	5768.9	0
1668.4	5559.78	0
1694.76	5699.62	0
1701.73	5450.82	0
1768.09	5663.52	0
1696.02	5761.14	0
1878.08	5997.39	0
2020.67	5998.94	0
1989.29	5954.75	0
1657.58	5956.08	0
1985.49	5878.49	0
1500.51	5817.52	0
1570.71	5598.17	0
1419.94	5803.01	0
1526.34	5860.15	0
1651.07	5774.38	0
1616.44	5717.42	0
1362.96	5592.94	0
1338.57	5432.89	0
1356.47	5465.89	0
1756.53	5551.69	0
1502.64	5749.88	0
1686.16	5733.83	0
1337.28	5444.72	0
1255.52	5564.13	0
1198.31	5587.1	0
1398.33	5463.19	0
1395.28	5453	0
1339.51	5520.93	0
1440.15	5497.61	0
1194.35	5343.58	0
1340.68	5357.74	0
1584.32	5245.76	0
1508.27	5507.17	0
1530.61	5477.22	0
1517.34	5306.43	0
1731.44	5483.74	0
1605.73	5395.12	0
1612.46	5171.63	0
1494.45	5365.48	0
1378.09	5230.98	0
1668.35	5228.32	0
1563.59	5111.24	0
1574.39	5073.4	0
1295.32	5060.19	0
1262.82	5125.78	0
1360.57	5104.06	0
1133.29	5047.9	0
1007.29	5075.3	0
928.142	4967.86	0
895.192	4948.16	0
928.493	5165.95	0
768.874	5221.47	0
901.088	5129.23	0
759.416	5079.86	0
921.189	5098.71	0
771.033	5191.33	0
928.848	5038.87	0
1094.67	5288.69	0
931.491	5238.99	0
1075.65	5270.42	0
922.467	5140.28	0
1024.58	5240.05	0
1224.48	5038.33	0
1103.16	5155.34	0
1184.6	5091.11	0
1195.18	5217.47	0
1264.86	5334.32	0
1050.04	5345.3	0
1033.26	5153.36	0
1170.91	5204.85	0
1060.34	5145.32	0
955.269	5250.88	0
956.295	5262.91	0
1031.22	5402.45	0
837.931	5178.52	0
857.617	5440.08	0
617.552	5134.42	0
716.609	5178.76	0
453	5263.49	0
610.771	5244.96	0
867.469	5301.58	0
791.507	5493.92	0
896.007	5379.26	0
923.904	5385.79	0
868.224	5444.69	0
691.105	5502.42	0
692.369	5529.42	0
465.284	5508.79	0
392.361	5601.87	0
368.501	5521.96	0
466.805	5685.07	0
215.255	5460.97	0
236.382	5416.77	0
430.287	5434.22	0
297.418	5592.53	0
327.253	5740.78	0
229.897	5801.94	0
237.486	5723.2	0
330.657	5775.23	0
158.161	5671.1	0
184.289	5714.8	0
85.8116	5762.44	0
36.685	5665.83	0
213.823	5529.75	0
148.935	5680.24	0
45.4887	5623.07	0
18.7914	5487.39	0
-60.6991	5581.29	0
-147.777	5417.73	0
-253.924	5485.17	0
-427.768	5489.8	0
-594.195	5263.33	0
-603.33	5440.16	0
-786.16	5462.71	0
-624.741	5575.23	0
-631.764	5849.33	0
-897.281	5720.17	0
-967.712	5662.58	0
-881.006	5516.73	0
-709.373	5752.05	0
-755.492	5617.38	0
-760.839	5559.8	0
-723.27	5350.36	0
-777.174	5363.32	0
-704.797	5459.82	0
-574.265	5507.56	0
-568.16	5467.56	0
-802.801	5230.15	0
-849.917	5136.76	0
-852.618	5202.7	0
-1011.22	5307.25	0
-1042.72	5285.49	0
-971.746	5207.33	0
-1124.71	5175.6	0
-1273.41	5274.24	0
-1385.88	5410.33	0
-1318.61	5258.09	0
-1432.71	5200.69	0
-1405.34	4993.61	0
-1232.64	5159.02	0
-1535.47	5144.68	0
-1442.21	5031.98	0
-1478.54	5188.74	0
-1400	5050.58	0
-1255.92	4998.95	0
-1115.02	5153.26	0
-1157.84	5009.84	0
-1225.85	5078.65	0
-1071.26	4955.44	0
-1088.02	4744.51	0
-1242.99	5061.03	0
-1227.28	4938.71	0
-1433.64	4976.65	0
-1278.94	4992.56	0
-1377.52	4958.3	0
-1227.33	5076.19	0
-1456.55	4943.01	0
-1591.14	4959.59	0
-1533.97	4879.89	0
-1623.32	5087.29	0
-1769.09	4903.81	0
-1720.77	4956.95	0
-1665.95	5034.75	0
-1542.38	4802.59	0
-1827.56	4756.9	0
-1656.07	4872.58	0
-1716.29	4866.03	0
-1746.48	4734.75	0
-1471.65	4861.33	0
-1519.47	4842.85	0
-1294.91	4890.63	0
-1449.49	4788.55	0
-1681.05	4924.98	0
-1602.53	4669.64	0
-1753.24	4616.22	0
-1517.37	4596.28	0
-1664.86	4466.25	0
-1626.03	4509.76	0
-1730.29	4206.89	0
-1767.17	4028.25	0
-1509.17	4058.53	0
-1661.53	4159.97	0
-1480.01	4001.08	0
-1469.21	3715.07	0
-1549.96	3943.56	0
-1479.25	3941.89	0
-1705.2	3971.77	0
-1426.59	4019.97	0
-1544.03	4052.64	0
-1536.94	4133.08	0
-1558.4	4205.54	0
-1367.18	4102.48	0
-1347.27	4260.1	0
-1635.54	4312.27	0
-1652.44	4352.62	0
-1550.78	4397.25	0
-1558.57	4418.16	0
-1672.02	4449.52	0
-1778.29	4483.48	0
-1772.7	4334.51	0
-1866.96	4403.79	0
-1952.64	4375.75	0
-2074.52	4389.04	0
-2344.3	4284.08	0
-2189.75	4437.15	0
-2286.68	4319.9	0
-2239.45	4155.28	0
-2397.6	4271.41	0
-2551.56	4143.79	0
-2584.05	4089.67	0
-2605.78	4150.15	0
-2501.67	4283.97	0
-2687.76	4212.26	0
-2640.35	4173.67	0
-2546.67	4152.4	0
-2700.09	4151.87	0
-2520.26	4136.84	0
-2673.94	4267.65	0
-2671.16	4246.11	0
-2472.85	4110.24	0
-2581.92	4146.8	0
-2522.82	4285.38	0
-2930.42	4171.8	0
-2972.05	4044.87	0
-2746.22	4025.79	0
-2776.43	4023.49	0
-2649.17	3890.78	0
-2628.81	3906.65	0
-2733.25	3932.15	0
-3052.7	3931.69	0
-3111.1	4000.84	0
-3189.17	4122.1	0
-3389.53	3920.27	0
-3366.97	4017.73	0
-3316.78	3930.33	0
-3232.02	3892.9	0
-3173.19	4161.63	0
-3233.6	4143.12	0
-3243.58	4084.76	0
-3359.21	4082.62	0
-3232.01	4039.4	0
-3304.14	4002.8	0
-3491.85	3645.89	0
-3382.28	3562.09	0
-3516.67	3417.58	0
-3595.49	3567.44	0
-3570.79	3518.2	0
-3552.39	3430.62	0
-3414.37	3546.78	0
-3498.85	3655.62	0
-3363.98	3558.64	0
-3545.4	3559.41	0
-3624.29	3439.06	0
-3547.34	3458.01	0
-3595.41	3611.42	0
-3613.55	3535.69	0
-3726.27	3680.92	0
-3840.53	3592.46	0
-3963.12	3671.82	0
-3946.6	3586.26	0
-3869.93	3618.24	0
-3959.67	3707.29	0
-4008.5	3550.23	0
-4051.6	3605.92	0
-3881.96	3604.73	0
-3880.12	3636.92	0
-3944.54	3621.23	0
-3669.28	3598.39	0
-3799.12	3705.36	0
-3758.71	3869.77	0
-3451.57	3805.55	0
-3411.07	3797.34	0
-3359.51	3774.21	0
-3533.07	3896.39	0
-3712.32	3781.59	0
-3709.4	3925.31	0
-3836.98	3932.28	0
-3622.83	3829.97	0
-3912.42	3800.64	0
-3839.02	3680.17	0
-3844.85	3734.87	0
-3840.38	3636.38	0
-3875.78	3611.48	0
-3944.51	3849.46	0
-4105.43	3616.45	0
-4286.18	3766.33	0
-4483.15	3881.06	0
-4139.77	3838.8	0
-4196.97	3874.1	0
-4303.61	3751.93	0
-4291.98	3877.32	0
-4322.52	4011.34	0
-4395.14	4023.95	0
-4671.37	3989.04	0
-4515.05	3755.77	0
-4760.14	3813.5	0
-4686.96	4030.13	0
-4738.6	3848.1	0
-4765.26	3946.75	0
-4808.19	3969.18	0
-4674.26	3945.19	0
-4634.56	3713.59	0
-4772.82	3772.24	0
-4645.43	3685.02	0
-4584.09	3721.53	0
-4851.3	3837.96	0
-4856.64	3703.83	0
-4914.65	3720.03	0
-4862.84	3809.48	0
-4783.38	3631.56	0
-4912.48	3852.34	0
-4936.76	3895.95	0
-4935.9	3896.89	0
-4885.05	4261.53	0
-4849.18	4043.18	0
-4920.41	4333.34	0
-4797.27	4271.76	0
-4867.32	4233.77	0
-4826.65	4361.94	0
-4813.44	4323.69	0
-4756.03	4449.7	0
-4763.54	4564.1	0
-4812.84	4534.39	0
-4642.61	4439.57	0
-4808.88	4339.6	0
-4840.12	4417.97	0
-4718.92	4469.52	0
-4864.03	4221.83	0
-4766.15	4144.06	0
-4859.85	4112.03	0
-4799.39	4059.74	0
-4730.22	4007.25	0
-4845.28	3903.03	0
-4800.15	3874.96	0
-4764.72	3934.12	0
-4663.5	3854	0
-4868.84	3907.94	0
-4685.44	3825.69	0
-4661.08	3790.85	0
-4673.26	3767.21	0
-4633.18	3724.98	0
-4767.4	3749.15	0
-4954.79	3475.14	0
-4660.99	3741.09	0
-4909.65	3745.17	0
-4743.6	3832.47	0
-4806.35	3766.67	0
-4904.42	3785.82	0
-4744.09	3737.55	0
-4828.77	3655.99	0
-4988.06	3549.15	0
-5127.05	3416.52	0
-5107.69	3573.78	0
-5132.09	3486.74	0
-4951.3	3355	0
-4857.05	3321.27	0
-4846.6	3459.61	0
-4837.96	3330.64	0
-4996.91	3246.55	0
-5068.09	3315.81	0
-4898.16	3343.15	0
-4886.24	3217.9	0
-4811.03	3197.19	0
-4819.82	3045.91	0
-5038.92	3149.35	0
-5007.7	3056.89	0
-5110.58	3051.3	0
-4997.94	3150	0
-5150.21	3083.53	0
-5158.52	3062.96	0
-5135.38	3073.71	0
-5188.26	3141.09	0
-5197.64	3136.72	0
-5140.82	3351.14	0
-5068.43	3322.43	0
-5073.77	3515.5	0
-5190.93	3453.26	0
-5140.72	3435.69	0
-5174.26	3215.42	0
-4928.12	2988.88	0
-5016.69	2796.01	0
-5090.2	2769.92	0
-5301.51	2925.22	0
-5547.95	2952.1	0
-5245.14	3121.58	0
-5268.34	3148.02	0
-5254.13	3051.39	0
-5200.88	2915.69	0
-5357.03	2958.27	0
-5218.51	2953.7	0
-5096.47	3080.51	0
-5292.46	2871.95	0
-5224.6	2961.91	0
-5331.22	2766.93	0
-5226.2	2884.41	0
-5320.49	2746.05	0
-5259.99	2818.26	0
-5301.14	2635.22	0
-5428.64	2597.31	0
-5378.38	2576.96	0
-5308.04	2606.25	0
-5513.94	2609.38	0
-5308.02	2665.86	0
-5309.29	2842.44	0
-5276.09	2865.86	0
-5642.41	2725.5	0
-5739.07	2750.04	0
-5753.98	2712.74	0
-5913.75	2648.86	0
-6040.79	2532.92	0
-6068.15	2573.81	0
-6139.04	2353.4	0
-6000.74	2305.92	0
-6198.5	2431.39	0
-6098.01	2330.61	0
-5953.21	2401.67	0
-5868.51	2418.1	0
-6001.98	2559.72	0
-6008.55	2421.96	0
-5998.36	2381.04	0
-5911.38	2542.13	0
-5801.53	2625.8	0
-5929.88	2615.28	0
-5947.65	2573.91	0
-5843.23	2707.59	0
-5894.33	2615.21	0
-5815.72	2524.73	0
-6090.08	2751.1	0
-5885.57	2757.23	0
-5962.68	2734.45	0
-6079.41	2710.69	0
-5792.94	2610.12	0
-5864.41	2616.7	0
-5870.05	2565.21	0
-5958.48	2721.33	0
-5942.76	2778.88	0
-5675.65	2644.16	0
-5802.43	2549.35	0
-5677.14	2533.62	0
-5724.61	2408.29	0
-5871.86	2446.91	0
-5913.2	2353.4	0
-6004.17	2411.21	0
-5761.88	2300.63	0
-5675.88	2379.62	0
-5502.72	2426.2	0
-5506.61	2401.33	0
-5704.27	2396.37	0
-5415.92	2419.79	0
-5665.6	2559.15	0
-5580.69	2344.53	0
-5558.88	2360.16	0
-5820.09	2110.88	0
-5630.01	2133.15	0
-5759.95	1979.94	0
-5778.88	2214.95	0
-5659.39	2340.13	0
-5845.88	2345.81	0
-5608.61	2491.48	0
-5690.13	2379.41	0
-5579.88	2298.33	0
-5835.7	2374.96	0
-5753	2274.82	0
-5734.61	2463.88	0
-5880.25	2591.18	0
-5636.09	2493.76	0
-5722.34	2629.67	0
-5612.35	2585.61	0
-5630.16	2577.79	0
-5634.58	2730.34	0
-5624.83	2677.47	0
-5562.93	2774.16	0
-5708.89	2764.66	0
-5675.98	3035.97	0
-5772.15	2906.65	0
-5558.29	2993.95	0
-5710.29	2911.21	0
-5588.03	2736.44	0
-5723.44	2661.85	0
-5667.09	2623.92	0
-5662.75	2593.22	0
-5855.39	2511.87	0
-5666.61	2485.47	0
-5627.51	2524.12	0
-5623.51	2493.99	0
-5532.76	2434.68	0
-5517.7	2374.14	0
-5591.62	2278.34	0
-5695.41	2186.19	0
-5807.38	2324.43	0
-5665.43	2343.95	0
-5766.71	2234.55	0
-5639.54	2294.16	0
-5775.59	2191.45	0
-5536.68	2184.83	0
-5573.85	2004.42	0
-5596.64	1937.99	0
-5426.81	2041.85	0
-5243.43	2152.2	0
-5210.73	1981.15	0
-5036.17	1941.18	0
-5067.22	2095.26	0
-5024.12	2131.56	0
-5111.53	2229.93	0
-4810.1	2219.47	0
-4917.23	2248.62	0
-5092.13	2238.78	0
-4853.34	2489.01	0
-4881.77	2317.14	0
-4810.36	2485.25	0
-4900.27	2450.44	0
-4849.21	2455.55	0
-4899.11	2438.75	0
-4977.76	2334.83	0
-4847.73	2364.03	0
-4858.56	2290.4	0
-4939.36	2267.05	0
-4729.13	2406.74	0
-4600.04	2341.32	0
-4537.78	2154.01	0
-4603.65	2079.71	0
-4647.57	2082.98	0
-4543	2409.12	0
-4759.46	2230.78	0
-4721.07	2211.47	0
-4688.8	1943.11	0
-4809.93	1988.91	0
-4848.78	2048.94	0
-5222.67	2155.17	0
-4969.28	2068.81	0
-5347.06	2367.05	0
-5295.55	2149.38	0
-5270.96	2004.99	0
-5280.38	2248.41	0
-5155.52	2061.34	0
-5086.79	2222.86	0
-5179.35	2034.25	0
-5083.3	2109.04	0
-5250.33	1971.23	0
-5034.08	1969.9	0
-5191.15	2027.47	0
-5186.11	1966.86	0
-5182.65	1886.15	0
-5344.94	1881.64	0
-5303.67	1794.36	0
-5472.94	1985.61	0
-5418.04	2009	0
-5416.52	1862.22	0
-5514.98	2032.58	0
-5532.93	2086.22	0
-5384.02	2188.85	0
-5729.98	2305.02	0
-5715.87	2096.24	0
-5753.49	2225.16	0
-5609.17	2320.12	0
-5783.38	2323.47	0
-5564.03	2463.13	0
-5566.48	2388.5	0
-5582.73	2365.39	0
-5402.79	2429.89	0
-5445.86	2377.11	0
-5401.16	2449.3	0
-5317.51	2302.29	0
-5354.54	2171.03	0
-5090.49	2288.16	0
-5226.2	2395.18	0
-5158.26	2261.44	0
-5026.21	2250.45	0
-4968.44	2352.37	0
-4904.1	2526.83	0
-4976.48	2316.62	0
-4905.58	2215.8	0
-4827.97	1996.98	0
-5039.56	1867.44	0
-4981.44	1893.45	0
-5106.09	2046.72	0
-5221.22	2062.97	0
-5172.76	2021.44	0
-5209.24	2042.28	0
-5251.89	1969.73	0
-5215.64	1822.98	0
-4958.87	1639.12	0
-5069.46	1447.86	0
-5281.85	1498.95	0
-5120.68	1580.6	0
-5309.32	1607.48	0
-5245.71	1540.11	0
-5346.23	1708.71	0
-5230.94	1482.05	0
-5519.99	1708.02	0
-5596.89	1704.85	0
-5473.31	1806.31	0
-5771.44	1616.95	0
-5675.59	1847.22	0
-5725.3	1884.27	0
-5759.64	1845.78	0
-5773.55	1732.83	0
-5847.83	1591.7	0
-5688.01	1674.61	0
-5705.87	1729.08	0
-5616.47	1660.58	0
-5522.69	1700.48	0
-5604.04	1717.75	0
-5385.4	1692.9	0
-5386.74	1648.18	0
-5344.54	1467.74	0
-5312.62	1615.78	0
-5313.95	1519.6	0
-5537.79	1489.12	0
-5393.54	1635.62	0
-5326.52	1559.02	0
-5274.49	1539.8	0
-5605.83	1825.76	0
-5537.96	1832.95	0
-5773.21	1768.89	0
-6047.33	1987.24	0
-5974.72	1782.26	0
-6335.52	1697.93	0
-6270.58	1684.21	0
-6197.75	1632.42	0
-6005.73	1824	0
-5971.84	1739.92	0
-6211.73	1648.39	0
-5804.6	1537.25	0
-5971.86	1502.78	0
-5830.47	1585.64	0
-5830.03	1459.59	0
-5744.1	1723.3	0
-5724.8	1535.22	0
-5647.55	1497.24	0
-5894.77	1400.63	0
-5644.74	1465.77	0
-5766.93	1463.47	0
-5609.79	1662.67	0
-5886.06	1521.58	0
-6022.32	1740.71	0
-6123.12	1871.79	0
-6343.2	1839.55	0
-6102.33	1757.94	0
-6118.74	1788.9	0
-6274.68	1715.63	0
-6026.58	1494.24	0
-6237.29	1428.59	0
-5936.72	1363.59	0
-5845.73	1318.52	0
-5793.04	1114.35	0
-5860.28	1165.89	0
-6008.58	1199.95	0
-5858.3	1193.25	0
-5884.7	1259.9	0
-5854.08	991.961	0
-5825.12	1008.72	0
-6307.53	836.344	0
-6162.07	937.922	0
-6188.09	736.771	0
-6270.22	652.358	0
-6198.07	497.012	0
-6116.2	686.094	0
-6024.41	731.05	0
-5941.24	791.088	0
-5884.62	726.139	0
-5804.8	723.374	0
-6063.27	632.575	0
-5914.6	540.395	0
-5830.01	635.249	0
-5904.44	626.979	0
-5818.12	511.681	0
-6270.33	388.401	0
-5766.32	589.21	0
-6007.91	688.154	0
-5948.18	718.66	0
-5957	610.068	0
-6094.43	769.355	0
-5899.06	836.696	0
-5952.88	793.688	0
-5853.86	890.492	0
-6053.33	824.735	0
-6213.37	776.778	0
-5890.08	943.551	0
-6066.98	950.163	0
-6024.96	1160.75	0
-5968.51	912.201	0
-6049.37	919.811	0
-6034.74	1173.52	0
-5998.39	1281.07	0
-6015.3	1138.94	0
-5755.98	1256.6	0
-5886.22	1108.46	0
-5728.41	1033.91	0
-5979	1295.23	0
-5981.46	1368.27	0
-6123.23	1435.2	0
-6209.23	1653.37	0
-6167.06	1422.43	0
-6161.85	1522.26	0
-6193.04	1409.84	0
-6177.55	1370.01	0
-6349.57	1306.55	0
-6167.68	1267.74	0
-6526.46	1296.1	0
-6413.5	1146.32	0
-6430.07	1155.34	0
-6421.96	1220.05	0
-6640.52	1203.97	0
-6518.99	969.347	0
-6619.31	1137.66	0
-6578.6	941.605	0
-6892.64	875.388	0
-6774.01	1087.5	0
-6987.44	1305.22	0
-7107.64	1227.4	0
-7007.62	1231.28	0
-7226.8	1212.99	0
-7117.91	1161	0
-7341.53	1051.95	0
-7178.71	1018.48	0
-7182.45	1005.33	0
-7327.84	1101.91	0
-7175.52	895.441	0
-7313.07	910.254	0
-7080.65	889.502	0
-7035.85	793.486	0
-7212.81	823.572	0
-7092.83	885.342	0
-7056.65	763.479	0
-7263.84	832.99	0
-7185.99	892.008	0
-7337.17	819.537	0
-7193.84	1013.53	0
-7418.49	868.45	0
-7457.71	824.56	0
-7405.34	785.856	0
-7605.21	795.441	0
-7335.91	562.027	0
-7512.58	371.937	0
-7602	492.313	0
-7615.3	509.945	0
-7795.23	648.958	0
-7710.96	546.349	0
-7789.4	445.1	0
-7758.88	682.824	0
-7667.04	440.566	0
-7833.62	524.881	0
-7638.68	429.347	0
-7636.29	590.616	0
-7546.58	468.368	0
-7573.99	342.134	0
-7598.47	309.227	0
-7414.2	344.693	0
-7602.49	459.488	0
-7561.68	516.966	0
