0.000000	0.25957
0.000024	0.259646
0.000047	0.259722
0.000071	0.259797
0.000094	0.259872
0.000118	0.259947
0.000141	0.260021
0.000165	0.260095
0.000188	0.260169
0.000212	0.260242
0.000235	0.260315
0.000259	0.260387
0.000282	0.26046
0.000306	0.260531
0.000329	0.260603
0.000353	0.260674
0.000376	0.260745
0.000400	0.260816
0.000423	0.260886
0.000447	0.260956
0.000470	0.261025
0.000494	0.261094
0.000517	0.261163
0.000541	0.261231
0.000564	0.2613
0.000588	0.261367
0.000611	0.261435
0.000635	0.261502
0.000658	0.261569
0.000682	0.261635
0.000705	0.261701
0.000729	0.261767
0.000752	0.261832
0.000776	0.261897
0.000799	0.261962
0.000823	0.262026
0.000846	0.26209
0.000870	0.262153
0.000893	0.262217
0.000917	0.26228
0.000940	0.262342
0.000964	0.262404
0.000987	0.262466
0.001011	0.262528
0.001034	0.262589
0.001058	0.26265
0.001081	0.26271
0.001105	0.262771
0.001128	0.26283
0.001152	0.26289
0.001175	0.262949
0.001199	0.263008
0.001222	0.263066
0.001246	0.263124
0.001269	0.263182
0.001293	0.263239
0.001317	0.263296
0.001340	0.263353
0.001364	0.263409
0.001387	0.263465
0.001411	0.263521
0.001434	0.263576
0.001458	0.263631
0.001481	0.263686
0.001505	0.26374
0.001528	0.263794
0.001552	0.263848
0.001575	0.263901
0.001599	0.263954
0.001622	0.264006
0.001646	0.264058
0.001669	0.26411
0.001693	0.264162
0.001716	0.264213
0.001740	0.264264
0.001763	0.264314
0.001787	0.264364
0.001810	0.264414
0.001834	0.264463
0.001857	0.264512
0.001881	0.264561
0.001904	0.26461
0.001928	0.264658
0.001951	0.264705
0.001975	0.264753
0.001998	0.2648
0.002022	0.264846
0.002045	0.264892
0.002069	0.264938
0.002092	0.264984
0.002116	0.265029
0.002139	0.265074
0.002163	0.265119
0.002186	0.265163
0.002210	0.265207
0.002233	0.26525
0.002257	0.265293
0.002280	0.265336
0.002304	0.265379
0.002327	0.265421
0.002351	0.265463
0.002374	0.265504
0.002398	0.265545
0.002421	0.265586
0.002445	0.265626
0.002468	0.265666
0.002492	0.265706
0.002515	0.265745
0.002539	0.265784
0.002563	0.265823
0.002586	0.265861
0.002610	0.265899
0.002633	0.265937
0.002657	0.265974
0.002680	0.266011
0.002704	0.266048
0.002727	0.266084
0.002751	0.26612
0.002774	0.266155
0.002798	0.266191
0.002821	0.266226
0.002845	0.26626
0.002868	0.266294
0.002892	0.266328
0.002915	0.266362
0.002939	0.266395
0.002962	0.266427
0.002986	0.26646
0.003009	0.266492
0.003033	0.266524
0.003056	0.266555
0.003080	0.266586
0.003103	0.266617
0.003127	0.266647
0.003150	0.266677
0.003174	0.266707
0.003197	0.266736
0.003221	0.266765
0.003244	0.266794
0.003268	0.266822
0.003291	0.26685
0.003315	0.266878
0.003338	0.266905
0.003362	0.266932
0.003385	0.266959
0.003409	0.266985
0.003432	0.267011
0.003456	0.267036
0.003479	0.267062
0.003503	0.267087
0.003526	0.267111
0.003550	0.267135
0.003573	0.267159
0.003597	0.267183
0.003620	0.267206
0.003644	0.267229
0.003667	0.267251
0.003691	0.267273
0.003714	0.267295
0.003738	0.267316
0.003761	0.267337
0.003785	0.267358
0.003808	0.267379
0.003832	0.267399
0.003856	0.267418
0.003879	0.267438
0.003903	0.267457
0.003926	0.267476
0.003950	0.267494
0.003973	0.267512
0.003997	0.26753
0.004020	0.267547
0.004044	0.267564
0.004067	0.267581
0.004091	0.267597
0.004114	0.267613
0.004138	0.267629
0.004161	0.267644
0.004185	0.267659
0.004208	0.267674
0.004232	0.267688
0.004255	0.267702
0.004279	0.267715
0.004302	0.267729
0.004326	0.267742
0.004349	0.267754
0.004373	0.267766
0.004396	0.267778
0.004420	0.26779
0.004443	0.267801
0.004467	0.267812
0.004490	0.267822
0.004514	0.267833
0.004537	0.267843
0.004561	0.267852
0.004584	0.267861
0.004608	0.26787
0.004631	0.267879
0.004655	0.267887
0.004678	0.267895
0.004702	0.267902
0.004725	0.267909
0.004749	0.267916
0.004772	0.267923
0.004796	0.267929
0.004819	0.267935
0.004843	0.26794
0.004866	0.267945
0.004890	0.26795
0.004913	0.267955
0.004937	0.267959
0.004960	0.267963
0.004984	0.267966
0.005007	0.267969
0.005031	0.267972
0.005054	0.267974
0.005078	0.267977
0.005102	0.267978
0.005125	0.26798
0.005149	0.267981
0.005172	0.267982
0.005196	0.267982
0.005219	0.267982
0.005243	0.267982
0.005266	0.267982
0.005290	0.267981
0.005313	0.267979
0.005337	0.267978
0.005360	0.267976
0.005384	0.267974
0.005407	0.267971
0.005431	0.267968
0.005454	0.267965
0.005478	0.267962
0.005501	0.267958
0.005525	0.267954
0.005548	0.267949
0.005572	0.267944
0.005595	0.267939
0.005619	0.267934
0.005642	0.267928
0.005666	0.267921
0.005689	0.267915
0.005713	0.267908
0.005736	0.267901
0.005760	0.267893
0.005783	0.267886
0.005807	0.267877
0.005830	0.267869
0.005854	0.26786
0.005877	0.267851
0.005901	0.267842
0.005924	0.267832
0.005948	0.267822
0.005971	0.267811
0.005995	0.2678
0.006018	0.267789
0.006042	0.267778
0.006065	0.267766
0.006089	0.267754
0.006112	0.267741
0.006136	0.267729
0.006159	0.267716
0.006183	0.267702
0.006206	0.267689
0.006230	0.267674
0.006253	0.26766
0.006277	0.267645
0.006300	0.26763
0.006324	0.267615
0.006347	0.267599
0.006371	0.267583
0.006395	0.267567
0.006418	0.26755
0.006442	0.267533
0.006465	0.267516
0.006489	0.267498
0.006512	0.267481
0.006536	0.267462
0.006559	0.267444
0.006583	0.267425
0.006606	0.267406
0.006630	0.267386
0.006653	0.267366
0.006677	0.267346
0.006700	0.267325
0.006724	0.267305
0.006747	0.267283
0.006771	0.267262
0.006794	0.26724
0.006818	0.267218
0.006841	0.267196
0.006865	0.267173
0.006888	0.26715
0.006912	0.267126
0.006935	0.267103
0.006959	0.267079
0.006982	0.267054
0.007006	0.267029
0.007029	0.267005
0.007053	0.266979
0.007076	0.266954
0.007100	0.266928
0.007123	0.266901
0.007147	0.266875
0.007170	0.266848
0.007194	0.266821
0.007217	0.266793
0.007241	0.266765
0.007264	0.266737
0.007288	0.266709
0.007311	0.26668
0.007335	0.266651
0.007358	0.266621
0.007382	0.266592
0.007405	0.266562
0.007429	0.266531
0.007452	0.266501
0.007476	0.26647
0.007499	0.266438
0.007523	0.266407
0.007546	0.266375
0.007570	0.266343
0.007593	0.26631
0.007617	0.266277
0.007641	0.266244
0.007664	0.26621
0.007688	0.266177
0.007711	0.266143
0.007735	0.266108
0.007758	0.266073
0.007782	0.266038
0.007805	0.266003
0.007829	0.265967
0.007852	0.265931
0.007876	0.265895
0.007899	0.265859
0.007923	0.265822
0.007946	0.265785
0.007970	0.265747
0.007993	0.265709
0.008017	0.265671
0.008040	0.265633
0.008064	0.265594
0.008087	0.265555
0.008111	0.265516
0.008134	0.265476
0.008158	0.265436
0.008181	0.265396
0.008205	0.265355
0.008228	0.265314
0.008252	0.265273
0.008275	0.265232
0.008299	0.26519
0.008322	0.265148
0.008346	0.265106
0.008369	0.265063
0.008393	0.26502
0.008416	0.264977
0.008440	0.264933
0.008463	0.264889
0.008487	0.264845
0.008510	0.2648
0.008534	0.264756
0.008557	0.264711
0.008581	0.264665
0.008604	0.264619
0.008628	0.264573
0.008651	0.264527
0.008675	0.264481
0.008698	0.264434
0.008722	0.264386
0.008745	0.264339
0.008769	0.264291
0.008792	0.264243
0.008816	0.264195
0.008839	0.264146
0.008863	0.264097
0.008886	0.264048
0.008910	0.263998
0.008934	0.263948
0.008957	0.263898
0.008981	0.263848
0.009004	0.263797
0.009028	0.263746
0.009051	0.263695
0.009075	0.263643
0.009098	0.263591
0.009122	0.263539
0.009145	0.263486
0.009169	0.263434
0.009192	0.26338
0.009216	0.263327
0.009239	0.263273
0.009263	0.263219
0.009286	0.263165
0.009310	0.263111
0.009333	0.263056
0.009357	0.263001
0.009380	0.262945
0.009404	0.26289
0.009427	0.262834
0.009451	0.262777
0.009474	0.262721
0.009498	0.262664
0.009521	0.262607
0.009545	0.262549
0.009568	0.262492
0.009592	0.262434
0.009615	0.262375
0.009639	0.262317
0.009662	0.262258
0.009686	0.262199
0.009709	0.262139
0.009733	0.262079
0.009756	0.262019
0.009780	0.261959
0.009803	0.261899
0.009827	0.261838
0.009850	0.261777
0.009874	0.261715
0.009897	0.261653
0.009921	0.261591
0.009944	0.261529
0.009968	0.261467
0.009991	0.261404
0.010015	0.261341
0.010038	0.261277
0.010062	0.261214
0.010085	0.26115
0.010109	0.261085
0.010132	0.261021
0.010156	0.260956
0.010179	0.260891
0.010203	0.260826
0.010227	0.26076
0.010250	0.260694
0.010274	0.260628
0.010297	0.260562
0.010321	0.260495
0.010344	0.260428
0.010368	0.26036
0.010391	0.260293
0.010415	0.260225
0.010438	0.260157
0.010462	0.260089
0.010485	0.26002
0.010509	0.259951
0.010532	0.259882
0.010556	0.259812
0.010579	0.259743
0.010603	0.259673
0.010626	0.259602
0.010650	0.259532
0.010673	0.259461
0.010697	0.25939
0.010720	0.259318
0.010744	0.259247
0.010767	0.259175
0.010791	0.259103
0.010814	0.25903
0.010838	0.258957
0.010861	0.258884
0.010885	0.258811
0.010908	0.258738
0.010932	0.258664
0.010955	0.25859
0.010979	0.258515
0.011002	0.258441
0.011026	0.258366
0.011049	0.258291
0.011073	0.258215
0.011096	0.25814
0.011120	0.258064
0.011143	0.257988
0.011167	0.257911
0.011190	0.257835
0.011214	0.257758
0.011237	0.25768
0.011261	0.257603
0.011284	0.257525
0.011308	0.257447
0.011331	0.257369
0.011355	0.25729
0.011378	0.257211
0.011402	0.257132
0.011425	0.257053
0.011449	0.256973
0.011473	0.256894
0.011496	0.256814
0.011520	0.256733
0.011543	0.256653
0.011567	0.256572
0.011590	0.256491
0.011614	0.256409
0.011637	0.256328
0.011661	0.256246
0.011684	0.256164
0.011708	0.256081
0.011731	0.255998
0.011755	0.255916
0.011778	0.255832
0.011802	0.255749
0.011825	0.255665
0.011849	0.255581
0.011872	0.255497
0.011896	0.255413
0.011919	0.255328
0.011943	0.255243
0.011966	0.255158
0.011990	0.255072
0.012013	0.254987
0.012037	0.254901
0.012060	0.254815
0.012084	0.254728
0.012107	0.254642
0.012131	0.254555
0.012154	0.254467
0.012178	0.25438
0.012201	0.254292
0.012225	0.254204
0.012248	0.254116
0.012272	0.254028
0.012295	0.253939
0.012319	0.25385
0.012342	0.253761
0.012366	0.253672
0.012389	0.253582
0.012413	0.253492
0.012436	0.253402
0.012460	0.253312
0.012483	0.253221
0.012507	0.25313
0.012530	0.253039
0.012554	0.252948
0.012577	0.252856
0.012601	0.252765
0.012624	0.252673
0.012648	0.25258
0.012671	0.252488
0.012695	0.252395
0.012718	0.252302
0.012742	0.252209
0.012766	0.252115
0.012789	0.252022
0.012813	0.251928
0.012836	0.251833
0.012860	0.251739
0.012883	0.251644
0.012907	0.251549
0.012930	0.251454
0.012954	0.251359
0.012977	0.251263
0.013001	0.251168
0.013024	0.251072
0.013048	0.250975
0.013071	0.250879
0.013095	0.250782
0.013118	0.250685
0.013142	0.250588
0.013165	0.25049
0.013189	0.250393
0.013212	0.250295
0.013236	0.250197
0.013259	0.250098
0.013283	0.25
0.013306	0.249901
0.013330	0.249802
0.013353	0.249702
0.013377	0.249603
0.013400	0.249503
0.013424	0.249403
0.013447	0.249303
0.013471	0.249203
0.013494	0.249102
0.013518	0.249001
0.013541	0.2489
0.013565	0.248799
0.013588	0.248697
0.013612	0.248596
0.013635	0.248494
0.013659	0.248391
0.013682	0.248289
0.013706	0.248186
0.013729	0.248084
0.013753	0.24798
0.013776	0.247877
0.013800	0.247774
0.013823	0.24767
0.013847	0.247566
0.013870	0.247462
0.013894	0.247357
0.013917	0.247253
0.013941	0.247148
0.013964	0.247043
0.013988	0.246938
0.014012	0.246832
0.014035	0.246727
0.014059	0.246621
0.014082	0.246515
0.014106	0.246408
0.014129	0.246302
0.014153	0.246195
0.014176	0.246088
0.014200	0.245981
0.014223	0.245873
0.014247	0.245766
0.014270	0.245658
0.014294	0.24555
0.014317	0.245442
0.014341	0.245333
0.014364	0.245225
0.014388	0.245116
0.014411	0.245007
0.014435	0.244897
0.014458	0.244788
0.014482	0.244678
0.014505	0.244568
0.014529	0.244458
0.014552	0.244348
0.014576	0.244238
0.014599	0.244127
0.014623	0.244016
0.014646	0.243905
0.014670	0.243793
0.014693	0.243682
0.014717	0.24357
0.014740	0.243458
0.014764	0.243346
0.014787	0.243234
0.014811	0.243121
0.014834	0.243009
0.014858	0.242896
0.014881	0.242782
0.014905	0.242669
0.014928	0.242556
0.014952	0.242442
0.014975	0.242328
0.014999	0.242214
0.015022	0.242099
0.015046	0.241985
0.015069	0.24187
0.015093	0.241755
0.015116	0.24164
0.015140	0.241525
0.015163	0.241409
0.015187	0.241294
0.015210	0.241178
0.015234	0.241062
0.015257	0.240946
0.015281	0.240829
0.015305	0.240712
0.015328	0.240596
0.015352	0.240479
0.015375	0.240361
0.015399	0.240244
0.015422	0.240126
0.015446	0.240008
0.015469	0.239891
0.015493	0.239772
0.015516	0.239654
0.015540	0.239535
0.015563	0.239417
0.015587	0.239298
0.015610	0.239179
0.015634	0.239059
0.015657	0.23894
0.015681	0.23882
0.015704	0.2387
0.015728	0.23858
0.015751	0.23846
0.015775	0.23834
0.015798	0.238219
0.015822	0.238098
0.015845	0.237978
0.015869	0.237856
0.015892	0.237735
0.015916	0.237614
0.015939	0.237492
0.015963	0.23737
0.015986	0.237248
0.016010	0.237126
0.016033	0.237004
0.016057	0.236881
0.016080	0.236758
0.016104	0.236635
0.016127	0.236512
0.016151	0.236389
0.016174	0.236266
0.016198	0.236142
0.016221	0.236018
0.016245	0.235894
0.016268	0.23577
0.016292	0.235646
0.016315	0.235521
0.016339	0.235397
0.016362	0.235272
0.016386	0.235147
0.016409	0.235022
0.016433	0.234897
0.016456	0.234771
0.016480	0.234645
0.016503	0.23452
0.016527	0.234394
0.016551	0.234267
0.016574	0.234141
0.016598	0.234015
0.016621	0.233888
0.016645	0.233761
0.016668	0.233634
0.016692	0.233507
0.016715	0.23338
0.016739	0.233252
0.016762	0.233124
0.016786	0.232997
0.016809	0.232869
0.016833	0.23274
0.016856	0.232612
0.016880	0.232484
0.016903	0.232355
0.016927	0.232226
0.016950	0.232097
0.016974	0.231968
0.016997	0.231839
0.017021	0.23171
0.017044	0.23158
0.017068	0.23145
0.017091	0.23132
0.017115	0.23119
0.017138	0.23106
0.017162	0.23093
0.017185	0.230799
0.017209	0.230668
0.017232	0.230538
0.017256	0.230407
0.017279	0.230276
0.017303	0.230144
0.017326	0.230013
0.017350	0.229881
0.017373	0.229749
0.017397	0.229618
0.017420	0.229485
0.017444	0.229353
0.017467	0.229221
0.017491	0.229088
0.017514	0.228956
0.017538	0.228823
0.017561	0.22869
0.017585	0.228557
0.017608	0.228424
0.017632	0.22829
0.017655	0.228157
0.017679	0.228023
0.017702	0.227889
0.017726	0.227755
0.017749	0.227621
0.017773	0.227487
0.017796	0.227353
0.017820	0.227218
0.017844	0.227083
0.017867	0.226948
0.017891	0.226813
0.017914	0.226678
0.017938	0.226543
0.017961	0.226408
0.017985	0.226272
0.018008	0.226137
0.018032	0.226001
0.018055	0.225865
0.018079	0.225729
0.018102	0.225592
0.018126	0.225456
0.018149	0.22532
0.018173	0.225183
0.018196	0.225046
0.018220	0.224909
0.018243	0.224772
0.018267	0.224635
0.018290	0.224498
0.018314	0.22436
0.018337	0.224223
0.018361	0.224085
0.018384	0.223947
0.018408	0.223809
0.018431	0.223671
0.018455	0.223533
0.018478	0.223395
0.018502	0.223256
0.018525	0.223118
0.018549	0.222979
0.018572	0.22284
0.018596	0.222701
0.018619	0.222562
0.018643	0.222423
0.018666	0.222283
0.018690	0.222144
0.018713	0.222004
0.018737	0.221864
0.018760	0.221724
0.018784	0.221584
0.018807	0.221444
0.018831	0.221304
0.018854	0.221164
0.018878	0.221023
0.018901	0.220883
0.018925	0.220742
0.018948	0.220601
0.018972	0.22046
0.018995	0.220319
0.019019	0.220178
0.019042	0.220036
0.019066	0.219895
0.019089	0.219753
0.019113	0.219612
0.019137	0.21947
0.019160	0.219328
0.019184	0.219186
0.019207	0.219044
0.019231	0.218901
0.019254	0.218759
0.019278	0.218617
0.019301	0.218474
0.019325	0.218331
0.019348	0.218188
0.019372	0.218046
0.019395	0.217902
0.019419	0.217759
0.019442	0.217616
0.019466	0.217473
0.019489	0.217329
0.019513	0.217186
0.019536	0.217042
0.019560	0.216898
0.019583	0.216754
0.019607	0.21661
0.019630	0.216466
0.019654	0.216322
0.019677	0.216177
0.019701	0.216033
0.019724	0.215888
0.019748	0.215744
0.019771	0.215599
0.019795	0.215454
0.019818	0.215309
0.019842	0.215164
0.019865	0.215019
0.019889	0.214874
0.019912	0.214728
0.019936	0.214583
0.019959	0.214437
0.019983	0.214291
0.020006	0.214146
0.020030	0.214
0.020053	0.213854
0.020077	0.213708
0.020100	0.213561
0.020124	0.213415
0.020147	0.213269
0.020171	0.213122
0.020194	0.212976
0.020218	0.212829
0.020241	0.212682
0.020265	0.212536
0.020288	0.212389
0.020312	0.212242
0.020335	0.212094
0.020359	0.211947
0.020383	0.2118
0.020406	0.211653
0.020430	0.211505
0.020453	0.211357
0.020477	0.21121
0.020500	0.211062
0.020524	0.210914
0.020547	0.210766
0.020571	0.210618
0.020594	0.21047
0.020618	0.210322
0.020641	0.210174
0.020665	0.210025
0.020688	0.209877
0.020712	0.209728
0.020735	0.20958
0.020759	0.209431
0.020782	0.209282
0.020806	0.209133
0.020829	0.208984
0.020853	0.208835
0.020876	0.208686
0.020900	0.208537
0.020923	0.208388
0.020947	0.208238
0.020970	0.208089
0.020994	0.207939
0.021017	0.20779
0.021041	0.20764
0.021064	0.20749
0.021088	0.207341
0.021111	0.207191
0.021135	0.207041
0.021158	0.206891
0.021182	0.20674
0.021205	0.20659
0.021229	0.20644
0.021252	0.20629
0.021276	0.206139
0.021299	0.205989
0.021323	0.205838
0.021346	0.205687
0.021370	0.205537
0.021393	0.205386
0.021417	0.205235
0.021440	0.205084
0.021464	0.204933
0.021487	0.204782
0.021511	0.204631
0.021534	0.20448
0.021558	0.204328
0.021581	0.204177
0.021605	0.204026
0.021628	0.203874
0.021652	0.203723
0.021676	0.203571
0.021699	0.203419
0.021723	0.203268
0.021746	0.203116
0.021770	0.202964
0.021793	0.202812
0.021817	0.20266
0.021840	0.202508
0.021864	0.202356
0.021887	0.202204
0.021911	0.202051
0.021934	0.201899
0.021958	0.201747
0.021981	0.201594
0.022005	0.201442
0.022028	0.201289
0.022052	0.201137
0.022075	0.200984
0.022099	0.200831
0.022122	0.200679
0.022146	0.200526
0.022169	0.200373
0.022193	0.20022
0.022216	0.200067
0.022240	0.199914
0.022263	0.199761
0.022287	0.199608
0.022310	0.199454
0.022334	0.199301
0.022357	0.199148
0.022381	0.198994
0.022404	0.198841
0.022428	0.198688
0.022451	0.198534
0.022475	0.198381
0.022498	0.198227
0.022522	0.198073
0.022545	0.19792
0.022569	0.197766
0.022592	0.197612
0.022616	0.197458
0.022639	0.197304
0.022663	0.19715
0.022686	0.196996
0.022710	0.196842
0.022733	0.196688
0.022757	0.196534
0.022780	0.19638
0.022804	0.196226
0.022827	0.196072
0.022851	0.195917
0.022874	0.195763
0.022898	0.195609
0.022922	0.195454
0.022945	0.1953
0.022969	0.195145
0.022992	0.194991
0.023016	0.194836
0.023039	0.194681
0.023063	0.194527
0.023086	0.194372
0.023110	0.194217
0.023133	0.194063
0.023157	0.193908
0.023180	0.193753
0.023204	0.193598
0.023227	0.193443
0.023251	0.193288
0.023274	0.193133
0.023298	0.192978
0.023321	0.192823
0.023345	0.192668
0.023368	0.192513
0.023392	0.192358
0.023415	0.192203
0.023439	0.192048
0.023462	0.191892
0.023486	0.191737
0.023509	0.191582
0.023533	0.191427
0.023556	0.191271
0.023580	0.191116
0.023603	0.190961
0.023627	0.190805
0.023650	0.19065
0.023674	0.190494
0.023697	0.190339
0.023721	0.190183
0.023744	0.190028
0.023768	0.189872
0.023791	0.189717
0.023815	0.189561
0.023838	0.189405
0.023862	0.18925
0.023885	0.189094
0.023909	0.188938
0.023932	0.188783
0.023956	0.188627
0.023979	0.188471
0.024003	0.188315
0.024026	0.18816
0.024050	0.188004
0.024073	0.187848
0.024097	0.187692
0.024120	0.187536
0.024144	0.18738
0.024167	0.187224
0.024191	0.187068
0.024215	0.186913
0.024238	0.186757
0.024262	0.186601
0.024285	0.186445
0.024309	0.186289
0.024332	0.186133
0.024356	0.185977
0.024379	0.185821
0.024403	0.185665
0.024426	0.185509
0.024450	0.185353
0.024473	0.185196
0.024497	0.18504
0.024520	0.184884
0.024544	0.184728
0.024567	0.184572
0.024591	0.184416
0.024614	0.18426
0.024638	0.184104
0.024661	0.183948
0.024685	0.183792
0.024708	0.183635
0.024732	0.183479
0.024755	0.183323
0.024779	0.183167
0.024802	0.183011
0.024826	0.182855
0.024849	0.182698
0.024873	0.182542
0.024896	0.182386
0.024920	0.18223
0.024943	0.182074
0.024967	0.181918
0.024990	0.181761
0.025014	0.181605
0.025037	0.181449
0.025061	0.181293
0.025084	0.181137
0.025108	0.180981
0.025131	0.180824
0.025155	0.180668
0.025178	0.180512
0.025202	0.180356
0.025225	0.1802
0.025249	0.180044
0.025272	0.179888
0.025296	0.179731
0.025319	0.179575
0.025343	0.179419
0.025366	0.179263
0.025390	0.179107
0.025413	0.178951
0.025437	0.178795
0.025461	0.178639
0.025484	0.178483
0.025508	0.178327
0.025531	0.178171
0.025555	0.178015
0.025578	0.177859
0.025602	0.177703
0.025625	0.177547
0.025649	0.177391
0.025672	0.177235
0.025696	0.177079
0.025719	0.176923
0.025743	0.176767
0.025766	0.176611
0.025790	0.176455
0.025813	0.176299
0.025837	0.176143
0.025860	0.175987
0.025884	0.175832
0.025907	0.175676
0.025931	0.17552
0.025954	0.175364
0.025978	0.175208
0.026001	0.175053
0.026025	0.174897
0.026048	0.174741
0.026072	0.174586
0.026095	0.17443
0.026119	0.174274
0.026142	0.174119
0.026166	0.173963
0.026189	0.173807
0.026213	0.173652
0.026236	0.173496
0.026260	0.173341
0.026283	0.173185
0.026307	0.17303
0.026330	0.172875
0.026354	0.172719
0.026377	0.172564
0.026401	0.172408
0.026424	0.172253
0.026448	0.172098
0.026471	0.171943
0.026495	0.171787
0.026518	0.171632
0.026542	0.171477
0.026565	0.171322
0.026589	0.171167
0.026612	0.171012
0.026636	0.170857
0.026659	0.170702
0.026683	0.170547
0.026706	0.170392
0.026730	0.170237
0.026754	0.170082
0.026777	0.169927
0.026801	0.169772
0.026824	0.169617
0.026848	0.169463
0.026871	0.169308
0.026895	0.169153
0.026918	0.168998
0.026942	0.168844
0.026965	0.168689
0.026989	0.168535
0.027012	0.16838
0.027036	0.168226
0.027059	0.168071
0.027083	0.167917
0.027106	0.167763
0.027130	0.167608
0.027153	0.167454
0.027177	0.1673
0.027200	0.167146
0.027224	0.166992
0.027247	0.166838
0.027271	0.166683
0.027294	0.166529
0.027318	0.166376
0.027341	0.166222
0.027365	0.166068
0.027388	0.165914
0.027412	0.16576
0.027435	0.165606
0.027459	0.165453
0.027482	0.165299
0.027506	0.165145
0.027529	0.164992
0.027553	0.164838
0.027576	0.164685
0.027600	0.164532
0.027623	0.164378
0.027647	0.164225
0.027670	0.164072
0.027694	0.163918
0.027717	0.163765
0.027741	0.163612
0.027764	0.163459
0.027788	0.163306
0.027811	0.163153
0.027835	0.163
0.027858	0.162848
0.027882	0.162695
0.027905	0.162542
0.027929	0.162389
0.027952	0.162237
0.027976	0.162084
0.027999	0.161932
0.028023	0.161779
0.028047	0.161627
0.028070	0.161474
0.028094	0.161322
0.028117	0.16117
0.028141	0.161018
0.028164	0.160866
0.028188	0.160714
0.028211	0.160562
0.028235	0.16041
0.028258	0.160258
0.028282	0.160106
0.028305	0.159954
0.028329	0.159803
0.028352	0.159651
0.028376	0.1595
0.028399	0.159348
0.028423	0.159197
0.028446	0.159045
0.028470	0.158894
0.028493	0.158743
0.028517	0.158592
0.028540	0.158441
0.028564	0.158289
0.028587	0.158139
0.028611	0.157988
0.028634	0.157837
0.028658	0.157686
0.028681	0.157535
0.028705	0.157385
0.028728	0.157234
0.028752	0.157084
0.028775	0.156933
0.028799	0.156783
0.028822	0.156633
0.028846	0.156482
0.028869	0.156332
0.028893	0.156182
0.028916	0.156032
0.028940	0.155882
0.028963	0.155732
0.028987	0.155583
0.029010	0.155433
0.029034	0.155283
0.029057	0.155134
0.029081	0.154984
0.029104	0.154835
0.029128	0.154686
0.029151	0.154536
0.029175	0.154387
0.029198	0.154238
0.029222	0.154089
0.029245	0.15394
0.029269	0.153791
0.029293	0.153642
0.029316	0.153494
0.029340	0.153345
0.029363	0.153197
0.029387	0.153048
0.029410	0.1529
0.029434	0.152751
0.029457	0.152603
0.029481	0.152455
0.029504	0.152307
0.029528	0.152159
0.029551	0.152011
0.029575	0.151863
0.029598	0.151716
0.029622	0.151568
0.029645	0.15142
0.029669	0.151273
0.029692	0.151126
0.029716	0.150978
0.029739	0.150831
0.029763	0.150684
0.029786	0.150537
0.029810	0.15039
0.029833	0.150243
0.029857	0.150096
0.029880	0.14995
0.029904	0.149803
0.029927	0.149656
0.029951	0.14951
0.029974	0.149364
0.029998	0.149217
0.030021	0.149071
0.030045	0.148925
0.030068	0.148779
0.030092	0.148633
0.030115	0.148488
0.030139	0.148342
0.030162	0.148196
0.030186	0.148051
0.030209	0.147905
0.030233	0.14776
0.030256	0.147615
0.030280	0.14747
0.030303	0.147325
0.030327	0.14718
0.030350	0.147035
0.030374	0.14689
0.030397	0.146746
0.030421	0.146601
0.030444	0.146457
0.030468	0.146312
0.030491	0.146168
0.030515	0.146024
0.030538	0.14588
0.030562	0.145736
0.030586	0.145592
0.030609	0.145448
0.030633	0.145305
0.030656	0.145161
0.030680	0.145018
0.030703	0.144874
0.030727	0.144731
0.030750	0.144588
0.030774	0.144445
0.030797	0.144302
0.030821	0.144159
0.030844	0.144016
0.030868	0.143874
0.030891	0.143731
0.030915	0.143589
0.030938	0.143447
0.030962	0.143304
0.030985	0.143162
0.031009	0.14302
0.031032	0.142878
0.031056	0.142737
0.031079	0.142595
0.031103	0.142453
0.031126	0.142312
0.031150	0.142171
0.031173	0.142029
0.031197	0.141888
0.031220	0.141747
0.031244	0.141606
0.031267	0.141466
0.031291	0.141325
0.031314	0.141184
0.031338	0.141044
0.031361	0.140904
0.031385	0.140763
0.031408	0.140623
0.031432	0.140483
0.031455	0.140343
0.031479	0.140204
0.031502	0.140064
0.031526	0.139924
0.031549	0.139785
0.031573	0.139646
0.031596	0.139506
0.031620	0.139367
0.031643	0.139228
0.031667	0.13909
0.031690	0.138951
0.031714	0.138812
0.031737	0.138674
0.031761	0.138535
0.031784	0.138397
0.031808	0.138259
0.031832	0.138121
0.031855	0.137983
0.031879	0.137845
0.031902	0.137708
0.031926	0.13757
0.031949	0.137433
0.031973	0.137295
0.031996	0.137158
0.032020	0.137021
0.032043	0.136884
0.032067	0.136748
0.032090	0.136611
0.032114	0.136474
0.032137	0.136338
0.032161	0.136202
0.032184	0.136065
0.032208	0.135929
0.032231	0.135793
0.032255	0.135658
0.032278	0.135522
0.032302	0.135386
0.032325	0.135251
0.032349	0.135116
0.032372	0.134981
0.032396	0.134845
0.032419	0.134711
0.032443	0.134576
0.032466	0.134441
0.032490	0.134307
0.032513	0.134172
0.032537	0.134038
0.032560	0.133904
0.032584	0.13377
0.032607	0.133636
0.032631	0.133502
0.032654	0.133369
0.032678	0.133235
0.032701	0.133102
0.032725	0.132969
0.032748	0.132836
0.032772	0.132703
0.032795	0.13257
0.032819	0.132437
0.032842	0.132305
0.032866	0.132172
0.032889	0.13204
0.032913	0.131908
0.032936	0.131776
0.032960	0.131644
0.032983	0.131512
0.033007	0.131381
0.033030	0.131249
0.033054	0.131118
0.033077	0.130987
0.033101	0.130856
0.033125	0.130725
0.033148	0.130594
0.033172	0.130463
0.033195	0.130333
0.033219	0.130203
0.033242	0.130072
0.033266	0.129942
0.033289	0.129812
0.033313	0.129683
0.033336	0.129553
0.033360	0.129423
0.033383	0.129294
0.033407	0.129165
0.033430	0.129036
0.033454	0.128907
0.033477	0.128778
0.033501	0.128649
0.033524	0.128521
0.033548	0.128393
0.033571	0.128264
0.033595	0.128136
0.033618	0.128008
0.033642	0.127881
0.033665	0.127753
0.033689	0.127626
0.033712	0.127498
0.033736	0.127371
0.033759	0.127244
0.033783	0.127117
0.033806	0.12699
0.033830	0.126864
0.033853	0.126737
0.033877	0.126611
0.033900	0.126485
0.033924	0.126359
0.033947	0.126233
0.033971	0.126107
0.033994	0.125982
0.034018	0.125857
0.034041	0.125731
0.034065	0.125606
0.034088	0.125481
0.034112	0.125356
0.034135	0.125232
0.034159	0.125107
0.034182	0.124983
0.034206	0.124859
0.034229	0.124735
0.034253	0.124611
0.034276	0.124487
0.034300	0.124364
0.034323	0.12424
0.034347	0.124117
0.034371	0.123994
0.034394	0.123871
0.034418	0.123748
0.034441	0.123626
0.034465	0.123503
0.034488	0.123381
0.034512	0.123259
0.034535	0.123137
0.034559	0.123015
0.034582	0.122893
0.034606	0.122772
0.034629	0.12265
0.034653	0.122529
0.034676	0.122408
0.034700	0.122287
0.034723	0.122166
0.034747	0.122046
0.034770	0.121925
0.034794	0.121805
0.034817	0.121685
0.034841	0.121565
0.034864	0.121445
0.034888	0.121326
0.034911	0.121206
0.034935	0.121087
0.034958	0.120968
0.034982	0.120849
0.035005	0.12073
0.035029	0.120612
0.035052	0.120493
0.035076	0.120375
0.035099	0.120257
0.035123	0.120139
0.035146	0.120021
0.035170	0.119903
0.035193	0.119786
0.035217	0.119669
0.035240	0.119552
0.035264	0.119435
0.035287	0.119318
0.035311	0.119201
0.035334	0.119085
0.035358	0.118968
0.035381	0.118852
0.035405	0.118736
0.035428	0.11862
0.035452	0.118505
0.035475	0.118389
0.035499	0.118274
0.035522	0.118159
0.035546	0.118044
0.035569	0.117929
0.035593	0.117815
0.035616	0.1177
0.035640	0.117586
0.035664	0.117472
0.035687	0.117358
0.035711	0.117244
0.035734	0.117131
0.035758	0.117017
0.035781	0.116904
0.035805	0.116791
0.035828	0.116678
0.035852	0.116565
0.035875	0.116453
0.035899	0.11634
0.035922	0.116228
0.035946	0.116116
0.035969	0.116004
0.035993	0.115893
0.036016	0.115781
0.036040	0.11567
0.036063	0.115559
0.036087	0.115448
0.036110	0.115337
0.036134	0.115226
0.036157	0.115116
0.036181	0.115006
0.036204	0.114896
0.036228	0.114786
0.036251	0.114676
0.036275	0.114567
0.036298	0.114457
0.036322	0.114348
0.036345	0.114239
0.036369	0.11413
0.036392	0.114022
0.036416	0.113913
0.036439	0.113805
0.036463	0.113697
0.036486	0.113589
0.036510	0.113481
0.036533	0.113374
0.036557	0.113266
0.036580	0.113159
0.036604	0.113052
0.036627	0.112945
0.036651	0.112838
0.036674	0.112732
0.036698	0.112626
0.036721	0.11252
0.036745	0.112414
0.036768	0.112308
0.036792	0.112202
0.036815	0.112097
0.036839	0.111992
0.036862	0.111887
0.036886	0.111782
0.036909	0.111677
0.036933	0.111573
0.036957	0.111469
0.036980	0.111365
0.037004	0.111261
0.037027	0.111157
0.037051	0.111054
0.037074	0.11095
0.037098	0.110847
0.037121	0.110744
0.037145	0.110641
0.037168	0.110539
0.037192	0.110436
0.037215	0.110334
0.037239	0.110232
0.037262	0.11013
0.037286	0.110029
0.037309	0.109927
0.037333	0.109826
0.037356	0.109725
0.037380	0.109624
0.037403	0.109523
0.037427	0.109423
0.037450	0.109323
0.037474	0.109223
0.037497	0.109123
0.037521	0.109023
0.037544	0.108923
0.037568	0.108824
0.037591	0.108725
0.037615	0.108626
0.037638	0.108527
0.037662	0.108429
0.037685	0.10833
0.037709	0.108232
0.037732	0.108134
0.037756	0.108036
0.037779	0.107939
0.037803	0.107841
0.037826	0.107744
0.037850	0.107647
0.037873	0.10755
0.037897	0.107454
0.037920	0.107357
0.037944	0.107261
0.037967	0.107165
0.037991	0.107069
0.038014	0.106973
0.038038	0.106878
0.038061	0.106783
0.038085	0.106688
0.038108	0.106593
0.038132	0.106498
0.038155	0.106404
0.038179	0.106309
0.038203	0.106215
0.038226	0.106121
0.038250	0.106028
0.038273	0.105934
0.038297	0.105841
0.038320	0.105748
0.038344	0.105655
0.038367	0.105562
0.038391	0.10547
0.038414	0.105377
0.038438	0.105285
0.038461	0.105193
0.038485	0.105102
0.038508	0.10501
0.038532	0.104919
0.038555	0.104828
0.038579	0.104737
0.038602	0.104646
0.038626	0.104556
0.038649	0.104466
0.038673	0.104376
0.038696	0.104286
0.038720	0.104196
0.038743	0.104107
0.038767	0.104017
0.038790	0.103928
0.038814	0.103839
0.038837	0.103751
0.038861	0.103662
0.038884	0.103574
0.038908	0.103486
0.038931	0.103398
0.038955	0.103311
0.038978	0.103223
0.039002	0.103136
0.039025	0.103049
0.039049	0.102962
0.039072	0.102875
0.039096	0.102789
0.039119	0.102703
0.039143	0.102617
0.039166	0.102531
0.039190	0.102445
0.039213	0.10236
0.039237	0.102275
0.039260	0.10219
0.039284	0.102105
0.039307	0.102021
0.039331	0.101936
0.039354	0.101852
0.039378	0.101768
0.039401	0.101685
0.039425	0.101601
0.039448	0.101518
0.039472	0.101435
0.039496	0.101352
0.039519	0.101269
0.039543	0.101187
0.039566	0.101104
0.039590	0.101022
0.039613	0.100941
0.039637	0.100859
0.039660	0.100778
0.039684	0.100696
0.039707	0.100615
0.039731	0.100535
0.039754	0.100454
0.039778	0.100374
0.039801	0.100294
0.039825	0.100214
0.039848	0.100134
0.039872	0.100054
0.039895	0.0999751
0.039919	0.099896
0.039942	0.0998171
0.039966	0.0997385
0.039989	0.09966
0.040013	0.0995818
0.040036	0.0995038
0.040060	0.0994259
0.040083	0.0993483
0.040107	0.099271
0.040130	0.0991938
0.040154	0.0991168
0.040177	0.0990401
0.040201	0.0989636
0.040224	0.0988872
0.040248	0.0988111
0.040271	0.0987353
0.040295	0.0986596
0.040318	0.0985841
0.040342	0.0985089
0.040365	0.0984339
0.040389	0.0983591
0.040412	0.0982845
0.040436	0.0982101
0.040459	0.0981359
0.040483	0.098062
0.040506	0.0979882
0.040530	0.0979147
0.040553	0.0978414
0.040577	0.0977683
0.040600	0.0976955
0.040624	0.0976228
0.040647	0.0975504
0.040671	0.0974782
0.040694	0.0974062
0.040718	0.0973344
0.040742	0.0972628
0.040765	0.0971915
0.040789	0.0971204
0.040812	0.0970494
0.040836	0.0969788
0.040859	0.0969083
0.040883	0.096838
0.040906	0.096768
0.040930	0.0966982
0.040953	0.0966286
0.040977	0.0965592
0.041000	0.09649
0.041024	0.0964211
0.041047	0.0963524
0.041071	0.0962839
0.041094	0.0962156
0.041118	0.0961475
0.041141	0.0960797
0.041165	0.0960121
0.041188	0.0959447
0.041212	0.0958775
0.041235	0.0958105
0.041259	0.0957438
0.041282	0.0956773
0.041306	0.095611
0.041329	0.0955449
0.041353	0.0954791
0.041376	0.0954134
0.041400	0.095348
0.041423	0.0952828
0.041447	0.0952178
0.041470	0.0951531
0.041494	0.0950886
0.041517	0.0950243
0.041541	0.0949602
0.041564	0.0948963
0.041588	0.0948327
0.041611	0.0947693
0.041635	0.0947061
0.041658	0.0946431
0.041682	0.0945804
0.041705	0.0945179
0.041729	0.0944556
0.041752	0.0943935
0.041776	0.0943317
0.041799	0.09427
0.041823	0.0942086
0.041846	0.0941475
0.041870	0.0940865
0.041893	0.0940258
0.041917	0.0939653
0.041940	0.093905
0.041964	0.0938449
0.041987	0.0937851
0.042011	0.0937255
0.042035	0.0936661
0.042058	0.093607
0.042082	0.093548
0.042105	0.0934893
0.042129	0.0934308
0.042152	0.0933726
0.042176	0.0933145
0.042199	0.0932567
0.042223	0.0931992
0.042246	0.0931418
0.042270	0.0930847
0.042293	0.0930278
0.042317	0.0929711
0.042340	0.0929147
0.042364	0.0928584
0.042387	0.0928024
0.042411	0.0927467
0.042434	0.0926911
0.042458	0.0926358
0.042481	0.0925807
0.042505	0.0925259
0.042528	0.0924712
0.042552	0.0924168
0.042575	0.0923627
0.042599	0.0923087
0.042622	0.092255
0.042646	0.0922015
0.042669	0.0921482
0.042693	0.0920952
0.042716	0.0920424
0.042740	0.0919898
0.042763	0.0919374
0.042787	0.0918853
0.042810	0.0918334
0.042834	0.0917817
0.042857	0.0917303
0.042881	0.0916791
0.042904	0.0916281
0.042928	0.0915773
0.042951	0.0915268
0.042975	0.0914765
0.042998	0.0914264
0.043022	0.0913766
0.043045	0.091327
0.043069	0.0912776
0.043092	0.0912284
0.043116	0.0911795
0.043139	0.0911308
0.043163	0.0910824
0.043186	0.0910341
0.043210	0.0909861
0.043233	0.0909383
0.043257	0.0908908
0.043281	0.0908435
0.043304	0.0907964
0.043328	0.0907495
0.043351	0.0907029
0.043375	0.0906565
0.043398	0.0906104
0.043422	0.0905644
0.043445	0.0905187
0.043469	0.0904733
0.043492	0.090428
0.043516	0.090383
0.043539	0.0903382
0.043563	0.0902937
0.043586	0.0902494
0.043610	0.0902053
0.043633	0.0901614
0.043657	0.0901178
0.043680	0.0900744
0.043704	0.0900312
0.043727	0.0899883
0.043751	0.0899456
0.043774	0.0899032
0.043798	0.0898609
0.043821	0.0898189
0.043845	0.0897772
0.043868	0.0897356
0.043892	0.0896943
0.043915	0.0896532
0.043939	0.0896124
0.043962	0.0895718
0.043986	0.0895314
0.044009	0.0894913
0.044033	0.0894513
0.044056	0.0894117
0.044080	0.0893722
0.044103	0.089333
0.044127	0.089294
0.044150	0.0892553
0.044174	0.0892167
0.044197	0.0891785
0.044221	0.0891404
0.044244	0.0891026
0.044268	0.089065
0.044291	0.0890277
0.044315	0.0889905
0.044338	0.0889536
0.044362	0.088917
0.044385	0.0888806
0.044409	0.0888444
0.044432	0.0888084
0.044456	0.0887727
0.044479	0.0887372
0.044503	0.088702
0.044526	0.0886669
0.044550	0.0886322
0.044574	0.0885976
0.044597	0.0885633
0.044621	0.0885292
0.044644	0.0884953
0.044668	0.0884617
0.044691	0.0884283
0.044715	0.0883952
0.044738	0.0883623
0.044762	0.0883296
0.044785	0.0882971
0.044809	0.0882649
0.044832	0.0882329
0.044856	0.0882012
0.044879	0.0881697
0.044903	0.0881384
0.044926	0.0881073
0.044950	0.0880765
0.044973	0.088046
0.044997	0.0880156
0.045020	0.0879855
0.045044	0.0879556
0.045067	0.087926
0.045091	0.0878966
0.045114	0.0878674
0.045138	0.0878385
0.045161	0.0878098
0.045185	0.0877813
0.045208	0.0877531
0.045232	0.0877251
0.045255	0.0876973
0.045279	0.0876698
0.045302	0.0876425
0.045326	0.0876154
0.045349	0.0875886
0.045373	0.087562
0.045396	0.0875357
0.045420	0.0875095
0.045443	0.0874837
0.045467	0.087458
0.045490	0.0874326
0.045514	0.0874074
0.045537	0.0873825
0.045561	0.0873578
0.045584	0.0873333
0.045608	0.087309
0.045631	0.087285
0.045655	0.0872613
0.045678	0.0872377
0.045702	0.0872144
0.045725	0.0871914
0.045749	0.0871685
0.045772	0.0871459
0.045796	0.0871236
0.045819	0.0871014
0.045843	0.0870795
0.045867	0.0870579
0.045890	0.0870365
0.045914	0.0870153
0.045937	0.0869943
0.045961	0.0869736
0.045984	0.0869531
0.046008	0.0869329
0.046031	0.0869129
0.046055	0.0868931
0.046078	0.0868736
0.046102	0.0868543
0.046125	0.0868352
0.046149	0.0868163
0.046172	0.0867977
0.046196	0.0867794
0.046219	0.0867613
0.046243	0.0867434
0.046266	0.0867257
0.046290	0.0867083
0.046313	0.0866911
0.046337	0.0866741
0.046360	0.0866574
0.046384	0.0866409
0.046407	0.0866247
0.046431	0.0866087
0.046454	0.0865929
0.046478	0.0865773
0.046501	0.086562
0.046525	0.086547
0.046548	0.0865321
0.046572	0.0865175
0.046595	0.0865032
0.046619	0.086489
0.046642	0.0864751
0.046666	0.0864615
0.046689	0.086448
0.046713	0.0864348
0.046736	0.0864219
0.046760	0.0864092
0.046783	0.0863967
0.046807	0.0863844
0.046830	0.0863724
0.046854	0.0863606
0.046877	0.0863491
0.046901	0.0863378
0.046924	0.0863267
0.046948	0.0863158
0.046971	0.0863052
0.046995	0.0862949
0.047018	0.0862847
0.047042	0.0862748
0.047065	0.0862651
0.047089	0.0862557
0.047113	0.0862465
0.047136	0.0862375
0.047160	0.0862288
0.047183	0.0862203
0.047207	0.0862121
0.047230	0.086204
0.047254	0.0861962
0.047277	0.0861887
0.047301	0.0861814
0.047324	0.0861743
0.047348	0.0861674
0.047371	0.0861608
0.047395	0.0861544
0.047418	0.0861483
0.047442	0.0861423
0.047465	0.0861367
0.047489	0.0861312
0.047512	0.086126
0.047536	0.086121
0.047559	0.0861163
0.047583	0.0861118
0.047606	0.0861075
0.047630	0.0861034
0.047653	0.0860996
0.047677	0.086096
0.047700	0.0860927
0.047724	0.0860896
0.047747	0.0860867
0.047771	0.0860841
0.047794	0.0860817
0.047818	0.0860795
0.047841	0.0860776
0.047865	0.0860758
0.047888	0.0860744
0.047912	0.0860731
0.047935	0.0860721
0.047959	0.0860714
0.047982	0.0860708
0.048006	0.0860705
0.048029	0.0860704
0.048053	0.0860706
0.048076	0.086071
0.048100	0.0860716
0.048123	0.0860725
0.048147	0.0860736
0.048170	0.0860749
0.048194	0.0860764
0.048217	0.0860782
0.048241	0.0860803
0.048264	0.0860825
0.048288	0.086085
0.048311	0.0860877
0.048335	0.0860907
0.048358	0.0860939
0.048382	0.0860973
0.048406	0.0861009
0.048429	0.0861048
0.048453	0.0861089
0.048476	0.0861133
0.048500	0.0861179
0.048523	0.0861227
0.048547	0.0861277
0.048570	0.086133
0.048594	0.0861385
0.048617	0.0861442
0.048641	0.0861502
0.048664	0.0861564
0.048688	0.0861628
0.048711	0.0861695
0.048735	0.0861764
0.048758	0.0861835
0.048782	0.0861909
0.048805	0.0861985
0.048829	0.0862063
0.048852	0.0862144
0.048876	0.0862226
0.048899	0.0862312
0.048923	0.0862399
0.048946	0.0862489
0.048970	0.0862581
0.048993	0.0862675
0.049017	0.0862772
0.049040	0.0862871
0.049064	0.0862972
0.049087	0.0863076
0.049111	0.0863182
0.049134	0.086329
0.049158	0.08634
0.049181	0.0863513
0.049205	0.0863628
0.049228	0.0863746
0.049252	0.0863865
0.049275	0.0863987
0.049299	0.0864112
0.049322	0.0864238
0.049346	0.0864367
0.049369	0.0864498
0.049393	0.0864632
0.049416	0.0864768
0.049440	0.0864906
0.049463	0.0865046
0.049487	0.0865189
0.049510	0.0865334
0.049534	0.0865481
0.049557	0.086563
0.049581	0.0865782
0.049604	0.0865936
0.049628	0.0866092
0.049652	0.0866251
0.049675	0.0866412
0.049699	0.0866575
0.049722	0.0866741
0.049746	0.0866908
0.049769	0.0867078
0.049793	0.0867251
0.049816	0.0867425
0.049840	0.0867602
0.049863	0.0867781
0.049887	0.0867963
0.049910	0.0868146
0.049934	0.0868332
0.049957	0.086852
0.049981	0.0868711
0.050004	0.0868904
0.050028	0.0869099
0.050051	0.0869296
0.050075	0.0869495
0.050098	0.0869697
0.050122	0.0869901
0.050145	0.0870107
0.050169	0.0870316
0.050192	0.0870527
0.050216	0.087074
0.050239	0.0870955
0.050263	0.0871173
0.050286	0.0871393
0.050310	0.0871615
0.050333	0.0871839
0.050357	0.0872066
0.050380	0.0872295
0.050404	0.0872526
0.050427	0.0872759
0.050451	0.0872995
0.050474	0.0873233
0.050498	0.0873473
0.050521	0.0873715
0.050545	0.087396
0.050568	0.0874207
0.050592	0.0874456
0.050615	0.0874707
0.050639	0.0874961
0.050662	0.0875216
0.050686	0.0875474
0.050709	0.0875735
0.050733	0.0875997
0.050756	0.0876262
0.050780	0.0876529
0.050803	0.0876798
0.050827	0.0877069
0.050850	0.0877343
0.050874	0.0877619
0.050897	0.0877897
0.050921	0.0878177
0.050945	0.087846
0.050968	0.0878744
0.050992	0.0879031
0.051015	0.087932
0.051039	0.0879612
0.051062	0.0879905
0.051086	0.0880201
0.051109	0.0880499
0.051133	0.0880799
0.051156	0.0881102
0.051180	0.0881407
0.051203	0.0881713
0.051227	0.0882022
0.051250	0.0882334
0.051274	0.0882647
0.051297	0.0882963
0.051321	0.0883281
0.051344	0.0883601
0.051368	0.0883923
0.051391	0.0884247
0.051415	0.0884574
0.051438	0.0884903
0.051462	0.0885234
0.051485	0.0885567
0.051509	0.0885903
0.051532	0.088624
0.051556	0.088658
0.051579	0.0886922
0.051603	0.0887266
0.051626	0.0887612
0.051650	0.0887961
0.051673	0.0888312
0.051697	0.0888664
0.051720	0.0889019
0.051744	0.0889377
0.051767	0.0889736
0.051791	0.0890098
0.051814	0.0890461
0.051838	0.0890827
0.051861	0.0891195
0.051885	0.0891565
0.051908	0.0891938
0.051932	0.0892312
0.051955	0.0892689
0.051979	0.0893068
0.052002	0.0893449
0.052026	0.0893832
0.052049	0.0894217
0.052073	0.0894605
0.052096	0.0894994
0.052120	0.0895386
0.052143	0.089578
0.052167	0.0896176
0.052191	0.0896574
0.052214	0.0896975
0.052238	0.0897377
0.052261	0.0897782
0.052285	0.0898188
0.052308	0.0898597
0.052332	0.0899008
0.052355	0.0899422
0.052379	0.0899837
0.052402	0.0900254
0.052426	0.0900674
0.052449	0.0901095
0.052473	0.0901519
0.052496	0.0901945
0.052520	0.0902373
0.052543	0.0902803
0.052567	0.0903236
0.052590	0.090367
0.052614	0.0904106
0.052637	0.0904545
0.052661	0.0904986
0.052684	0.0905429
0.052708	0.0905873
0.052731	0.0906321
0.052755	0.090677
0.052778	0.0907221
0.052802	0.0907674
0.052825	0.090813
0.052849	0.0908587
0.052872	0.0909047
0.052896	0.0909508
0.052919	0.0909972
0.052943	0.0910438
0.052966	0.0910906
0.052990	0.0911376
0.053013	0.0911848
0.053037	0.0912323
0.053060	0.0912799
0.053084	0.0913277
0.053107	0.0913758
0.053131	0.091424
0.053154	0.0914725
0.053178	0.0915212
0.053201	0.09157
0.053225	0.0916191
0.053248	0.0916684
0.053272	0.0917179
0.053295	0.0917676
0.053319	0.0918175
0.053342	0.0918676
0.053366	0.0919179
0.053389	0.0919684
0.053413	0.0920192
0.053436	0.0920701
0.053460	0.0921212
0.053484	0.0921726
0.053507	0.0922241
0.053531	0.0922759
0.053554	0.0923278
0.053578	0.09238
0.053601	0.0924323
0.053625	0.0924849
0.053648	0.0925377
0.053672	0.0925906
0.053695	0.0926438
0.053719	0.0926972
0.053742	0.0927508
0.053766	0.0928045
0.053789	0.0928585
0.053813	0.0929127
0.053836	0.0929671
0.053860	0.0930217
0.053883	0.0930765
0.053907	0.0931314
0.053930	0.0931866
0.053954	0.093242
0.053977	0.0932976
0.054001	0.0933534
0.054024	0.0934094
0.054048	0.0934656
0.054071	0.093522
0.054095	0.0935785
0.054118	0.0936353
0.054142	0.0936923
0.054165	0.0937495
0.054189	0.0938069
0.054212	0.0938644
0.054236	0.0939222
0.054259	0.0939802
0.054283	0.0940384
0.054306	0.0940967
0.054330	0.0941553
0.054353	0.0942141
0.054377	0.094273
0.054400	0.0943322
0.054424	0.0943915
0.054447	0.0944511
0.054471	0.0945108
0.054494	0.0945708
0.054518	0.0946309
0.054541	0.0946912
0.054565	0.0947518
0.054588	0.0948125
0.054612	0.0948734
0.054635	0.0949345
0.054659	0.0949958
0.054682	0.0950573
0.054706	0.095119
0.054729	0.0951809
0.054753	0.0952429
0.054777	0.0953052
0.054800	0.0953677
0.054824	0.0954303
0.054847	0.0954932
0.054871	0.0955562
0.054894	0.0956194
0.054918	0.0956829
0.054941	0.0957465
0.054965	0.0958103
0.054988	0.0958743
0.055012	0.0959384
0.055035	0.0960028
0.055059	0.0960674
0.055082	0.0961321
0.055106	0.0961971
0.055129	0.0962622
0.055153	0.0963275
0.055176	0.096393
0.055200	0.0964587
0.055223	0.0965246
0.055247	0.0965907
0.055270	0.096657
0.055294	0.0967234
0.055317	0.0967901
0.055341	0.0968569
0.055364	0.0969239
0.055388	0.0969911
0.055411	0.0970585
0.055435	0.097126
0.055458	0.0971938
0.055482	0.0972617
0.055505	0.0973299
0.055529	0.0973982
0.055552	0.0974667
0.055576	0.0975354
0.055599	0.0976042
0.055623	0.0976733
0.055646	0.0977425
0.055670	0.097812
0.055693	0.0978816
0.055717	0.0979513
0.055740	0.0980213
0.055764	0.0980915
0.055787	0.0981618
0.055811	0.0982323
0.055834	0.098303
0.055858	0.0983739
0.055881	0.098445
0.055905	0.0985162
0.055928	0.0985876
0.055952	0.0986592
0.055975	0.098731
0.055999	0.098803
0.056023	0.0988751
0.056046	0.0989475
0.056070	0.09902
0.056093	0.0990926
0.056117	0.0991655
0.056140	0.0992385
0.056164	0.0993118
0.056187	0.0993852
0.056211	0.0994587
0.056234	0.0995325
0.056258	0.0996064
0.056281	0.0996805
0.056305	0.0997548
0.056328	0.0998293
0.056352	0.0999039
0.056375	0.0999787
0.056399	0.100054
0.056422	0.100129
0.056446	0.100204
0.056469	0.10028
0.056493	0.100355
0.056516	0.100431
0.056540	0.100507
0.056563	0.100584
0.056587	0.10066
0.056610	0.100736
0.056634	0.100813
0.056657	0.10089
0.056681	0.100967
0.056704	0.101044
0.056728	0.101122
0.056751	0.101199
0.056775	0.101277
0.056798	0.101355
0.056822	0.101433
0.056845	0.101512
0.056869	0.10159
0.056892	0.101669
0.056916	0.101747
0.056939	0.101826
0.056963	0.101905
0.056986	0.101985
0.057010	0.102064
0.057033	0.102144
0.057057	0.102224
0.057080	0.102304
0.057104	0.102384
0.057127	0.102464
0.057151	0.102544
0.057174	0.102625
0.057198	0.102706
0.057221	0.102787
0.057245	0.102868
0.057268	0.102949
0.057292	0.103031
0.057316	0.103112
0.057339	0.103194
0.057363	0.103276
0.057386	0.103358
0.057410	0.103441
0.057433	0.103523
0.057457	0.103606
0.057480	0.103688
0.057504	0.103771
0.057527	0.103854
0.057551	0.103938
0.057574	0.104021
0.057598	0.104105
0.057621	0.104188
0.057645	0.104272
0.057668	0.104356
0.057692	0.104441
0.057715	0.104525
0.057739	0.10461
0.057762	0.104694
0.057786	0.104779
0.057809	0.104864
0.057833	0.104949
0.057856	0.105035
0.057880	0.10512
0.057903	0.105206
0.057927	0.105292
0.057950	0.105378
0.057974	0.105464
0.057997	0.10555
0.058021	0.105636
0.058044	0.105723
0.058068	0.10581
0.058091	0.105897
0.058115	0.105984
0.058138	0.106071
0.058162	0.106158
0.058185	0.106246
0.058209	0.106333
0.058232	0.106421
0.058256	0.106509
0.058279	0.106597
0.058303	0.106686
0.058326	0.106774
0.058350	0.106863
0.058373	0.106951
0.058397	0.10704
0.058420	0.107129
0.058444	0.107219
0.058467	0.107308
0.058491	0.107397
0.058514	0.107487
0.058538	0.107577
0.058562	0.107667
0.058585	0.107757
0.058609	0.107847
0.058632	0.107938
0.058656	0.108028
0.058679	0.108119
0.058703	0.10821
0.058726	0.108301
0.058750	0.108392
0.058773	0.108483
0.058797	0.108574
0.058820	0.108666
0.058844	0.108758
0.058867	0.108849
0.058891	0.108941
0.058914	0.109034
0.058938	0.109126
0.058961	0.109218
0.058985	0.109311
0.059008	0.109403
0.059032	0.109496
0.059055	0.109589
0.059079	0.109682
0.059102	0.109776
0.059126	0.109869
0.059149	0.109963
0.059173	0.110056
0.059196	0.11015
0.059220	0.110244
0.059243	0.110338
0.059267	0.110433
0.059290	0.110527
0.059314	0.110622
0.059337	0.110716
0.059361	0.110811
0.059384	0.110906
0.059408	0.111001
0.059431	0.111096
0.059455	0.111192
0.059478	0.111287
0.059502	0.111383
0.059525	0.111478
0.059549	0.111574
0.059572	0.11167
0.059596	0.111767
0.059619	0.111863
0.059643	0.111959
0.059666	0.112056
0.059690	0.112153
0.059713	0.112249
0.059737	0.112346
0.059760	0.112444
0.059784	0.112541
0.059807	0.112638
0.059831	0.112736
0.059855	0.112833
0.059878	0.112931
0.059902	0.113029
0.059925	0.113127
0.059949	0.113225
0.059972	0.113323
0.059996	0.113422
0.060019	0.11352
0.060043	0.113619
0.060066	0.113718
0.060090	0.113817
0.060113	0.113916
0.060137	0.114015
0.060160	0.114114
0.060184	0.114214
0.060207	0.114313
0.060231	0.114413
0.060254	0.114513
0.060278	0.114612
0.060301	0.114713
0.060325	0.114813
0.060348	0.114913
0.060372	0.115013
0.060395	0.115114
0.060419	0.115215
0.060442	0.115315
0.060466	0.115416
0.060489	0.115517
0.060513	0.115618
0.060536	0.11572
0.060560	0.115821
0.060583	0.115923
0.060607	0.116024
0.060630	0.116126
0.060654	0.116228
0.060677	0.11633
0.060701	0.116432
0.060724	0.116534
0.060748	0.116637
0.060771	0.116739
0.060795	0.116842
0.060818	0.116944
0.060842	0.117047
0.060865	0.11715
0.060889	0.117253
0.060912	0.117356
0.060936	0.117459
0.060959	0.117563
0.060983	0.117666
0.061006	0.11777
0.061030	0.117874
0.061053	0.117977
0.061077	0.118081
0.061101	0.118185
0.061124	0.11829
0.061148	0.118394
0.061171	0.118498
0.061195	0.118603
0.061218	0.118707
0.061242	0.118812
0.061265	0.118917
0.061289	0.119022
0.061312	0.119127
0.061336	0.119232
0.061359	0.119337
0.061383	0.119443
0.061406	0.119548
0.061430	0.119654
0.061453	0.119759
0.061477	0.119865
0.061500	0.119971
0.061524	0.120077
0.061547	0.120183
0.061571	0.120289
0.061594	0.120396
0.061618	0.120502
0.061641	0.120609
0.061665	0.120715
0.061688	0.120822
0.061712	0.120929
0.061735	0.121036
0.061759	0.121143
0.061782	0.12125
0.061806	0.121357
0.061829	0.121465
0.061853	0.121572
0.061876	0.12168
0.061900	0.121787
0.061923	0.121895
0.061947	0.122003
0.061970	0.122111
0.061994	0.122219
0.062017	0.122327
0.062041	0.122435
0.062064	0.122544
0.062088	0.122652
0.062111	0.12276
0.062135	0.122869
0.062158	0.122978
0.062182	0.123087
0.062205	0.123195
0.062229	0.123304
0.062252	0.123414
0.062276	0.123523
0.062299	0.123632
0.062323	0.123741
0.062346	0.123851
0.062370	0.12396
0.062394	0.12407
0.062417	0.12418
0.062441	0.12429
0.062464	0.124399
0.062488	0.124509
0.062511	0.12462
0.062535	0.12473
0.062558	0.12484
0.062582	0.12495
0.062605	0.125061
0.062629	0.125171
0.062652	0.125282
0.062676	0.125393
0.062699	0.125503
0.062723	0.125614
0.062746	0.125725
0.062770	0.125836
0.062793	0.125947
0.062817	0.126059
0.062840	0.12617
0.062864	0.126281
0.062887	0.126393
0.062911	0.126504
0.062934	0.126616
0.062958	0.126728
0.062981	0.126839
0.063005	0.126951
0.063028	0.127063
0.063052	0.127175
0.063075	0.127287
0.063099	0.1274
0.063122	0.127512
0.063146	0.127624
0.063169	0.127737
0.063193	0.127849
0.063216	0.127962
0.063240	0.128074
0.063263	0.128187
0.063287	0.1283
0.063310	0.128413
0.063334	0.128526
0.063357	0.128639
0.063381	0.128752
0.063404	0.128865
0.063428	0.128978
0.063451	0.129092
0.063475	0.129205
0.063498	0.129319
0.063522	0.129432
0.063545	0.129546
0.063569	0.129659
0.063592	0.129773
0.063616	0.129887
0.063639	0.130001
0.063663	0.130115
0.063687	0.130229
0.063710	0.130343
0.063734	0.130457
0.063757	0.130572
0.063781	0.130686
0.063804	0.1308
0.063828	0.130915
0.063851	0.131029
0.063875	0.131144
0.063898	0.131258
0.063922	0.131373
0.063945	0.131488
0.063969	0.131603
0.063992	0.131718
0.064016	0.131833
0.064039	0.131948
0.064063	0.132063
0.064086	0.132178
0.064110	0.132293
0.064133	0.132408
0.064157	0.132524
0.064180	0.132639
0.064204	0.132755
0.064227	0.13287
0.064251	0.132986
0.064274	0.133101
0.064298	0.133217
0.064321	0.133333
0.064345	0.133449
0.064368	0.133565
0.064392	0.133681
0.064415	0.133797
0.064439	0.133913
0.064462	0.134029
0.064486	0.134145
0.064509	0.134261
0.064533	0.134377
0.064556	0.134494
0.064580	0.13461
0.064603	0.134726
0.064627	0.134843
0.064650	0.134959
0.064674	0.135076
0.064697	0.135193
0.064721	0.135309
0.064744	0.135426
0.064768	0.135543
0.064791	0.13566
0.064815	0.135777
0.064838	0.135893
0.064862	0.13601
0.064885	0.136127
0.064909	0.136245
0.064933	0.136362
0.064956	0.136479
0.064980	0.136596
0.065003	0.136713
0.065027	0.136831
0.065050	0.136948
0.065074	0.137065
0.065097	0.137183
0.065121	0.1373
0.065144	0.137418
0.065168	0.137535
0.065191	0.137653
0.065215	0.137771
0.065238	0.137888
0.065262	0.138006
0.065285	0.138124
0.065309	0.138242
0.065332	0.13836
0.065356	0.138477
0.065379	0.138595
0.065403	0.138713
0.065426	0.138831
0.065450	0.138949
0.065473	0.139067
0.065497	0.139186
0.065520	0.139304
0.065544	0.139422
0.065567	0.13954
0.065591	0.139658
0.065614	0.139777
0.065638	0.139895
0.065661	0.140013
0.065685	0.140132
0.065708	0.14025
0.065732	0.140369
0.065755	0.140487
0.065779	0.140606
0.065802	0.140724
0.065826	0.140843
0.065849	0.140962
0.065873	0.14108
0.065896	0.141199
0.065920	0.141318
0.065943	0.141436
0.065967	0.141555
0.065990	0.141674
0.066014	0.141793
0.066037	0.141912
0.066061	0.14203
0.066084	0.142149
0.066108	0.142268
0.066131	0.142387
0.066155	0.142506
0.066178	0.142625
0.066202	0.142744
0.066226	0.142863
0.066249	0.142982
0.066273	0.143101
0.066296	0.143221
0.066320	0.14334
0.066343	0.143459
0.066367	0.143578
0.066390	0.143697
0.066414	0.143816
0.066437	0.143936
0.066461	0.144055
0.066484	0.144174
0.066508	0.144293
0.066531	0.144413
0.066555	0.144532
0.066578	0.144651
0.066602	0.144771
0.066625	0.14489
0.066649	0.14501
0.066672	0.145129
0.066696	0.145248
0.066719	0.145368
0.066743	0.145487
0.066766	0.145607
0.066790	0.145726
0.066813	0.145846
0.066837	0.145965
0.066860	0.146085
0.066884	0.146204
0.066907	0.146324
0.066931	0.146443
0.066954	0.146563
0.066978	0.146682
0.067001	0.146802
0.067025	0.146921
0.067048	0.147041
0.067072	0.147161
0.067095	0.14728
0.067119	0.1474
0.067142	0.147519
0.067166	0.147639
0.067189	0.147759
0.067213	0.147878
0.067236	0.147998
0.067260	0.148117
0.067283	0.148237
0.067307	0.148357
0.067330	0.148476
0.067354	0.148596
0.067377	0.148716
0.067401	0.148835
0.067424	0.148955
0.067448	0.149075
0.067472	0.149194
0.067495	0.149314
0.067519	0.149433
0.067542	0.149553
0.067566	0.149673
0.067589	0.149792
0.067613	0.149912
0.067636	0.150032
0.067660	0.150151
0.067683	0.150271
0.067707	0.15039
0.067730	0.15051
0.067754	0.15063
0.067777	0.150749
0.067801	0.150869
0.067824	0.150988
0.067848	0.151108
0.067871	0.151227
0.067895	0.151347
0.067918	0.151467
0.067942	0.151586
0.067965	0.151706
0.067989	0.151825
0.068012	0.151945
0.068036	0.152064
0.068059	0.152184
0.068083	0.152303
0.068106	0.152422
0.068130	0.152542
0.068153	0.152661
0.068177	0.152781
0.068200	0.1529
0.068224	0.153019
0.068247	0.153139
0.068271	0.153258
0.068294	0.153377
0.068318	0.153497
0.068341	0.153616
0.068365	0.153735
0.068388	0.153855
0.068412	0.153974
0.068435	0.154093
0.068459	0.154212
0.068482	0.154331
0.068506	0.154451
0.068529	0.15457
0.068553	0.154689
0.068576	0.154808
0.068600	0.154927
0.068623	0.155046
0.068647	0.155165
0.068670	0.155284
0.068694	0.155403
0.068717	0.155522
0.068741	0.155641
0.068765	0.15576
0.068788	0.155879
0.068812	0.155998
0.068835	0.156116
0.068859	0.156235
0.068882	0.156354
0.068906	0.156473
0.068929	0.156591
0.068953	0.15671
0.068976	0.156829
0.069000	0.156947
0.069023	0.157066
0.069047	0.157184
0.069070	0.157303
0.069094	0.157421
0.069117	0.15754
0.069141	0.157658
0.069164	0.157777
0.069188	0.157895
0.069211	0.158013
0.069235	0.158132
0.069258	0.15825
0.069282	0.158368
0.069305	0.158486
0.069329	0.158604
0.069352	0.158723
0.069376	0.158841
0.069399	0.158959
0.069423	0.159077
0.069446	0.159195
0.069470	0.159312
0.069493	0.15943
0.069517	0.159548
0.069540	0.159666
0.069564	0.159784
0.069587	0.159901
0.069611	0.160019
0.069634	0.160137
0.069658	0.160254
0.069681	0.160372
0.069705	0.160489
0.069728	0.160607
0.069752	0.160724
0.069775	0.160841
0.069799	0.160959
0.069822	0.161076
0.069846	0.161193
0.069869	0.16131
0.069893	0.161427
0.069916	0.161544
0.069940	0.161661
0.069963	0.161778
0.069987	0.161895
0.070011	0.162012
0.070034	0.162129
0.070058	0.162246
0.070081	0.162362
0.070105	0.162479
0.070128	0.162596
0.070152	0.162712
0.070175	0.162829
0.070199	0.162945
0.070222	0.163062
0.070246	0.163178
0.070269	0.163294
0.070293	0.16341
0.070316	0.163527
0.070340	0.163643
0.070363	0.163759
0.070387	0.163875
0.070410	0.163991
0.070434	0.164106
0.070457	0.164222
0.070481	0.164338
0.070504	0.164454
0.070528	0.164569
0.070551	0.164685
0.070575	0.1648
0.070598	0.164916
0.070622	0.165031
0.070645	0.165147
0.070669	0.165262
0.070692	0.165377
0.070716	0.165492
0.070739	0.165607
0.070763	0.165722
0.070786	0.165837
0.070810	0.165952
0.070833	0.166067
0.070857	0.166181
0.070880	0.166296
0.070904	0.166411
0.070927	0.166525
0.070951	0.16664
0.070974	0.166754
0.070998	0.166868
0.071021	0.166983
0.071045	0.167097
0.071068	0.167211
0.071092	0.167325
0.071115	0.167439
0.071139	0.167553
0.071162	0.167666
0.071186	0.16778
0.071209	0.167894
0.071233	0.168007
0.071256	0.168121
0.071280	0.168234
0.071304	0.168348
0.071327	0.168461
0.071351	0.168574
0.071374	0.168687
0.071398	0.1688
0.071421	0.168913
0.071445	0.169026
0.071468	0.169139
0.071492	0.169252
0.071515	0.169364
0.071539	0.169477
0.071562	0.169589
0.071586	0.169702
0.071609	0.169814
0.071633	0.169926
0.071656	0.170038
0.071680	0.17015
0.071703	0.170262
0.071727	0.170374
0.071750	0.170486
0.071774	0.170598
0.071797	0.170709
0.071821	0.170821
0.071844	0.170932
0.071868	0.171044
0.071891	0.171155
0.071915	0.171266
0.071938	0.171377
0.071962	0.171488
0.071985	0.171599
0.072009	0.17171
0.072032	0.171821
0.072056	0.171932
0.072079	0.172042
0.072103	0.172153
0.072126	0.172263
0.072150	0.172373
0.072173	0.172483
0.072197	0.172593
0.072220	0.172703
0.072244	0.172813
0.072267	0.172923
0.072291	0.173033
0.072314	0.173142
0.072338	0.173252
0.072361	0.173361
0.072385	0.173471
0.072408	0.17358
0.072432	0.173689
0.072455	0.173798
0.072479	0.173907
0.072502	0.174016
0.072526	0.174124
0.072550	0.174233
0.072573	0.174342
0.072597	0.17445
0.072620	0.174558
0.072644	0.174666
0.072667	0.174775
0.072691	0.174883
0.072714	0.17499
0.072738	0.175098
0.072761	0.175206
0.072785	0.175313
0.072808	0.175421
0.072832	0.175528
0.072855	0.175635
0.072879	0.175743
0.072902	0.17585
0.072926	0.175957
0.072949	0.176063
0.072973	0.17617
0.072996	0.176277
0.073020	0.176383
0.073043	0.176489
0.073067	0.176596
0.073090	0.176702
0.073114	0.176808
0.073137	0.176914
0.073161	0.17702
0.073184	0.177125
0.073208	0.177231
0.073231	0.177336
0.073255	0.177442
0.073278	0.177547
0.073302	0.177652
0.073325	0.177757
0.073349	0.177862
0.073372	0.177967
0.073396	0.178071
0.073419	0.178176
0.073443	0.17828
0.073466	0.178384
0.073490	0.178488
0.073513	0.178593
0.073537	0.178696
0.073560	0.1788
0.073584	0.178904
0.073607	0.179007
0.073631	0.179111
0.073654	0.179214
0.073678	0.179317
0.073701	0.17942
0.073725	0.179523
0.073748	0.179626
0.073772	0.179729
0.073795	0.179831
0.073819	0.179934
0.073843	0.180036
0.073866	0.180138
0.073890	0.18024
0.073913	0.180342
0.073937	0.180444
0.073960	0.180545
0.073984	0.180647
0.074007	0.180748
0.074031	0.18085
0.074054	0.180951
0.074078	0.181052
0.074101	0.181152
0.074125	0.181253
0.074148	0.181354
0.074172	0.181454
0.074195	0.181555
0.074219	0.181655
0.074242	0.181755
0.074266	0.181855
0.074289	0.181954
0.074313	0.182054
0.074336	0.182154
0.074360	0.182253
0.074383	0.182352
0.074407	0.182451
0.074430	0.18255
0.074454	0.182649
0.074477	0.182748
0.074501	0.182846
0.074524	0.182944
0.074548	0.183043
0.074571	0.183141
0.074595	0.183239
0.074618	0.183337
0.074642	0.183434
0.074665	0.183532
0.074689	0.183629
0.074712	0.183726
0.074736	0.183823
0.074759	0.18392
0.074783	0.184017
0.074806	0.184114
0.074830	0.18421
0.074853	0.184307
0.074877	0.184403
0.074900	0.184499
0.074924	0.184595
0.074947	0.18469
0.074971	0.184786
0.074994	0.184882
0.075018	0.184977
0.075041	0.185072
0.075065	0.185167
0.075088	0.185262
0.075112	0.185356
0.075136	0.185451
0.075159	0.185545
0.075183	0.18564
0.075206	0.185734
0.075230	0.185828
0.075253	0.185921
0.075277	0.186015
0.075300	0.186108
0.075324	0.186202
0.075347	0.186295
0.075371	0.186388
0.075394	0.186481
0.075418	0.186573
0.075441	0.186666
0.075465	0.186758
0.075488	0.18685
0.075512	0.186942
0.075535	0.187034
0.075559	0.187126
0.075582	0.187217
0.075606	0.187309
0.075629	0.1874
0.075653	0.187491
0.075676	0.187582
0.075700	0.187673
0.075723	0.187763
0.075747	0.187854
0.075770	0.187944
0.075794	0.188034
0.075817	0.188124
0.075841	0.188213
0.075864	0.188303
0.075888	0.188392
0.075911	0.188482
0.075935	0.188571
0.075958	0.18866
0.075982	0.188748
0.076005	0.188837
0.076029	0.188925
0.076052	0.189013
0.076076	0.189101
0.076099	0.189189
0.076123	0.189277
0.076146	0.189364
0.076170	0.189452
0.076193	0.189539
0.076217	0.189626
0.076240	0.189713
0.076264	0.189799
0.076287	0.189886
0.076311	0.189972
0.076334	0.190058
0.076358	0.190144
0.076382	0.19023
0.076405	0.190315
0.076429	0.190401
0.076452	0.190486
0.076476	0.190571
0.076499	0.190656
0.076523	0.190741
0.076546	0.190825
0.076570	0.190909
0.076593	0.190993
0.076617	0.191077
0.076640	0.191161
0.076664	0.191245
0.076687	0.191328
0.076711	0.191411
0.076734	0.191494
0.076758	0.191577
0.076781	0.19166
0.076805	0.191742
0.076828	0.191825
0.076852	0.191907
0.076875	0.191989
0.076899	0.19207
0.076922	0.192152
0.076946	0.192233
0.076969	0.192314
0.076993	0.192395
0.077016	0.192476
0.077040	0.192557
0.077063	0.192637
0.077087	0.192717
0.077110	0.192797
0.077134	0.192877
0.077157	0.192957
0.077181	0.193036
0.077204	0.193116
0.077228	0.193195
0.077251	0.193273
0.077275	0.193352
0.077298	0.193431
0.077322	0.193509
0.077345	0.193587
0.077369	0.193665
0.077392	0.193743
0.077416	0.19382
0.077439	0.193897
0.077463	0.193974
0.077486	0.194051
0.077510	0.194128
0.077533	0.194204
0.077557	0.194281
0.077580	0.194357
0.077604	0.194433
0.077627	0.194508
0.077651	0.194584
0.077675	0.194659
0.077698	0.194734
0.077722	0.194809
0.077745	0.194884
0.077769	0.194958
0.077792	0.195033
0.077816	0.195107
0.077839	0.195181
0.077863	0.195254
0.077886	0.195328
0.077910	0.195401
0.077933	0.195474
0.077957	0.195547
0.077980	0.195619
0.078004	0.195692
0.078027	0.195764
0.078051	0.195836
0.078074	0.195908
0.078098	0.195979
0.078121	0.196051
0.078145	0.196122
0.078168	0.196193
0.078192	0.196264
0.078215	0.196334
0.078239	0.196404
0.078262	0.196474
0.078286	0.196544
0.078309	0.196614
0.078333	0.196683
0.078356	0.196753
0.078380	0.196822
0.078403	0.196891
0.078427	0.196959
0.078450	0.197028
0.078474	0.197096
0.078497	0.197164
0.078521	0.197231
0.078544	0.197299
0.078568	0.197366
0.078591	0.197433
0.078615	0.1975
0.078638	0.197567
0.078662	0.197633
0.078685	0.197699
0.078709	0.197765
0.078732	0.197831
0.078756	0.197897
0.078779	0.197962
0.078803	0.198027
0.078826	0.198092
0.078850	0.198156
0.078873	0.198221
0.078897	0.198285
0.078921	0.198349
0.078944	0.198413
0.078968	0.198476
0.078991	0.19854
0.079015	0.198603
0.079038	0.198665
0.079062	0.198728
0.079085	0.19879
0.079109	0.198853
0.079132	0.198915
0.079156	0.198976
0.079179	0.199038
0.079203	0.199099
0.079226	0.19916
0.079250	0.199221
0.079273	0.199281
0.079297	0.199342
0.079320	0.199402
0.079344	0.199461
0.079367	0.199521
0.079391	0.19958
0.079414	0.19964
0.079438	0.199699
0.079461	0.199757
0.079485	0.199816
0.079508	0.199874
0.079532	0.199932
0.079555	0.19999
0.079579	0.200047
0.079602	0.200104
0.079626	0.200161
0.079649	0.200218
0.079673	0.200275
0.079696	0.200331
0.079720	0.200387
0.079743	0.200443
0.079767	0.200499
0.079790	0.200554
0.079814	0.200609
0.079837	0.200664
0.079861	0.200719
0.079884	0.200773
0.079908	0.200827
0.079931	0.200881
0.079955	0.200935
0.079978	0.200988
0.080002	0.201041
0.080025	0.201094
0.080049	0.201147
0.080072	0.201199
0.080096	0.201252
0.080119	0.201304
0.080143	0.201355
0.080166	0.201407
0.080190	0.201458
0.080214	0.201509
0.080237	0.20156
0.080261	0.20161
0.080284	0.20166
0.080308	0.20171
0.080331	0.20176
0.080355	0.20181
0.080378	0.201859
0.080402	0.201908
0.080425	0.201957
0.080449	0.202005
0.080472	0.202053
0.080496	0.202101
0.080519	0.202149
0.080543	0.202197
0.080566	0.202244
0.080590	0.202291
0.080613	0.202337
0.080637	0.202384
0.080660	0.20243
0.080684	0.202476
0.080707	0.202522
0.080731	0.202567
0.080754	0.202612
0.080778	0.202657
0.080801	0.202702
0.080825	0.202746
0.080848	0.202791
0.080872	0.202835
0.080895	0.202878
0.080919	0.202922
0.080942	0.202965
0.080966	0.203008
0.080989	0.20305
0.081013	0.203093
0.081036	0.203135
0.081060	0.203176
0.081083	0.203218
0.081107	0.203259
0.081130	0.2033
0.081154	0.203341
0.081177	0.203382
0.081201	0.203422
0.081224	0.203462
0.081248	0.203502
0.081271	0.203541
0.081295	0.20358
0.081318	0.203619
0.081342	0.203658
0.081365	0.203696
0.081389	0.203735
0.081412	0.203772
0.081436	0.20381
0.081460	0.203847
0.081483	0.203884
0.081507	0.203921
0.081530	0.203958
0.081554	0.203994
0.081577	0.20403
0.081601	0.204066
0.081624	0.204101
0.081648	0.204136
0.081671	0.204171
0.081695	0.204206
0.081718	0.20424
0.081742	0.204275
0.081765	0.204308
0.081789	0.204342
0.081812	0.204375
0.081836	0.204408
0.081859	0.204441
0.081883	0.204473
0.081906	0.204506
0.081930	0.204538
0.081953	0.204569
0.081977	0.204601
0.082000	0.204632
0.082024	0.204663
0.082047	0.204693
0.082071	0.204723
0.082094	0.204753
0.082118	0.204783
0.082141	0.204813
0.082165	0.204842
0.082188	0.204871
0.082212	0.204899
0.082235	0.204928
0.082259	0.204956
0.082282	0.204983
0.082306	0.205011
0.082329	0.205038
0.082353	0.205065
0.082376	0.205092
0.082400	0.205118
0.082423	0.205144
0.082447	0.20517
0.082470	0.205195
0.082494	0.205221
0.082517	0.205246
0.082541	0.20527
0.082564	0.205295
0.082588	0.205319
0.082611	0.205343
0.082635	0.205366
0.082658	0.205389
0.082682	0.205412
0.082705	0.205435
0.082729	0.205458
0.082753	0.20548
0.082776	0.205502
0.082800	0.205523
0.082823	0.205544
0.082847	0.205565
0.082870	0.205586
0.082894	0.205606
0.082917	0.205626
0.082941	0.205646
0.082964	0.205666
0.082988	0.205685
0.083011	0.205704
0.083035	0.205723
0.083058	0.205741
0.083082	0.205759
0.083105	0.205777
0.083129	0.205794
0.083152	0.205812
0.083176	0.205828
0.083199	0.205845
0.083223	0.205861
0.083246	0.205877
0.083270	0.205893
0.083293	0.205909
0.083317	0.205924
0.083340	0.205939
0.083364	0.205953
0.083387	0.205968
0.083411	0.205981
0.083434	0.205995
0.083458	0.206009
0.083481	0.206022
0.083505	0.206034
0.083528	0.206047
0.083552	0.206059
0.083575	0.206071
0.083599	0.206083
0.083622	0.206094
0.083646	0.206105
0.083669	0.206116
0.083693	0.206126
0.083716	0.206136
0.083740	0.206146
0.083763	0.206156
0.083787	0.206165
0.083810	0.206174
0.083834	0.206182
0.083857	0.206191
0.083881	0.206199
0.083904	0.206206
0.083928	0.206214
0.083951	0.206221
0.083975	0.206228
0.083998	0.206234
0.084022	0.20624
0.084046	0.206246
0.084069	0.206252
0.084093	0.206257
0.084116	0.206262
0.084140	0.206267
0.084163	0.206271
0.084187	0.206275
0.084210	0.206279
0.084234	0.206282
0.084257	0.206286
0.084281	0.206288
0.084304	0.206291
0.084328	0.206293
0.084351	0.206295
0.084375	0.206297
0.084398	0.206298
0.084422	0.206299
0.084445	0.2063
0.084469	0.2063
0.084492	0.2063
0.084516	0.2063
0.084539	0.206299
0.084563	0.206299
0.084586	0.206297
0.084610	0.206296
0.084633	0.206294
0.084657	0.206292
0.084680	0.20629
0.084704	0.206287
0.084727	0.206284
0.084751	0.206281
0.084774	0.206277
0.084798	0.206273
0.084821	0.206269
0.084845	0.206264
0.084868	0.206259
0.084892	0.206254
0.084915	0.206249
0.084939	0.206243
0.084962	0.206237
0.084986	0.20623
0.085009	0.206223
0.085033	0.206216
0.085056	0.206209
0.085080	0.206201
0.085103	0.206193
0.085127	0.206185
0.085150	0.206176
0.085174	0.206167
0.085197	0.206158
0.085221	0.206148
0.085244	0.206138
0.085268	0.206128
0.085292	0.206118
0.085315	0.206107
0.085339	0.206095
0.085362	0.206084
0.085386	0.206072
0.085409	0.20606
0.085433	0.206047
0.085456	0.206035
0.085480	0.206022
0.085503	0.206008
0.085527	0.205994
0.085550	0.20598
0.085574	0.205966
0.085597	0.205951
0.085621	0.205936
0.085644	0.205921
0.085668	0.205905
0.085691	0.205889
0.085715	0.205873
0.085738	0.205856
0.085762	0.205839
0.085785	0.205822
0.085809	0.205804
0.085832	0.205786
0.085856	0.205768
0.085879	0.20575
0.085903	0.205731
0.085926	0.205711
0.085950	0.205692
0.085973	0.205672
0.085997	0.205652
0.086020	0.205631
0.086044	0.20561
0.086067	0.205589
0.086091	0.205568
0.086114	0.205546
0.086138	0.205524
0.086161	0.205501
0.086185	0.205479
0.086208	0.205455
0.086232	0.205432
0.086255	0.205408
0.086279	0.205384
0.086302	0.20536
0.086326	0.205335
0.086349	0.20531
0.086373	0.205284
0.086396	0.205259
0.086420	0.205233
0.086443	0.205206
0.086467	0.205179
0.086490	0.205152
0.086514	0.205125
0.086537	0.205097
0.086561	0.205069
0.086585	0.205041
0.086608	0.205012
0.086632	0.204983
0.086655	0.204954
0.086679	0.204924
0.086702	0.204894
0.086726	0.204864
0.086749	0.204833
0.086773	0.204802
0.086796	0.204771
0.086820	0.204739
0.086843	0.204707
0.086867	0.204674
0.086890	0.204642
0.086914	0.204609
0.086937	0.204575
0.086961	0.204542
0.086984	0.204508
0.087008	0.204473
0.087031	0.204439
0.087055	0.204404
0.087078	0.204368
0.087102	0.204333
0.087125	0.204297
0.087149	0.20426
0.087172	0.204224
0.087196	0.204187
0.087219	0.204149
0.087243	0.204112
0.087266	0.204074
0.087290	0.204035
0.087313	0.203997
0.087337	0.203958
0.087360	0.203918
0.087384	0.203878
0.087407	0.203838
0.087431	0.203798
0.087454	0.203757
0.087478	0.203716
0.087501	0.203675
0.087525	0.203633
0.087548	0.203591
0.087572	0.203549
0.087595	0.203506
0.087619	0.203463
0.087642	0.20342
0.087666	0.203376
0.087689	0.203332
0.087713	0.203287
0.087736	0.203243
0.087760	0.203197
0.087783	0.203152
0.087807	0.203106
0.087831	0.20306
0.087854	0.203014
0.087878	0.202967
0.087901	0.20292
0.087925	0.202872
0.087948	0.202825
0.087972	0.202776
0.087995	0.202728
0.088019	0.202679
0.088042	0.20263
0.088066	0.20258
0.088089	0.202531
0.088113	0.20248
0.088136	0.20243
0.088160	0.202379
0.088183	0.202328
0.088207	0.202276
0.088230	0.202224
0.088254	0.202172
0.088277	0.20212
0.088301	0.202067
0.088324	0.202013
0.088348	0.20196
0.088371	0.201906
0.088395	0.201852
0.088418	0.201797
0.088442	0.201742
0.088465	0.201687
0.088489	0.201631
0.088512	0.201575
0.088536	0.201519
0.088559	0.201462
0.088583	0.201405
0.088606	0.201348
0.088630	0.20129
0.088653	0.201232
0.088677	0.201174
0.088700	0.201115
0.088724	0.201056
0.088747	0.200996
0.088771	0.200937
0.088794	0.200876
0.088818	0.200816
0.088841	0.200755
0.088865	0.200694
0.088888	0.200633
0.088912	0.200571
0.088935	0.200509
0.088959	0.200446
0.088982	0.200383
0.089006	0.20032
0.089029	0.200256
0.089053	0.200193
0.089076	0.200128
0.089100	0.200064
0.089124	0.199999
0.089147	0.199934
0.089171	0.199868
0.089194	0.199802
0.089218	0.199736
0.089241	0.199669
0.089265	0.199602
0.089288	0.199535
0.089312	0.199467
0.089335	0.199399
0.089359	0.199331
0.089382	0.199262
0.089406	0.199193
0.089429	0.199123
0.089453	0.199054
0.089476	0.198983
0.089500	0.198913
0.089523	0.198842
0.089547	0.198771
0.089570	0.1987
0.089594	0.198628
0.089617	0.198555
0.089641	0.198483
0.089664	0.19841
0.089688	0.198337
0.089711	0.198263
0.089735	0.198189
0.089758	0.198115
0.089782	0.19804
0.089805	0.197965
0.089829	0.19789
0.089852	0.197814
0.089876	0.197738
0.089899	0.197662
0.089923	0.197585
0.089946	0.197508
0.089970	0.197431
0.089993	0.197353
0.090017	0.197275
0.090040	0.197197
0.090064	0.197118
0.090087	0.197039
0.090111	0.196959
0.090134	0.196879
0.090158	0.196799
0.090181	0.196719
0.090205	0.196638
0.090228	0.196557
0.090252	0.196475
0.090275	0.196393
0.090299	0.196311
0.090322	0.196228
0.090346	0.196145
0.090370	0.196062
0.090393	0.195978
0.090417	0.195894
0.090440	0.19581
0.090464	0.195725
0.090487	0.19564
0.090511	0.195555
0.090534	0.195469
0.090558	0.195383
0.090581	0.195297
0.090605	0.19521
0.090628	0.195123
0.090652	0.195035
0.090675	0.194947
0.090699	0.194859
0.090722	0.194771
0.090746	0.194682
0.090769	0.194593
0.090793	0.194503
0.090816	0.194413
0.090840	0.194323
0.090863	0.194232
0.090887	0.194141
0.090910	0.19405
0.090934	0.193958
0.090957	0.193866
0.090981	0.193774
0.091004	0.193681
0.091028	0.193588
0.091051	0.193495
0.091075	0.193401
0.091098	0.193307
0.091122	0.193213
0.091145	0.193118
0.091169	0.193023
0.091192	0.192927
0.091216	0.192832
0.091239	0.192735
0.091263	0.192639
0.091286	0.192542
0.091310	0.192445
0.091333	0.192347
0.091357	0.192249
0.091380	0.192151
0.091404	0.192052
0.091427	0.191953
0.091451	0.191854
0.091474	0.191755
0.091498	0.191655
0.091521	0.191554
0.091545	0.191454
0.091568	0.191352
0.091592	0.191251
0.091615	0.191149
0.091639	0.191047
0.091663	0.190945
0.091686	0.190842
0.091710	0.190739
0.091733	0.190636
0.091757	0.190532
0.091780	0.190428
0.091804	0.190323
0.091827	0.190218
0.091851	0.190113
0.091874	0.190008
0.091898	0.189902
0.091921	0.189795
0.091945	0.189689
0.091968	0.189582
0.091992	0.189475
0.092015	0.189367
0.092039	0.189259
0.092062	0.189151
0.092086	0.189042
0.092109	0.188933
0.092133	0.188824
0.092156	0.188714
0.092180	0.188604
0.092203	0.188494
0.092227	0.188383
0.092250	0.188272
0.092274	0.18816
0.092297	0.188049
0.092321	0.187937
0.092344	0.187824
0.092368	0.187711
0.092391	0.187598
0.092415	0.187485
0.092438	0.187371
0.092462	0.187257
0.092485	0.187142
0.092509	0.187027
0.092532	0.186912
0.092556	0.186797
0.092579	0.186681
0.092603	0.186565
0.092626	0.186448
0.092650	0.186331
0.092673	0.186214
0.092697	0.186096
0.092720	0.185978
0.092744	0.18586
0.092767	0.185741
0.092791	0.185622
0.092814	0.185503
0.092838	0.185383
0.092861	0.185263
0.092885	0.185143
0.092908	0.185022
0.092932	0.184901
0.092956	0.18478
0.092979	0.184658
0.093003	0.184536
0.093026	0.184414
0.093050	0.184291
0.093073	0.184168
0.093097	0.184045
0.093120	0.183921
0.093144	0.183797
0.093167	0.183672
0.093191	0.183548
0.093214	0.183422
0.093238	0.183297
0.093261	0.183171
0.093285	0.183045
0.093308	0.182919
0.093332	0.182792
0.093355	0.182665
0.093379	0.182537
0.093402	0.182409
0.093426	0.182281
0.093449	0.182153
0.093473	0.182024
0.093496	0.181895
0.093520	0.181765
0.093543	0.181635
0.093567	0.181505
0.093590	0.181374
0.093614	0.181244
0.093637	0.181112
0.093661	0.180981
0.093684	0.180849
0.093708	0.180717
0.093731	0.180584
0.093755	0.180451
0.093778	0.180318
0.093802	0.180184
0.093825	0.180051
0.093849	0.179916
0.093872	0.179782
0.093896	0.179647
0.093919	0.179512
0.093943	0.179376
0.093966	0.17924
0.093990	0.179104
0.094013	0.178967
0.094037	0.17883
0.094060	0.178693
0.094084	0.178556
0.094107	0.178418
0.094131	0.178279
0.094154	0.178141
0.094178	0.178002
0.094202	0.177863
0.094225	0.177723
0.094249	0.177583
0.094272	0.177443
0.094296	0.177302
0.094319	0.177162
0.094343	0.17702
0.094366	0.176879
0.094390	0.176737
0.094413	0.176595
0.094437	0.176452
0.094460	0.176309
0.094484	0.176166
0.094507	0.176022
0.094531	0.175879
0.094554	0.175734
0.094578	0.17559
0.094601	0.175445
0.094625	0.1753
0.094648	0.175154
0.094672	0.175008
0.094695	0.174862
0.094719	0.174716
0.094742	0.174569
0.094766	0.174422
0.094789	0.174274
0.094813	0.174127
0.094836	0.173978
0.094860	0.17383
0.094883	0.173681
0.094907	0.173532
0.094930	0.173383
0.094954	0.173233
0.094977	0.173083
0.095001	0.172932
0.095024	0.172782
0.095048	0.172631
0.095071	0.172479
0.095095	0.172328
0.095118	0.172176
0.095142	0.172023
0.095165	0.171871
0.095189	0.171718
0.095212	0.171564
0.095236	0.171411
0.095259	0.171257
0.095283	0.171103
0.095306	0.170948
0.095330	0.170793
0.095353	0.170638
0.095377	0.170482
0.095400	0.170326
0.095424	0.17017
0.095447	0.170014
0.095471	0.169857
0.095495	0.1697
0.095518	0.169542
0.095542	0.169385
0.095565	0.169226
0.095589	0.169068
0.095612	0.168909
0.095636	0.16875
0.095659	0.168591
0.095683	0.168431
0.095706	0.168271
0.095730	0.168111
0.095753	0.16795
0.095777	0.167789
0.095800	0.167628
0.095824	0.167467
0.095847	0.167305
0.095871	0.167143
0.095894	0.16698
0.095918	0.166817
0.095941	0.166654
0.095965	0.166491
0.095988	0.166327
0.096012	0.166163
0.096035	0.165999
0.096059	0.165834
0.096082	0.165669
0.096106	0.165504
0.096129	0.165338
0.096153	0.165172
0.096176	0.165006
0.096200	0.16484
0.096223	0.164673
0.096247	0.164506
0.096270	0.164338
0.096294	0.16417
0.096317	0.164002
0.096341	0.163834
0.096364	0.163665
0.096388	0.163496
0.096411	0.163327
0.096435	0.163157
0.096458	0.162988
0.096482	0.162817
0.096505	0.162647
0.096529	0.162476
0.096552	0.162305
0.096576	0.162134
0.096599	0.161962
0.096623	0.16179
0.096646	0.161618
0.096670	0.161445
0.096693	0.161272
0.096717	0.161099
0.096741	0.160925
0.096764	0.160752
0.096788	0.160578
0.096811	0.160403
0.096835	0.160229
0.096858	0.160054
0.096882	0.159878
0.096905	0.159703
0.096929	0.159527
0.096952	0.159351
0.096976	0.159174
0.096999	0.158997
0.097023	0.15882
0.097046	0.158643
0.097070	0.158465
0.097093	0.158288
0.097117	0.158109
0.097140	0.157931
0.097164	0.157752
0.097187	0.157573
0.097211	0.157393
0.097234	0.157214
0.097258	0.157034
0.097281	0.156854
0.097305	0.156673
0.097328	0.156492
0.097352	0.156311
0.097375	0.15613
0.097399	0.155948
0.097422	0.155766
0.097446	0.155584
0.097469	0.155401
0.097493	0.155218
0.097516	0.155035
0.097540	0.154852
0.097563	0.154668
0.097587	0.154484
0.097610	0.1543
0.097634	0.154115
0.097657	0.153931
0.097681	0.153746
0.097704	0.15356
0.097728	0.153374
0.097751	0.153189
0.097775	0.153002
0.097798	0.152816
0.097822	0.152629
0.097845	0.152442
0.097869	0.152255
0.097892	0.152067
0.097916	0.151879
0.097939	0.151691
0.097963	0.151503
0.097986	0.151314
0.098010	0.151125
0.098034	0.150936
0.098057	0.150746
0.098081	0.150556
0.098104	0.150366
0.098128	0.150176
0.098151	0.149985
0.098175	0.149794
0.098198	0.149603
0.098222	0.149412
0.098245	0.14922
0.098269	0.149028
0.098292	0.148836
0.098316	0.148643
0.098339	0.148451
0.098363	0.148258
0.098386	0.148064
0.098410	0.147871
0.098433	0.147677
0.098457	0.147483
0.098480	0.147289
0.098504	0.147094
0.098527	0.146899
0.098551	0.146704
0.098574	0.146508
0.098598	0.146313
0.098621	0.146117
0.098645	0.145921
0.098668	0.145724
0.098692	0.145528
0.098715	0.145331
0.098739	0.145133
0.098762	0.144936
0.098786	0.144738
0.098809	0.14454
0.098833	0.144342
0.098856	0.144143
0.098880	0.143945
0.098903	0.143746
0.098927	0.143546
0.098950	0.143347
0.098974	0.143147
0.098997	0.142947
0.099021	0.142747
0.099044	0.142546
0.099068	0.142346
0.099091	0.142145
0.099115	0.141943
0.099138	0.141742
0.099162	0.14154
0.099185	0.141338
0.099209	0.141136
0.099232	0.140933
0.099256	0.140731
0.099280	0.140528
0.099303	0.140324
0.099327	0.140121
0.099350	0.139917
0.099374	0.139713
0.099397	0.139509
0.099421	0.139305
0.099444	0.1391
0.099468	0.138895
0.099491	0.13869
0.099515	0.138485
0.099538	0.138279
0.099562	0.138073
0.099585	0.137867
0.099609	0.137661
0.099632	0.137454
0.099656	0.137247
0.099679	0.13704
0.099703	0.136833
0.099726	0.136626
0.099750	0.136418
0.099773	0.13621
0.099797	0.136002
0.099820	0.135793
0.099844	0.135585
0.099867	0.135376
0.099891	0.135167
0.099914	0.134957
0.099938	0.134748
0.099961	0.134538
0.099985	0.134328
0.100008	0.134118
0.100032	0.133907
0.100055	0.133697
0.100079	0.133486
0.100102	0.133275
0.100126	0.133063
0.100149	0.132852
0.100173	0.13264
0.100196	0.132428
0.100220	0.132216
0.100243	0.132004
0.100267	0.131791
0.100290	0.131578
0.100314	0.131365
0.100337	0.131152
0.100361	0.130938
0.100384	0.130725
0.100408	0.130511
0.100431	0.130297
0.100455	0.130082
0.100478	0.129868
0.100502	0.129653
0.100525	0.129438
0.100549	0.129223
0.100573	0.129008
0.100596	0.128792
0.100620	0.128576
0.100643	0.12836
0.100667	0.128144
0.100690	0.127928
0.100714	0.127711
0.100737	0.127494
0.100761	0.127277
0.100784	0.12706
0.100808	0.126843
0.100831	0.126625
0.100855	0.126407
0.100878	0.126189
0.100902	0.125971
0.100925	0.125753
0.100949	0.125534
0.100972	0.125315
0.100996	0.125097
0.101019	0.124877
0.101043	0.124658
0.101066	0.124439
0.101090	0.124219
0.101113	0.123999
0.101137	0.123779
0.101160	0.123559
0.101184	0.123338
0.101207	0.123117
0.101231	0.122897
0.101254	0.122676
0.101278	0.122454
0.101301	0.122233
0.101325	0.122011
0.101348	0.12179
0.101372	0.121568
0.101395	0.121346
0.101419	0.121123
0.101442	0.120901
0.101466	0.120678
0.101489	0.120456
0.101513	0.120233
0.101536	0.120009
0.101560	0.119786
0.101583	0.119563
0.101607	0.119339
0.101630	0.119115
0.101654	0.118891
0.101677	0.118667
0.101701	0.118443
0.101724	0.118218
0.101748	0.117993
0.101771	0.117768
0.101795	0.117543
0.101818	0.117318
0.101842	0.117093
0.101866	0.116867
0.101889	0.116642
0.101913	0.116416
0.101936	0.11619
0.101960	0.115964
0.101983	0.115738
0.102007	0.115511
0.102030	0.115284
0.102054	0.115058
0.102077	0.114831
0.102101	0.114604
0.102124	0.114377
0.102148	0.114149
0.102171	0.113922
0.102195	0.113694
0.102218	0.113466
0.102242	0.113238
0.102265	0.11301
0.102289	0.112782
0.102312	0.112553
0.102336	0.112325
0.102359	0.112096
0.102383	0.111867
0.102406	0.111638
0.102430	0.111409
0.102453	0.11118
0.102477	0.11095
0.102500	0.110721
0.102524	0.110491
0.102547	0.110261
0.102571	0.110032
0.102594	0.109801
0.102618	0.109571
0.102641	0.109341
0.102665	0.10911
0.102688	0.10888
0.102712	0.108649
0.102735	0.108418
0.102759	0.108187
0.102782	0.107956
0.102806	0.107725
0.102829	0.107494
0.102853	0.107262
0.102876	0.10703
0.102900	0.106799
0.102923	0.106567
0.102947	0.106335
0.102970	0.106103
0.102994	0.105871
0.103017	0.105638
0.103041	0.105406
0.103064	0.105173
0.103088	0.104941
0.103112	0.104708
0.103135	0.104475
0.103159	0.104242
0.103182	0.104009
0.103206	0.103776
0.103229	0.103542
0.103253	0.103309
0.103276	0.103075
0.103300	0.102842
0.103323	0.102608
0.103347	0.102374
0.103370	0.10214
0.103394	0.101906
0.103417	0.101672
0.103441	0.101438
0.103464	0.101203
0.103488	0.100969
0.103511	0.100734
