-121244	88316.3	0
-24210.2	-17587.5	0
-24167.3	-17616.9	0
-24137.2	-17646.2	0
-24133.9	-17675.4	0
-24128.1	-17704.6	0
-24094.9	-17733.8	0
-24052.7	-17763	0
-24034.8	-17792.2	0
-24034.7	-17821.2	0
-24018.4	-17850.3	0
-23976.8	-17879.5	0
-23942.3	-17908.5	0
-23934.6	-17937.5	0
-23931.7	-17966.4	0
-23902.6	-17995.4	0
-23859.8	-18024.4	0
-23835.9	-18053.4	0
-23834.8	-18082.2	0
-23822.1	-18111	0
-23784	-18139.9	0
-23745.4	-18168.8	0
-23733.6	-18197.5	0
-23730.8	-18226.2	0
-23707.3	-18254.9	0
-23664.2	-18283.7	0
-23636.3	-18312.4	0
-23631	-18341	0
-23622.4	-18369.6	0
-23587.3	-18398.2	0
-23547.8	-18426.9	0
-23529.7	-18455.4	0
-23527.2	-18483.8	0
-23506.9	-18512.3	0
-23467.2	-18540.8	0
-23434.1	-18569.3	0
-23425.9	-18597.7	0
-23417.4	-18626	0
-23388.1	-18654.3	0
-23347.2	-18682.7	0
-23325.6	-18711	0
-23319.1	-18739.2	0
-23303.6	-18767.5	0
-23265.8	-18795.7	0
-23232.1	-18824	0
-23217.4	-18852.1	0
-23210.2	-18880.2	0
-23183.3	-18908.3	0
-23145.9	-18936.4	0
-23118.7	-18964.5	0
-23110.2	-18992.5	0
-23094.3	-19020.4	0
-23062.5	-19048.4	0
-23026.7	-19076.4	0
-23009.3	-19104.3	0
-22997.7	-19132.1	0
-22976	-19160	0
-22939.8	-19187.9	0
-22912.7	-19215.7	0
-22897.3	-19243.4	0
-22883	-19271.1	0
-22853.1	-19298.9	0
-22821.4	-19326.6	0
-22798.1	-19354.3	0
-22784.8	-19381.9	0
-22762.1	-19409.5	0
-22732.5	-19437.1	0
-22703.1	-19464.7	0
-22685.4	-19492.1	0
-22666	-19519.6	0
-22641.4	-19547.1	0
-22611.1	-19574.6	0
-22588.5	-19602	0
-22567.6	-19629.3	0
-22546.3	-19656.6	0
-22518.4	-19684	0
-22494.2	-19711.3	0
-22470.4	-19738.6	0
-22448.7	-19765.8	0
-22422.6	-19793	0
-22399.8	-19820.2	0
-22375.3	-19847.3	0
-22351.9	-19874.4	0
-22324.4	-19901.5	0
-22302.3	-19928.6	0
-22280.1	-19955.6	0
-22257.4	-19982.6	0
-22227.1	-20009.6	0
-22202	-20036.5	0
-22181.4	-20063.5	0
-22163.2	-20090.4	0
-22133.1	-20117.2	0
-22102.4	-20144	0
-22078.6	-20170.8	0
-22065.1	-20197.6	0
-22040.9	-20224.4	0
-22007.3	-20251.1	0
-21975.1	-20277.8	0
-21960.9	-20304.4	0
-21945.7	-20331	0
-21916.6	-20357.6	0
-21876.4	-20384.2	0
-21853.2	-20410.7	0
-21842.8	-20437.2	0
-21825.4	-20463.7	0
-21784.8	-20490.1	0
-21748.5	-20516.6	0
-21732.9	-20542.9	0
-21726.9	-20569.3	0
-21696.8	-20595.6	0
-21652.4	-20621.9	0
-21622	-20648.2	0
-21618	-20674.4	0
-21604.4	-20700.6	0
-21564.4	-20726.8	0
-21518.6	-20753	0
-21503	-20779.1	0
-21500.7	-20805.1	0
-21477.2	-20831.1	0
-21426.4	-20857.2	0
-21391.2	-20883.2	0
-21386	-20909.1	0
-21380.9	-20935	0
-21341	-20961	0
-21290.8	-20986.9	0
-21268.4	-21012.7	0
-21271	-21038.5	0
-21252	-21064.2	0
-21202	-21090	0
-21158.7	-21115.8	0
-21151.8	-21141.4	0
-21150.3	-21167	0
-21116.4	-21192.7	0
-21062.4	-21218.4	0
-21034.3	-21243.9	0
-21035.1	-21269.4	0
-21022.5	-21294.8	0
-20975.3	-21320.4	0
-20928.2	-21345.9	0
-20914.8	-21371.3	0
-20914.5	-21396.6	0
-20886.5	-21421.9	0
-20834.5	-21447.3	0
-20800.8	-21472.6	0
-20796.1	-21497.8	0
-20786.5	-21523	0
-20745.3	-21548.2	0
-20698.9	-21573.4	0
-20677.8	-21598.5	0
-20674	-21623.6	0
-20649.9	-21648.6	0
-20605.4	-21673.7	0
-20568.4	-21698.8	0
-20556.7	-21723.7	0
-20543.2	-21748.6	0
-20510.8	-21773.5	0
-20468.2	-21798.5	0
-20444	-21823.3	0
-20429.3	-21848	0
-20407.9	-21872.8	0
-20370.2	-21897.6	0
-20339.1	-21922.3	0
-20316.4	-21947	0
-20297.8	-21971.6	0
-20266.9	-21996.3	0
-20237.5	-22020.9	0
-20209.4	-22045.4	0
-20187.3	-22069.9	0
-20157.4	-22094.4	0
-20132	-22118.9	0
-20105.5	-22143.3	0
-20081.7	-22167.7	0
-20047.3	-22192.1	0
-20020.5	-22216.4	0
-19997.5	-22240.7	0
-19979.2	-22264.9	0
-19942.8	-22289.2	0
-19908.4	-22313.4	0
-19882.3	-22337.6	0
-19872.4	-22361.7	0
-19843.1	-22385.8	0
-19803.2	-22409.9	0
-19764.8	-22433.9	0
-19756.1	-22457.9	0
-19740.3	-22481.9	0
-19705.9	-22505.8	0
-19654.2	-22529.8	0
-19633.7	-22553.6	0
-19626.2	-22577.4	0
-19609	-22601.2	0
-19555	-22625.1	0
-19515.8	-22648.8	0
-19501.7	-22672.5	0
-19501.6	-22696.1	0
-19461.3	-22719.8	0
-19410.5	-22743.5	0
-19376.5	-22767.1	0
-19380.2	-22790.5	0
-19361	-22814	0
-19315.8	-22837.6	0
-19262.2	-22861.1	0
-19252.3	-22884.4	0
-19246.3	-22907.7	0
-19220.2	-22931.1	0
-19161.3	-22954.5	0
-19130.6	-22977.8	0
-19120.5	-23001	0
-19112.8	-23024.1	0
-19065.1	-23047.4	0
-19021.7	-23070.6	0
-18995.4	-23093.7	0
-18992.7	-23116.6	0
-18961.8	-23139.7	0
-18920.8	-23162.7	0
-18880.3	-23185.8	0
-18869.1	-23208.7	0
-18846.9	-23231.5	0
-18816.8	-23254.4	0
-18773.8	-23277.3	0
-18752	-23300.1	0
-18727	-23322.9	0
-18703.5	-23345.6	0
-18666.3	-23368.3	0
-18642.2	-23391	0
-18611.7	-23413.6	0
-18585.4	-23436.2	0
-18551.1	-23458.8	0
-18531.5	-23481.3	0
-18503.1	-23503.8	0
-18471.8	-23526.3	0
-18431.3	-23548.7	0
-18412.5	-23571.1	0
-18393.4	-23593.5	0
-18365.9	-23615.8	0
-18316.9	-23638.1	0
-18287.4	-23660.4	0
-18273.8	-23682.6	0
-18260.1	-23704.7	0
-18212.9	-23727	0
-18167.2	-23749.1	0
-18144.9	-23771.2	0
-18143.4	-23793.2	0
-18112.6	-23815.2	0
-18059.6	-23837.2	0
-18018	-23859.2	0
-18013.7	-23881.1	0
-18003.2	-23902.9	0
-17960.4	-23924.8	0
-17904	-23946.7	0
-17881	-23968.4	0
-17878.8	-23990.1	0
-17856.1	-24011.8	0
-17802	-24033.5	0
-17758.5	-24055.2	0
-17746.7	-24076.8	0
-17737.6	-24098.3	0
-17700.1	-24119.8	0
-17649	-24141.4	0
-17620.5	-24162.9	0
-17608.8	-24184.2	0
-17586.9	-24205.6	0
-17543	-24227	0
-17506	-24248.3	0
-17482.2	-24269.6	0
-17463.5	-24290.8	0
-17428.9	-24312	0
-17395.9	-24333.2	0
-17365.1	-24354.4	0
-17341	-24375.5	0
-17305.8	-24396.5	0
-17279	-24417.6	0
-17251.8	-24438.6	0
-17227	-24459.5	0
-17184	-24480.5	0
-17153.6	-24501.4	0
-17131	-24522.2	0
-17116.5	-24543	0
-17072	-24563.8	0
-17029.8	-24584.6	0
-17000.2	-24605.3	0
-16997.5	-24625.9	0
-16965.5	-24646.6	0
-16917.7	-24667.2	0
-16869.6	-24687.9	0
-16865.4	-24708.3	0
-16851	-24728.8	0
-16814.5	-24749.3	0
-16751.5	-24769.8	0
-16729.8	-24790.1	0
-16721.4	-24810.4	0
-16706.3	-24830.7	0
-16645.8	-24851.1	0
-16604.9	-24871.4	0
-16584.4	-24891.5	0
-16583	-24911.6	0
-16539.4	-24931.8	0
-16493.5	-24952	0
-16454.7	-24972.1	0
-16449.7	-24992	0
-16420.4	-25012	0
-16384.3	-25032	0
-16337.6	-25052	0
-16320.4	-25071.8	0
-16291.6	-25091.6	0
-16265	-25111.4	0
-16223.7	-25131.3	0
-16201.6	-25151	0
-16166.1	-25170.7	0
-16136.9	-25190.3	0
-16100.7	-25210	0
-16084.8	-25229.6	0
-16050.6	-25249.1	0
-16012.8	-25268.6	0
-15969.6	-25288.1	0
-15957.8	-25307.5	0
-15936.8	-25326.9	0
-15899.9	-25346.3	0
-15843.5	-25365.7	0
-15820.8	-25385	0
-15811.4	-25404.2	0
-15790.2	-25423.4	0
-15731.1	-25442.7	0
-15687.6	-25461.9	0
-15673.3	-25480.9	0
-15668.7	-25499.9	0
-15625.1	-25519	0
-15569.1	-25538.1	0
-15536.3	-25557.1	0
-15532.2	-25575.9	0
-15509.8	-25594.7	0
-15459.6	-25613.7	0
-15412.9	-25632.5	0
-15393.7	-25651.3	0
-15379.7	-25670	0
-15343.7	-25688.7	0
-15299.4	-25707.4	0
-15266.3	-25726	0
-15246.2	-25744.6	0
-15214.7	-25763.1	0
-15181	-25781.6	0
-15147.7	-25800.1	0
-15122.4	-25818.6	0
-15083	-25837	0
-15050.9	-25855.3	0
-15023.5	-25873.7	0
-15006.2	-25891.9	0
-14961.7	-25910.2	0
-14919.4	-25928.4	0
-14887.1	-25946.6	0
-14882.7	-25964.7	0
-14848.6	-25982.8	0
-14799.9	-26000.9	0
-14749.3	-26019	0
-14744.9	-26036.9	0
-14728	-26054.8	0
-14690.6	-26072.7	0
-14624.8	-26090.7	0
-14603.3	-26108.5	0
-14591.5	-26126.2	0
-14575.2	-26144	0
-14512.8	-26161.8	0
-14473.9	-26179.5	0
-14449.3	-26197.1	0
-14443.9	-26214.6	0
-14397.3	-26232.3	0
-14357.1	-26249.8	0
-14317.5	-26267.3	0
-14305.8	-26284.7	0
-14267.9	-26302.1	0
-14237.5	-26319.5	0
-14197	-26336.9	0
-14176.6	-26354.2	0
-14133.3	-26371.5	0
-14105	-26388.7	0
-14073.2	-26405.9	0
-14057	-26423	0
-14008.8	-26440.1	0
-13968.5	-26457.2	0
-13936.2	-26474.3	0
-13931.8	-26491.2	0
-13894.5	-26508.2	0
-13843.8	-26525.1	0
-13795.9	-26542	0
-13791.3	-26558.8	0
-13774.1	-26575.6	0
-13730.5	-26592.4	0
-13668.7	-26609.2	0
-13645.7	-26625.8	0
-13637.4	-26642.4	0
-13612.1	-26659	0
-13554.6	-26675.7	0
-13512.3	-26692.2	0
-13494.5	-26708.7	0
-13477.5	-26725.1	0
-13436.9	-26741.5	0
-13391.5	-26757.9	0
-13362.5	-26774.2	0
-13337	-26790.5	0
-13304.8	-26806.8	0
-13266.9	-26823	0
-13241.4	-26839.2	0
-13207	-26855.3	0
-13168.7	-26871.4	0
-13128.7	-26887.5	0
-13114.4	-26903.5	0
-13086.5	-26919.5	0
-13044.6	-26935.4	0
-12988.5	-26951.4	0
-12973	-26967.2	0
-12958.2	-26983	0
-12930	-26998.8	0
-12862.6	-27014.6	0
-12829.7	-27030.3	0
-12814.1	-27046	0
-12806.6	-27061.5	0
-12747.5	-27077.2	0
-12701.1	-27092.8	0
-12667.9	-27108.3	0
-12666.6	-27123.7	0
-12624.6	-27139.1	0
-12583.2	-27154.5	0
-12535.9	-27170	0
-12523.9	-27185.2	0
-12486.7	-27200.5	0
-12457.2	-27215.7	0
-12413.4	-27231	0
-12394.1	-27246.1	0
-12348.4	-27261.2	0
-12317.4	-27276.3	0
-12282	-27291.3	0
-12271	-27306.3	0
-12224.2	-27321.3	0
-12179.4	-27336.2	0
-12137.7	-27351.1	0
-12135.9	-27365.9	0
-12105.6	-27380.6	0
-12056.7	-27395.4	0
-11997.9	-27410.3	0
-11986.8	-27424.9	0
-11973.7	-27439.4	0
-11938.9	-27454	0
-11874.8	-27468.7	0
-11842.2	-27483.2	0
-11827.9	-27497.6	0
-11807.2	-27512	0
-11756.9	-27526.5	0
-11713.7	-27540.9	0
-11687.2	-27555.2	0
-11662.6	-27569.4	0
-11625.6	-27583.7	0
-11588.2	-27597.9	0
-11561.3	-27612	0
-11524.5	-27626.2	0
-11484.1	-27640.2	0
-11448.7	-27654.3	0
-11435.3	-27668.2	0
-11400.4	-27682.2	0
-11352	-27696.2	0
-11301.2	-27710.1	0
-11293.5	-27723.8	0
-11273.6	-27737.6	0
-11233.9	-27751.4	0
-11165.9	-27765.2	0
-11144.5	-27778.8	0
-11129.7	-27792.4	0
-11111.1	-27806	0
-11045.2	-27819.6	0
-11008.4	-27833.1	0
-10979.9	-27846.6	0
-10970.8	-27859.9	0
-10919.3	-27873.3	0
-10885	-27886.7	0
-10843.8	-27900.1	0
-10826.1	-27913.3	0
-10777.8	-27926.5	0
-10753.8	-27939.7	0
-10718.4	-27952.9	0
-10695.3	-27965.9	0
-10636.2	-27979.1	0
-10607.3	-27992.1	0
-10582.6	-28005.1	0
-10571.5	-28017.9	0
-10510.9	-28030.9	0
-10463.6	-28043.8	0
-10432.7	-28056.6	0
-10433.8	-28069.3	0
-10391.3	-28082.1	0
-10336.9	-28094.8	0
-10288.7	-28107.6	0
-10281.7	-28120.1	0
-10256.9	-28132.6	0
-10213.6	-28145.2	0
-10162	-28157.8	0
-10136.8	-28170.2	0
-10110.6	-28182.6	0
-10074.5	-28194.9	0
-10036.2	-28207.3	0
-10007.1	-28219.6	0
-9974.08	-28231.8	0
-9926.77	-28244	0
-9894.28	-28256.2	0
-9874.12	-28268.3	0
-9851.19	-28280.4	0
-9792.06	-28292.5	0
-9747.38	-28304.5	0
-9724.02	-28316.4	0
-9720.75	-28328.3	0
-9669.74	-28340.2	0
-9616.05	-28352.1	0
-9572.2	-28363.9	0
-9572.42	-28375.6	0
-9537.43	-28387.3	0
-9494.86	-28399	0
-9437.66	-28410.7	0
-9424.59	-28422.2	0
-9389.15	-28433.7	0
-9360.96	-28445.2	0
-9310.72	-28456.8	0
-9293.09	-28468.1	0
-9245.9	-28479.6	0
-9213.09	-28490.9	0
-9169.65	-28502.2	0
-9163.72	-28513.4	0
-9119.44	-28524.6	0
-9073.8	-28535.8	0
-9018.76	-28547	0
-9016.77	-28558	0
-8991.44	-28569.1	0
-8949.85	-28580.1	0
-8881.29	-28591.2	0
-8862.1	-28602	0
-8845.38	-28612.9	0
-8819.74	-28623.7	0
-8758.5	-28634.6	0
-8722.35	-28645.3	0
-8695.87	-28656	0
-8671.32	-28666.6	0
-8626.84	-28677.3	0
-8593.25	-28687.9	0
-8563.1	-28698.5	0
-8523.69	-28708.9	0
-8479.46	-28719.4	0
-8451.15	-28729.8	0
-8436.52	-28740.2	0
-8393.32	-28750.5	0
-8338.43	-28760.9	0
-8295.89	-28771.2	0
-8293.4	-28781.3	0
-8264.37	-28791.5	0
-8214.7	-28801.6	0
-8151.81	-28811.8	0
-8139.87	-28821.8	0
-8117.17	-28831.8	0
-8087.44	-28841.7	0
-8024.06	-28851.7	0
-8000.18	-28861.6	0
-7964.52	-28871.4	0
-7941.27	-28881.2	0
-7889.05	-28891	0
-7872.25	-28900.7	0
-7828.87	-28910.4	0
-7794.31	-28920	0
-7737.83	-28929.6	0
-7731.14	-28939.1	0
-7701.1	-28948.6	0
-7664.75	-28958	0
-7593	-28967.5	0
-7575.14	-28976.9	0
-7557.25	-28986.2	0
-7536.66	-28995.4	0
-7466.97	-29004.8	0
-7429.48	-29014	0
-7403.32	-29023.1	0
-7389.23	-29032.2	0
-7338.2	-29041.3	0
-7299.41	-29050.3	0
-7264.47	-29059.3	0
-7236.12	-29068.2	0
-7191.18	-29077.2	0
-7160.21	-29086	0
-7137.55	-29094.9	0
-7100.14	-29103.6	0
-7045.57	-29112.4	0
-7004.16	-29121.2	0
-6996.49	-29129.7	0
-6970.21	-29138.3	0
-6918.7	-29146.9	0
-6855.93	-29155.5	0
-6841.76	-29164	0
-6822.44	-29172.4	0
-6791.63	-29180.7	0
-6725.97	-29189.2	0
-6699.61	-29197.5	0
-6666.58	-29205.7	0
-6644.77	-29213.9	0
-6590.41	-29222.2	0
-6571.27	-29230.3	0
-6527.98	-29238.4	0
-6495.47	-29246.5	0
-6437.32	-29254.6	0
-6429.98	-29262.5	0
-6398.74	-29270.4	0
-6364.28	-29278.3	0
-6290.46	-29286.2	0
-6272.84	-29294	0
-6252.97	-29301.7	0
-6234.33	-29309.4	0
-6163.13	-29317.2	0
-6126.95	-29324.8	0
-6097.87	-29332.4	0
-6084.04	-29339.9	0
-6031.49	-29347.4	0
-5996.09	-29354.9	0
-5959.88	-29362.3	0
-5930.05	-29369.7	0
-5881.36	-29377	0
-5853.21	-29384.3	0
-5832.09	-29391.6	0
-5794.79	-29398.8	0
-5736.23	-29406	0
-5694.45	-29413.1	0
-5687.28	-29420.1	0
-5661.87	-29427.1	0
-5610.1	-29434.2	0
-5547.82	-29441.2	0
-5532.23	-29448.1	0
-5509.19	-29454.9	0
-5478.41	-29461.7	0
-5417.34	-29468.6	0
-5393.94	-29475.3	0
-5354.28	-29482	0
-5326.82	-29488.6	0
-5275.08	-29495.2	0
-5264.43	-29501.7	0
-5219.66	-29508.3	0
-5180.21	-29514.8	0
-5118.33	-29521.3	0
-5116.25	-29527.6	0
-5087.09	-29533.9	0
-5051.56	-29540.2	0
-4975.87	-29546.6	0
-4958.49	-29552.8	0
-4934.99	-29558.9	0
-4914.76	-29565	0
-4848.95	-29571.2	0
-4818.4	-29577.2	0
-4783.28	-29583.2	0
-4758.2	-29589.1	0
-4708.22	-29595.1	0
-4684.99	-29601	0
-4652.33	-29606.8	0
-4609.49	-29612.6	0
-4554.43	-29618.4	0
-4531.82	-29624.1	0
-4519.91	-29629.7	0
-4478.33	-29635.3	0
-4416.75	-29640.9	0
-4373	-29646.5	0
-4367.01	-29651.9	0
-4336.44	-29657.3	0
-4290.87	-29662.8	0
-4234.54	-29668.2	0
-4217.56	-29673.5	0
-4177.69	-29678.7	0
-4146.99	-29683.9	0
-4099.84	-29689.2	0
-4087.39	-29694.3	0
-4032.19	-29699.4	0
-3992.35	-29704.5	0
-3945.31	-29709.5	0
-3949.61	-29714.4	0
-3902.88	-29719.3	0
-3855.66	-29724.3	0
-3791.53	-29729.2	0
-3791.49	-29733.9	0
-3759.27	-29738.6	0
-3724.93	-29743.3	0
-3659.69	-29748.1	0
-3641.93	-29752.7	0
-3603.3	-29757.2	0
-3572.86	-29761.8	0
-3525.63	-29766.3	0
-3509.21	-29770.7	0
-3465.45	-29775.2	0
-3416.22	-29779.5	0
-3371.74	-29783.9	0
-3362.95	-29788.1	0
-3338.1	-29792.3	0
-3280.15	-29796.5	0
-3225.12	-29800.8	0
-3200.95	-29804.8	0
-3191.14	-29808.8	0
-3143.59	-29812.9	0
-3097.69	-29816.9	0
-3055.2	-29820.8	0
-3037.5	-29824.7	0
-2986.11	-29828.5	0
-2958.7	-29832.3	0
-2922.28	-29836.1	0
-2904.12	-29839.8	0
-2834.29	-29843.5	0
-2801.79	-29847.1	0
-2771.36	-29850.7	0
-2771.14	-29854.1	0
-2703.64	-29857.7	0
-2658.76	-29861.2	0
-2613.7	-29864.7	0
-2615.34	-29867.9	0
-2564.24	-29871.3	0
-2528.02	-29874.6	0
-2478.2	-29877.9	0
-2462.04	-29881	0
-2407.95	-29884.1	0
-2377.56	-29887.3	0
-2346.34	-29890.3	0
-2328.44	-29893.3	0
-2267.03	-29896.3	0
-2217.53	-29899.3	0
-2193.39	-29902.2	0
-2184.78	-29904.9	0
-2140.6	-29907.8	0
-2078.15	-29910.6	0
-2044.15	-29913.3	0
-2022.63	-29915.9	0
-1995.43	-29918.5	0
-1941.53	-29921.2	0
-1915.69	-29923.7	0
-1875.59	-29926.2	0
-1841.03	-29928.7	0
-1783.42	-29931.1	0
-1776.76	-29933.4	0
-1743.23	-29935.7	0
-1707.03	-29938	0
-1630.32	-29940.4	0
-1618.62	-29942.5	0
-1592.78	-29944.6	0
-1573.65	-29946.7	0
-1499.37	-29948.9	0
-1474.85	-29950.8	0
-1435.92	-29952.8	0
-1416.6	-29954.7	0
-1358.74	-29956.6	0
-1342.74	-29958.4	0
-1302.35	-29960.2	0
-1263.8	-29962	0
-1201.98	-29963.8	0
-1189.24	-29965.4	0
-1169.95	-29967	0
-1130.41	-29968.5	0
-1063.16	-29970.2	0
-1029.21	-29971.7	0
-1015.94	-29973	0
-983.464	-29974.4	0
-935.735	-29975.9	0
-891.561	-29977.2	0
-870.006	-29978.4	0
-820.914	-29979.7	0
-786.494	-29980.9	0
-751.742	-29982	0
-742.735	-29983.1	0
-678.16	-29984.2	0
-633.449	-29985.2	0
-591.305	-29986.2	0
-598.686	-29987	0
-544.783	-29988	0
-501.818	-29988.9	0
-443.595	-29989.7	0
-440.159	-29990.4	0
-390.256	-29991.1	0
-362.23	-29991.7	0
-314.586	-29992.4	0
-301.287	-29992.9	0
-238.354	-29993.5	0
-200.93	-29994	0
-168.37	-29994.5	0
-165.201	-29994.8	0
-109.891	-29995.2	0
-53.6144	-29995.6	0
-14.1447	-29995.8	0
-5.10144	-29996	0
28.8371	-29996.2	0
80.7249	-29996.3	0
116.77	-29996.5	0
149.01	-29996.5	0
184.892	-29996.5	0
236.451	-29996.5	0
249.161	-29996.4	0
282.314	-29996.2	0
322.504	-29996.1	0
395.128	-29996	0
404.75	-29995.6	0
430.413	-29995.3	0
452.89	-29994.9	0
529.144	-29994.7	0
549.73	-29994.2	0
589.786	-29993.7	0
608.251	-29993.2	0
669.162	-29992.7	0
679.758	-29992	0
725.141	-29991.4	0
762.285	-29990.7	0
827.098	-29990.1	0
831.747	-29989.2	0
857.271	-29988.4	0
895.989	-29987.5	0
965.893	-29986.7	0
991.127	-29985.7	0
1011.53	-29984.7	0
1045.1	-29983.6	0
1093.38	-29982.6	0
1127.29	-29981.4	0
1154.74	-29980.3	0
1208.81	-29979.1	0
1244.18	-29977.8	0
1269.66	-29976.5	0
1280.68	-29975.1	0
1349.7	-29973.8	0
1393.52	-29972.4	0
1431.32	-29970.9	0
1428.14	-29969.3	0
1487.18	-29967.8	0
1521.94	-29966.2	0
1573.44	-29964.6	0
1583.62	-29962.8	0
1646.48	-29961.1	0
1666.96	-29959.3	0
1703.34	-29957.5	0
1716.93	-29955.6	0
1792.47	-29953.8	0
1827.56	-29951.8	0
1855.24	-29949.8	0
1859.7	-29947.7	0
1919.85	-29945.6	0
1966.52	-29943.6	0
2001.87	-29941.4	0
2023.3	-29939.1	0
2067.83	-29936.9	0
2106.07	-29934.6	0
2126.13	-29932.2	0
2167.71	-29929.8	0
2219.58	-29927.4	0
2268.64	-29925	0
2267.78	-29922.4	0
2303.98	-29919.8	0
2347.92	-29917.2	0
2415.67	-29914.7	0
2421.65	-29911.9	0
2463.39	-29909.2	0
2489.06	-29906.3	0
2546.61	-29903.6	0
2552.97	-29900.7	0
2612.94	-29897.8	0
2649.16	-29894.8	0
2698.91	-29891.9	0
2690.99	-29888.7	0
2741.05	-29885.7	0
2788.79	-29882.6	0
2847.84	-29879.5	0
2852.22	-29876.1	0
2888.3	-29872.9	0
2927.8	-29869.6	0
2972.24	-29866.3	0
2995.75	-29862.9	0
3040.02	-29859.5	0
3091.5	-29856	0
3112.55	-29852.5	0
3131.06	-29848.8	0
3167.03	-29845.2	0
3240.58	-29841.7	0
3264.62	-29838	0
3290.62	-29834.2	0
3306.75	-29830.3	0
3374.17	-29826.6	0
3393.05	-29822.7	0
3439.6	-29818.9	0
3464.83	-29814.9	0
3529.94	-29810.9	0
3529.55	-29806.8	0
3567.82	-29802.7	0
3601.63	-29798.6	0
3679.84	-29794.6	0
3688.62	-29790.3	0
3716.36	-29786	0
3741.22	-29781.6	0
3805.39	-29777.4	0
3828.26	-29773	0
3865.34	-29768.5	0
3905.62	-29764	0
3948.99	-29759.6	0
3964.16	-29755	0
3989.34	-29750.3	0
4052.6	-29745.8	0
4099.19	-29741.1	0
4124.82	-29736.3	0
4129.95	-29731.5	0
4189.37	-29726.7	0
4224.62	-29721.9	0
4269.92	-29717	0
4283.85	-29711.9	0
4349.86	-29707	0
4363.88	-29701.9	0
4399.08	-29696.9	0
4414.61	-29691.7	0
4497.55	-29686.6	0
4520.9	-29681.4	0
4551	-29676.1	0
4556.39	-29670.7	0
4625.25	-29665.5	0
4655.12	-29660.1	0
4694.24	-29654.7	0
4719.35	-29649.2	0
4775.02	-29643.7	0
4795.16	-29638.1	0
4815.76	-29632.5	0
4860.04	-29626.9	0
4921.02	-29621.3	0
4956.94	-29615.5	0
4959.92	-29609.7	0
5001.53	-29603.9	0
5044.54	-29598	0
5095.66	-29592.2	0
5106.22	-29586.2	0
5165.15	-29580.2	0
5190.46	-29574.2	0
5229.51	-29568.1	0
5230.74	-29561.9	0
5306.26	-29555.9	0
5342.74	-29549.6	0
5385.16	-29543.4	0
5377.49	-29537	0
5438.79	-29530.8	0
5472.21	-29524.4	0
5519.5	-29518	0
5534.31	-29511.5	0
5594.24	-29505.1	0
5620.92	-29498.5	0
5643.04	-29491.9	0
5667.46	-29485.2	0
5731.46	-29478.6	0
5780.13	-29471.9	0
5791.58	-29465.1	0
5817.11	-29458.2	0
5857.4	-29451.4	0
5912.49	-29444.6	0
5925.83	-29437.6	0
5977.96	-29430.7	0
6010.56	-29423.6	0
6056.75	-29416.6	0
6049.27	-29409.4	0
6110.53	-29402.3	0
6152.52	-29395.2	0
6211.44	-29388	0
6202	-29380.6	0
6252.93	-29373.3	0
6282.72	-29366	0
6336.27	-29358.6	0
6346.03	-29351.1	0
6407.53	-29343.7	0
6441.53	-29336.1	0
6469.47	-29328.6	0
6477.18	-29320.9	0
6533.72	-29313.3	0
6590.67	-29305.6	0
6616.88	-29297.9	0
6636.12	-29290	0
6669.64	-29282.2	0
6723.11	-29274.4	0
6737.75	-29266.5	0
6784.8	-29258.5	0
6823	-29250.5	0
6879.94	-29242.5	0
6870	-29234.3	0
6914.99	-29226.2	0
6952	-29218	0
7023.85	-29210	0
7021.99	-29201.6	0
7069.09	-29193.3	0
7093.25	-29184.9	0
7146.89	-29176.6	0
7150.65	-29168.1	0
7210.95	-29159.7	0
7254.02	-29151.2	0
7293.15	-29142.7	0
7291.69	-29134	0
7333.86	-29125.4	0
7389.43	-29116.8	0
7427.44	-29108.1	0
7451.06	-29099.3	0
7482.97	-29090.4	0
7534.54	-29081.6	0
7544.71	-29072.7	0
7583.43	-29063.8	0
7622.71	-29054.8	0
7693.79	-29045.9	0
7690.42	-29036.7	0
7724.95	-29027.6	0
7748.92	-29018.4	0
7822.32	-29009.4	0
7827.52	-29000.1	0
7879.33	-28990.8	0
7905.4	-28981.5	0
7958.64	-28972.2	0
7952.93	-28962.7	0
8003.65	-28953.3	0
8051.87	-28943.9	0
8105.48	-28934.4	0
8108.45	-28924.7	0
8139.59	-28915.1	0
8186.18	-28905.5	0
8222.55	-28895.8	0
8251.07	-28886.1	0
8287.97	-28876.3	0
8347.37	-28866.5	0
8354.41	-28856.6	0
8381.52	-28846.7	0
8410.47	-28836.7	0
8489.8	-28826.9	0
8498.61	-28816.8	0
8537.32	-28806.7	0
8553.13	-28796.5	0
8618.56	-28786.5	0
8618.64	-28776.2	0
8671.96	-28766	0
8707.57	-28755.7	0
8769.54	-28745.5	0
8761.41	-28735	0
8796.92	-28724.6	0
8838.36	-28714.2	0
8896.03	-28703.8	0
8912.2	-28693.2	0
8946.29	-28682.6	0
8992.02	-28672	0
9016.42	-28661.3	0
9038.66	-28650.6	0
9073.15	-28639.8	0
9146.65	-28629.2	0
9161.39	-28618.3	0
9188.07	-28607.4	0
9202.1	-28596.4	0
9274.3	-28585.6	0
9283.53	-28574.6	0
9333.2	-28563.6	0
9357.27	-28552.4	0
9422.94	-28541.4	0
9412.87	-28530.1	0
9453.75	-28519	0
9489.72	-28507.7	0
9560.43	-28496.6	0
9565.66	-28485.2	0
9598.85	-28473.8	0
9633.34	-28462.4	0
9675.59	-28451	0
9693.14	-28439.5	0
9732.17	-28427.9	0
9794.16	-28416.4	0
9816.81	-28404.8	0
9834.13	-28393.1	0
9852.08	-28381.4	0
9924.99	-28369.7	0
9943.26	-28357.9	0
9985.75	-28346.1	0
10002.9	-28334.2	0
10069.2	-28322.4	0
10062.7	-28310.4	0
10106.9	-28298.4	0
10138.2	-28286.4	0
10215	-28274.4	0
10212.6	-28262.2	0
10246.6	-28250.1	0
10273.3	-28237.8	0
10329.7	-28225.7	0
10342.4	-28213.4	0
10385	-28201.1	0
10435	-28188.8	0
10466.2	-28176.4	0
10476.2	-28163.9	0
10500.5	-28151.4	0
10569.8	-28139	0
10595.9	-28126.4	0
10630.3	-28113.8	0
10645.6	-28101.1	0
10710.3	-28088.5	0
10709.1	-28075.7	0
10753.9	-28063	0
10782.5	-28050.2	0
10860.8	-28037.4	0
10854.2	-28024.4	0
10889.6	-28011.5	0
10911.5	-27998.5	0
10977.2	-27985.6	0
10984.9	-27972.5	0
11031	-27959.5	0
11071.4	-27946.3	0
11109.8	-27933.2	0
11113.6	-27919.9	0
11144.7	-27906.7	0
11208.5	-27893.5	0
11241	-27880.2	0
11267.8	-27866.8	0
11285.3	-27853.3	0
11346.6	-27839.9	0
11350.2	-27826.4	0
11393.3	-27812.9	0
11421.8	-27799.3	0
11499.3	-27785.8	0
11490.8	-27772	0
11527.3	-27758.3	0
11546.8	-27744.5	0
11616.9	-27730.9	0
11620.3	-27717	0
11670	-27703.2	0
11704.2	-27689.2	0
11747.7	-27675.4	0
11745.7	-27661.3	0
11783	-27647.3	0
11841.1	-27633.3	0
11878	-27619.2	0
11899.1	-27605	0
11921.2	-27590.8	0
11978.3	-27576.7	0
11984.5	-27562.4	0
12024.9	-27548.1	0
12055.6	-27533.7	0
12131.1	-27519.5	0
12121.9	-27504.9	0
12159.4	-27490.5	0
12178	-27475.9	0
12248.5	-27461.5	0
12248.1	-27446.9	0
12302.1	-27432.3	0
12333.3	-27417.6	0
12379.2	-27403	0
12372.1	-27388.1	0
12414.7	-27373.4	0
12467.5	-27358.6	0
12506.8	-27343.8	0
12524.4	-27328.8	0
12552.9	-27313.9	0
12605.1	-27299	0
12611.2	-27283.9	0
12648.9	-27268.8	0
12683.3	-27253.7	0
12756.2	-27238.7	0
12746.9	-27223.4	0
12786.3	-27208.2	0
12804.8	-27192.9	0
12871.8	-27177.8	0
12867.7	-27162.3	0
12927.3	-27147	0
12958	-27131.6	0
13004.1	-27116.2	0
12992.8	-27100.6	0
13040	-27085.1	0
13087.2	-27069.6	0
13126.2	-27054	0
13143.4	-27038.3	0
13179.7	-27022.6	0
13227	-27006.9	0
13230	-26991.1	0
13265.9	-26975.3	0
13303.9	-26959.4	0
13373.6	-26943.7	0
13364.7	-26927.6	0
13408.4	-26911.7	0
13426.8	-26895.6	0
13487	-26879.7	0
13479.1	-26863.5	0
13545.1	-26847.5	0
13576.7	-26831.3	0
13621.4	-26815.2	0
13608.5	-26798.8	0
13659.6	-26782.6	0
13699.8	-26766.3	0
13735.3	-26750	0
13755.5	-26733.5	0
13800.7	-26717.1	0
13843.2	-26700.7	0
13841.7	-26684.1	0
13877.4	-26667.5	0
13916.8	-26651	0
13981.4	-26634.5	0
13974.1	-26617.7	0
14026	-26601	0
14044	-26584.2	0
14094.5	-26567.5	0
14082.9	-26550.6	0
14155.3	-26533.9	0
14186.8	-26516.9	0
14229.7	-26500.1	0
14220	-26482.9	0
14274.8	-26466	0
14305.2	-26449	0
14333.9	-26431.9	0
14360.2	-26414.7	0
14413.6	-26397.6	0
14452.1	-26380.4	0
14447.2	-26363.1	0
14485.6	-26345.8	0
14521.7	-26328.5	0
14578	-26311.3	0
14573.8	-26293.7	0
14638	-26276.4	0
14655	-26258.9	0
14695.5	-26241.4	0
14681.8	-26223.7	0
14757.9	-26206.3	0
14785.2	-26188.6	0
14826.7	-26171	0
14827.2	-26153.2	0
14885.9	-26135.5	0
14904.4	-26117.7	0
14924	-26099.9	0
14957.7	-26082	0
15014.7	-26064.2	0
15050.5	-26046.3	0
15047.2	-26028.3	0
15093	-26010.3	0
15119.7	-25992.2	0
15163.9	-25974.2	0
15163.4	-25956	0
15241	-25938	0
15256.1	-25919.7	0
15290.8	-25901.5	0
15279.8	-25883.1	0
15354.6	-25865	0
15370.5	-25846.6	0
15410.6	-25828.2	0
15427.6	-25809.7	0
15489.8	-25791.4	0
15498	-25772.8	0
15510.5	-25754.2	0
15550.6	-25735.7	0
15601.1	-25717.2	0
15634.2	-25698.5	0
15639.9	-25679.8	0
15698.6	-25661.1	0
15711.7	-25642.3	0
15743.7	-25623.5	0
15746.1	-25604.6	0
15831.2	-25585.9	0
15840.9	-25566.9	0
15878.6	-25548	0
15879	-25528.9	0
15947.5	-25510	0
15946.1	-25490.9	0
15983.6	-25471.8	0
16017.4	-25452.7	0
16078.6	-25433.6	0
16084.1	-25414.4	0
16098.2	-25395.1	0
16143.4	-25375.8	0
16174.1	-25356.5	0
16203.1	-25337.2	0
16221.5	-25317.8	0
16294.4	-25298.5	0
16295.2	-25278.9	0
16324.1	-25259.4	0
16329.2	-25239.8	0
16408.1	-25220.4	0
16406	-25200.7	0
16454.4	-25181.1	0
16474	-25161.4	0
16534.1	-25141.8	0
16519.4	-25121.9	0
16554.9	-25102.1	0
16596.1	-25082.3	0
16644	-25062.5	0
16656.8	-25042.5	0
16684.6	-25022.6	0
16735.8	-25002.7	0
16740.3	-24982.6	0
16767.2	-24962.6	0
16792.1	-24942.5	0
16868.9	-24922.5	0
16861.9	-24902.2	0
16905.3	-24882.1	0
16917	-24861.8	0
16977.5	-24841.6	0
16959.7	-24821.2	0
17017.9	-24800.9	0
17052	-24780.6	0
17102.4	-24760.3	0
17093.2	-24739.7	0
17133.6	-24719.2	0
17170.2	-24698.7	0
17190.3	-24678.2	0
17215	-24657.6	0
17257.2	-24637	0
17314.3	-24616.4	0
17303	-24595.6	0
17340.4	-24574.9	0
17360.2	-24554.1	0
17421	-24533.4	0
17407.9	-24512.4	0
17475.9	-24491.6	0
17497.2	-24470.7	0
17540.8	-24449.8	0
17520.4	-24428.7	0
17580.5	-24407.8	0
17608.7	-24386.7	0
17642.3	-24365.7	0
17658.3	-24344.5	0
17710.2	-24323.4	0
17741.1	-24302.2	0
17736	-24280.9	0
17774	-24259.6	0
17809.9	-24238.4	0
17861.8	-24217.1	0
17852.9	-24195.6	0
17918.5	-24174.3	0
17929.4	-24152.8	0
17967	-24131.4	0
17951.2	-24109.7	0
18029.6	-24088.3	0
18047.5	-24066.7	0
18085	-24045.2	0
18090.4	-24023.4	0
18149	-24001.8	0
18158.5	-23980.1	0
18170.2	-23958.3	0
18210.9	-23936.5	0
18258.7	-23914.8	0
18290.9	-23892.9	0
18287.9	-23870.9	0
18347.1	-23849	0
18355.4	-23827	0
18390	-23805.1	0
18388.4	-23782.9	0
18474.3	-23761	0
18477.3	-23738.9	0
18513.2	-23716.8	0
18514.3	-23694.5	0
18579.1	-23672.4	0
18574.6	-23650.1	0
18606.8	-23627.8	0
18646.5	-23605.5	0
18696.6	-23583.2	0
18705.7	-23560.8	0
18715.3	-23538.3	0
18768.5	-23515.9	0
18779.8	-23493.4	0
18812	-23470.9	0
18826.9	-23448.3	0
18906.5	-23425.9	0
18894.7	-23403.2	0
18930.5	-23380.5	0
18936	-23357.8	0
19003.8	-23335.2	0
18990.7	-23312.3	0
19041.4	-23289.6	0
19074.4	-23266.8	0
19119.3	-23244	0
19110.8	-23221	0
19139.9	-23198.1	0
19186.2	-23175.2	0
19201.3	-23152.2	0
19231	-23129.1	0
19260.2	-23106.1	0
19323.2	-23083.1	0
19302.5	-23059.8	0
19343.3	-23036.7	0
19357.7	-23013.5	0
19421.6	-22990.4	0
19404.6	-22967	0
19469.7	-22943.8	0
19491.3	-22920.5	0
19528.1	-22897.1	0
19512.8	-22873.6	0
19563.8	-22850.3	0
19598.7	-22826.8	0
19617	-22803.3	0
19645.4	-22779.8	0
19684.7	-22756.3	0
19725.4	-22732.7	0
19705.3	-22708.9	0
19755.4	-22685.3	0
19776.3	-22661.6	0
19830	-22638	0
19815.2	-22614.1	0
19889.7	-22590.5	0
19896.4	-22566.6	0
19927.1	-22542.8	0
19916.1	-22518.7	0
19984.3	-22495	0
20002.5	-22471	0
20025.8	-22447	0
20055.2	-22423	0
20098.1	-22399	0
20116.1	-22374.9	0
20107.5	-22350.6	0
20166.1	-22326.6	0
20186.8	-22302.4	0
20228.4	-22278.2	0
20223	-22253.9	0
20300	-22229.7	0
20290.3	-22205.3	0
20320.8	-22181	0
20321.3	-22156.5	0
20396.4	-22132.3	0
20396.1	-22107.8	0
20429.4	-22083.3	0
20459.8	-22058.8	0
20498.8	-22034.3	0
20499.5	-22009.7	0
20510.7	-21985	0
20571.7	-21960.5	0
20585.6	-21935.8	0
20619.6	-21911.1	0
20628.4	-21886.3	0
20698.8	-21861.7	0
20674.6	-21836.8	0
20713.3	-21812	0
20725.4	-21787.1	0
20795.5	-21762.4	0
20781.2	-21737.3	0
20830.3	-21712.5	0
20857.2	-21687.5	0
20886.5	-21662.5	0
20880.1	-21637.3	0
20914.1	-21612.3	0
20966.9	-21587.3	0
20972.3	-21562.1	0
21008.1	-21536.9	0
21029.6	-21511.7	0
21083.9	-21486.6	0
21052.8	-21461.1	0
21106.5	-21435.9	0
21122.7	-21410.5	0
21179.8	-21385.3	0
21162.5	-21359.8	0
21228.6	-21334.5	0
21243.2	-21309	0
21263.3	-21283.5	0
21262.1	-21257.9	0
21313	-21232.4	0
21347.6	-21206.9	0
21351.1	-21181.2	0
21396.4	-21155.6	0
21421.5	-21129.9	0
21455.7	-21104.3	0
21430	-21078.4	0
21498.5	-21052.8	0
21506.8	-21026.9	0
21552	-21001.2	0
21544.2	-20975.2	0
21620.4	-20949.5	0
21615.2	-20923.5	0
21634.7	-20897.5	0
21646.2	-20871.5	0
21700.6	-20845.6	0
21714.1	-20819.5	0
21727.8	-20793.4	0
21782.7	-20767.4	0
21798.8	-20741.3	0
21818.6	-20715.1	0
21809.7	-20688.8	0
21883.2	-20662.7	0
21874.8	-20636.4	0
21918.9	-20610.2	0
21926.8	-20583.8	0
21999.3	-20557.7	0
21975	-20531.1	0
22007	-20504.8	0
22027.9	-20478.3	0
22070.9	-20452	0
22072.2	-20425.4	0
22105.8	-20398.9	0
22159.9	-20372.4	0
22160.3	-20345.8	0
22180.5	-20319.2	0
22190.3	-20292.5	0
22253	-20266	0
22229.9	-20239.2	0
22287.1	-20212.5	0
22304.2	-20185.8	0
22360.6	-20159.1	0
22330.2	-20132.1	0
22382.4	-20105.3	0
22398.6	-20078.4	0
22424.6	-20051.6	0
22430.2	-20024.6	0
22481.5	-19997.7	0
22520.5	-19970.8	0
22511.5	-19943.7	0
22547.2	-19916.7	0
22563.5	-19889.6	0
22604.9	-19862.5	0
22581.1	-19835.3	0
22656.6	-19808.3	0
22666.4	-19781	0
22707.1	-19753.9	0
22688.9	-19726.5	0
22755	-19699.3	0
22751.6	-19672	0
22770.1	-19644.6	0
22792.3	-19617.3	0
22844.9	-19590	0
22863.2	-19562.5	0
22862.5	-19535	0
22915.8	-19507.6	0
22919.7	-19480.1	0
22945.2	-19452.6	0
22936.6	-19424.9	0
23018.8	-19397.5	0
23008.1	-19369.8	0
23049	-19342.2	0
23052.1	-19314.4	0
23113.3	-19286.9	0
23089.4	-19259	0
23118.5	-19231.3	0
23152.5	-19203.5	0
23186.9	-19175.8	0
23196.8	-19147.9	0
23218.1	-19120	0
23274.5	-19092.2	0
23256.9	-19064.2	0
23286.8	-19036.2	0
23294.4	-19008.2	0
23362	-18980.4	0
23335.1	-18952.2	0
23395.3	-18924.2	0
23409	-18896.1	0
23450.4	-18868.1	0
23424.8	-18839.7	0
23472.9	-18811.7	0
23498.2	-18783.5	0
23509.7	-18755.2	0
23533.5	-18727	0
23570.6	-18698.7	0
23611.7	-18670.5	0
23585.4	-18642	0
23637.2	-18613.7	0
23642.1	-18585.3	0
23684.6	-18556.9	0
23662.2	-18528.3	0
23742.5	-18500.1	0
23744.7	-18471.5	0
23772.7	-18443	0
23768.7	-18414.3	0
23822.1	-18385.9	0
23823.2	-18357.2	0
23829	-18328.5	0
23875.7	-18299.9	0
23903.3	-18271.3	0
23929.1	-18242.6	0
23918.9	-18213.8	0
23987.6	-18185.1	0
23968.7	-18156.2	0
24001	-18127.5	0
23997.9	-18098.5	0
24074.9	-18069.9	0
24056.1	-18040.8	0
24095.2	-18012	0
24115.6	-17983	0
24150.4	-17954.1	0
24138.4	-17925	0
24158.8	-17896	0
24210.4	-17867	0
24209.3	-17837.9	0
24242.4	-17808.8	0
24256.1	-17779.6	0
24318.2	-17750.6	0
24279.6	-17721.2	0
24328.4	-17692.1	0
24333.2	-17662.8	0
24381.9	-17633.7	0
24359.6	-17604.3	0
24422.4	-17575.1	0
24444.3	-17545.7	0
24455.8	-17516.4	0
24462.3	-17486.9	0
24493.4	-17457.5	0
24523.8	-17428.1	0
24504.2	-17398.6	0
24563.5	-17369.2	0
24577.3	-17339.7	0
24620.3	-17310.2	0
24592.3	-17280.5	0
24663.9	-17251	0
24650.4	-17221.3	0
24676	-17191.7	0
24674.6	-17161.9	0
24739.2	-17132.4	0
24741.8	-17102.7	0
24754.3	-17072.9	0
24794.8	-17043.2	0
24810.3	-17013.4	0
24822.3	-16983.5	0
24812.3	-16953.6	0
24883.7	-16923.9	0
24867.8	-16893.9	0
24909.8	-16864.1	0
24911.8	-16834.1	0
24981.1	-16804.3	0
24947	-16774.1	0
24982	-16744.1	0
24998.2	-16714.1	0
25029.8	-16684.1	0
25025.3	-16653.9	0
25058.6	-16623.9	0
25109.8	-16593.8	0
25097.5	-16563.6	0
25127.4	-16533.4	0
25133.5	-16503.2	0
25184.6	-16473	0
25144.9	-16442.6	0
25208.7	-16412.5	0
25217.7	-16382.1	0
25261.4	-16351.9	0
25240.8	-16321.4	0
25299.4	-16291.2	0
25306.4	-16260.7	0
25306.1	-16230.3	0
25325.1	-16199.8	0
25357.5	-16169.4	0
25388.4	-16139	0
25371.8	-16108.4	0
25440.1	-16077.9	0
25436.2	-16047.3	0
25466.6	-16016.8	0
25441	-15986	0
25513.8	-15955.6	0
25494.1	-15924.8	0
25525	-15894.2	0
25541	-15863.5	0
25592.9	-15832.9	0
25586.6	-15802	0
25594.7	-15771.2	0
25640	-15740.5	0
25634.4	-15709.6	0
25655	-15678.8	0
25656.5	-15647.9	0
25730.8	-15617.2	0
25700.5	-15586.2	0
25748.7	-15555.3	0
25751.5	-15524.3	0
25799.2	-15493.4	0
25763.4	-15462.2	0
25807.3	-15431.3	0
25831.5	-15400.3	0
25844.1	-15369.2	0
25857.9	-15338.1	0
25888.8	-15307	0
25931	-15276	0
25898.1	-15244.7	0
25946.9	-15213.6	0
25945.9	-15182.4	0
25987.2	-15151.2	0
25955.4	-15119.8	0
26032.3	-15088.7	0
26031	-15057.4	0
26055.4	-15026.1	0
26053.9	-14994.7	0
26100.2	-14963.5	0
26099.8	-14932	0
26092	-14900.6	0
26141.2	-14869.2	0
26151.3	-14837.8	0
26180.7	-14806.4	0
26167.7	-14774.8	0
26244.1	-14743.5	0
26213.5	-14711.8	0
26244.4	-14680.3	0
26238.5	-14648.7	0
26296.6	-14617.2	0
26271.6	-14585.5	0
26306.1	-14553.9	0
26342.1	-14522.3	0
26356.4	-14490.7	0
26362	-14458.9	0
26371.6	-14427.2	0
26422.8	-14395.5	0
26386.2	-14363.6	0
26431.7	-14331.9	0
26436.4	-14300.1	0
26493.1	-14268.4	0
26457.3	-14236.4	0
26520.4	-14204.7	0
26524	-14172.7	0
26538.5	-14140.9	0
26529.9	-14108.8	0
26569.8	-14077	0
26591.1	-14045	0
26576.3	-14013	0
26629.5	-13981.1	0
26638.8	-13949	0
26672.3	-13917.1	0
26639.5	-13884.8	0
26711.2	-13852.9	0
26686.5	-13820.7	0
26713.8	-13788.6	0
26710	-13756.4	0
26772.4	-13724.4	0
26761.2	-13692.1	0
26776.7	-13659.9	0
26815.9	-13627.7	0
26820.7	-13595.5	0
26829	-13563.2	0
26821.9	-13530.8	0
26887.8	-13498.7	0
26854.1	-13466.2	0
26900.2	-13434	0
26903.2	-13401.6	0
26961.7	-13369.3	0
26923.1	-13336.7	0
26967.4	-13304.4	0
26979.8	-13271.9	0
26987.2	-13239.5	0
26987.5	-13206.9	0
27017.3	-13174.5	0
27059.1	-13142.1	0
27032.1	-13109.4	0
27086.3	-13077	0
27085.7	-13044.3	0
27122.4	-13011.8	0
27080.2	-12979	0
27148.8	-12946.5	0
27135.7	-12913.8	0
27158.2	-12881.2	0
27161.9	-12848.5	0
27213.7	-12815.9	0
27216	-12783.1	0
27208.9	-12750.3	0
27256.2	-12717.6	0
27248.9	-12684.8	0
27268.6	-12652	0
27250.5	-12619.1	0
27326.8	-12586.5	0
27294	-12553.5	0
27335.8	-12520.7	0
27338.9	-12487.7	0
27388.2	-12455	0
27356.6	-12421.9	0
27382.5	-12389	0
27411.2	-12356	0
27405.5	-12323	0
27421.9	-12290	0
27436.1	-12257	0
27492.5	-12224.1	0
27451.9	-12190.9	0
27508.5	-12157.9	0
27501.7	-12124.8	0
27537.1	-12091.8	0
27497.8	-12058.5	0
27558	-12025.5	0
27559.2	-11992.3	0
27566.7	-11959.1	0
27586	-11925.9	0
27617.7	-11892.8	0
27635.9	-11859.6	0
27608.3	-11826.2	0
27669	-11793	0
27648.9	-11759.7	0
27677	-11726.4	0
27655.1	-11693	0
27730.8	-11659.9	0
27702	-11626.4	0
27732.6	-11593.1	0
27747.7	-11559.7	0
27777.3	-11526.4	0
27763.2	-11492.8	0
27768.6	-11459.4	0
27817	-11426.1	0
27790.5	-11392.5	0
27824.1	-11359.1	0
27824.6	-11325.5	0
27887.2	-11292.2	0
27840.7	-11258.5	0
27896.7	-11225	0
27894.3	-11191.4	0
27915.6	-11157.9	0
27892.7	-11124.2	0
27934	-11090.7	0
27952.9	-11057.1	0
27936.3	-11023.4	0
27979.5	-10989.8	0
27988.1	-10956.1	0
28021	-10922.4	0
27981.2	-10888.6	0
28051.8	-10855	0
28023.7	-10821.2	0
28047.8	-10787.5	0
28035.9	-10753.6	0
28094.5	-10720	0
28079	-10686.1	0
28090.4	-10652.3	0
28130.9	-10618.5	0
28131.3	-10584.6	0
28141.5	-10550.7	0
28128.5	-10516.8	0
28191.4	-10483	0
28144.8	-10449	0
28188.3	-10415.1	0
28186.5	-10381.2	0
28238.2	-10347.4	0
28202.7	-10313.2	0
28248.4	-10279.3	0
28264.5	-10245.3	0
28257	-10211.3	0
28264.4	-10177.2	0
28278	-10143.2	0
28312.9	-10109.2	0
28271.5	-10075	0
28337.3	-10041	0
28328.4	-10006.9	0
28364.3	-9972.84	0
28332.5	-9938.54	0
28398.4	-9904.56	0
28376.2	-9870.3	0
28380.4	-9836.11	0
28395.8	-9801.9	0
28417.9	-9767.79	0
28423.6	-9733.55	0
28412.2	-9699.25	0
28480.7	-9665.16	0
28451.9	-9630.8	0
28484.2	-9596.58	0
28468.3	-9562.2	0
28527.7	-9528.05	0
28477.4	-9493.54	0
28514	-9459.29	0
28526	-9424.94	0
28541.9	-9390.64	0
28537.1	-9356.21	0
28560.9	-9321.87	0
28602.9	-9287.55	0
28564.1	-9253.02	0
28608.6	-9218.66	0
28598.5	-9184.16	0
28635.1	-9149.79	0
28586.2	-9115.14	0
28654.2	-9080.84	0
28641.4	-9046.29	0
28657.5	-9011.82	0
28660.9	-8977.25	0
28699.9	-8942.84	0
28702	-8908.25	0
28680.9	-8873.6	0
28734	-8839.13	0
28711.4	-8804.47	0
28734.6	-8769.91	0
28710.7	-8735.2	0
28783.7	-8700.8	0
28741.3	-8666.01	0
28778.6	-8631.45	0
28786.7	-8596.76	0
28815.7	-8562.17	0
28794.1	-8527.36	0
28808.6	-8492.69	0
28845.3	-8458.05	0
28810.1	-8423.22	0
28842.8	-8388.54	0
28839.5	-8353.77	0
28890	-8319.16	0
28840.4	-8284.2	0
28907.4	-8249.59	0
28896.9	-8214.73	0
28913.3	-8179.96	0
28896.3	-8145.03	0
28934.8	-8110.31	0
28934.8	-8075.44	0
28911.5	-8040.51	0
28960.5	-8005.74	0
28952.9	-7970.85	0
28980.6	-7936.01	0
28952.5	-7900.99	0
29028.4	-7866.27	0
28985.4	-7831.2	0
29012.3	-7796.32	0
29007.7	-7761.32	0
29041.2	-7726.48	0
29014.1	-7691.37	0
29027.2	-7656.42	0
29069.9	-7621.52	0
29045.7	-7586.46	0
29075.2	-7551.5	0
29071.5	-7516.44	0
29124.9	-7481.53	0
29067	-7446.27	0
29123.1	-7411.35	0
29109.5	-7376.22	0
29127	-7341.2	0
29103.6	-7305.99	0
29146.7	-7271.02	0
29155.3	-7235.91	0
29134.5	-7200.73	0
29181.1	-7165.67	0
29176.1	-7130.52	0
29201.1	-7095.41	0
29161.6	-7060.09	0
29232.7	-7025.1	0
29188.7	-6989.78	0
29211.9	-6954.64	0
29206.2	-6919.39	0
29247.2	-6884.32	0
29224.9	-6848.99	0
29236.4	-6813.78	0
29281.7	-6778.64	0
29256.8	-6743.31	0
29279.7	-6708.06	0
29267.7	-6672.72	0
29319.9	-6637.58	0
29257.9	-6602.08	0
29310.8	-6566.92	0
29301.4	-6531.56	0
29323.2	-6496.32	0
29302.2	-6460.88	0
29344.6	-6425.66	0
29357.6	-6390.33	0
29330.3	-6354.88	0
29372.9	-6319.59	0
29361.9	-6284.17	0
29385.1	-6248.84	0
29340.1	-6213.28	0
29411.7	-6178.08	0
29371.7	-6142.53	0
29395.4	-6107.17	0
29393.9	-6071.71	0
29434	-6036.41	0
29414.9	-6000.86	0
29418.2	-5965.39	0
29463.8	-5930.03	0
29430.9	-5894.45	0
29452.7	-5859	0
29435.8	-5823.44	0
29489.8	-5788.11	0
29429.1	-5752.41	0
29482.8	-5717.04	0
29478.2	-5681.48	0
29496.9	-5646.02	0
29480	-5610.38	0
29514.4	-5574.92	0
29529.3	-5539.39	0
29492.1	-5503.71	0
29537.1	-5468.22	0
29519.3	-5432.59	0
29544.5	-5397.07	0
29499.9	-5361.31	0
29572.6	-5325.91	0
29535.5	-5290.18	0
29556.2	-5254.61	0
29560.7	-5218.96	0
29590.8	-5183.43	0
29575.8	-5147.7	0
29569.6	-5112.02	0
29619	-5076.48	0
29576	-5040.7	0
29603.1	-5005.08	0
29584.6	-4969.32	0
29638	-4933.8	0
29579.8	-4897.92	0
29632.4	-4862.37	0
29632.2	-4826.63	0
29639.8	-4790.95	0
29632.1	-4755.16	0
29655	-4719.49	0
29673.5	-4683.79	0
29626.7	-4647.89	0
29680.2	-4612.27	0
29654.4	-4576.46	0
29680.5	-4540.76	0
29640.2	-4504.85	0
29709.6	-4469.29	0
29674.2	-4433.39	0
29688.1	-4397.63	0
29703.6	-4361.83	0
29716.8	-4326.1	0
29710.4	-4290.23	0
29696.3	-4254.36	0
29751.8	-4218.68	0
29696.9	-4182.7	0
29731.8	-4146.94	0
29713.3	-4111.04	0
29759.2	-4075.35	0
29706.7	-4039.31	0
29754.9	-4003.6	0
29760.5	-3967.75	0
29751.4	-3931.87	0
29760.8	-3895.96	0
29769.7	-3860.12	0
29793	-3824.29	0
29738.8	-3788.22	0
29802.2	-3752.49	0
29767	-3716.48	0
29790	-3680.65	0
29759.6	-3644.62	0
29817.5	-3608.89	0
29786.4	-3572.86	0
29791	-3536.96	0
29823	-3501.07	0
29813.6	-3465.13	0
29821.2	-3429.17	0
29801.5	-3393.14	0
29860.6	-3357.36	0
29795.4	-3321.2	0
29837.2	-3285.35	0
29821.3	-3249.32	0
29850	-3213.46	0
29810.6	-3177.33	0
29848.9	-3141.48	0
29862.1	-3105.51	0
29833.3	-3069.44	0
29866.8	-3033.5	0
29859.2	-2997.49	0
29886.3	-2961.56	0
29831.5	-2925.36	0
29900.8	-2889.55	0
29857.7	-2853.4	0
29872.7	-2817.44	0
29860	-2781.34	0
29894.7	-2745.45	0
29873	-2709.33	0
29866.5	-2673.28	0
29916.3	-2637.37	0
29880.7	-2601.24	0
29906.8	-2565.23	0
29885.9	-2529.1	0
29940.9	-2493.23	0
29874.3	-2456.94	0
29919.3	-2421.01	0
29909.7	-2384.9	0
29911.5	-2348.87	0
29895.9	-2312.71	0
29915.4	-2276.72	0
29935.1	-2240.69	0
29888	-2204.48	0
29946.4	-2168.55	0
29920.7	-2132.39	0
29948.4	-2096.38	0
29906.1	-2060.12	0
29970.4	-2024.23	0
29927.7	-1987.99	0
29931.8	-1951.9	0
29944.6	-1915.8	0
29943.6	-1879.71	0
29938.3	-1843.55	0
29920	-1807.39	0
29979.3	-1771.46	0
29919.4	-1735.18	0
29962.6	-1699.17	0
29945.6	-1662.98	0
29983.4	-1626.99	0
29934	-1590.67	0
29974.6	-1554.67	0
29976.8	-1518.52	0
29948.4	-1482.32	0
29967.9	-1446.2	0
29960.1	-1410.08	0
29982.2	-1373.99	0
29925.6	-1337.68	0
29996.6	-1301.74	0
29953.7	-1265.47	0
29974.5	-1229.39	0
29959	-1193.16	0
29999.2	-1157.14	0
29971.5	-1120.89	0
29966	-1084.72	0
30008	-1048.66	0
29968	-1012.4	0
29988	-976.28	0
29962.8	-940.037	0
30014	-904.045	0
29943.8	-867.662	0
29992.1	-831.652	0
29980.4	-795.444	0
29983.8	-759.318	0
29970.3	-723.073	0
29991.4	-686.987	0
30007.3	-650.845	0
29958.7	-614.541	0
30017	-578.514	0
29982.9	-542.244	0
30005.9	-506.13	0
29962.3	-469.784	0
30022.1	-433.819	0
29973.5	-397.498	0
29978.6	-361.334	0
29994.6	-325.189	0
29986.2	-289.041	0
29984.8	-252.827	0
29968.5	-216.602	0
30025.7	-180.605	0
29959.4	-144.231	0
30007.2	-108.169	0
29986.9	-71.9327	0
30013.8	-35.8574	0
29967.9	0.500793	0
30005.4	36.5479	0
30003.2	72.7496	0
29966.9	109.011	0
29997.9	145.138	0
29979.5	181.339	0
29999.5	217.454	0
29946.5	253.792	0
30018.1	289.74	0
29966.3	326.056	0
29985.5	362.167	0
29980	398.396	0
30002.6	434.455	0
29978.8	470.721	0
29972	506.913	0
30017.2	542.974	0
29960.1	579.297	0
29992.6	615.397	0
29966.1	651.653	0
30005.1	687.674	0
29938.6	724.063	0
29988.4	760.062	0
29973.9	796.274	0
29959.4	832.448	0
29966.6	868.626	0
29971	904.743	0
29984.8	940.858	0
29934	977.173	0
30003.6	1013.13	0
29953	1049.41	0
29975.9	1085.51	0
29949	1121.77	0
29990.8	1157.76	0
29945.2	1194.07	0
29947.9	1230.21	0
29976	1266.29	0
29935.8	1302.52	0
29952.5	1338.62	0
29930.6	1374.83	0
29976.7	1410.8	0
29904.2	1447.16	0
29961.8	1483.11	0
29939.1	1519.31	0
29943.1	1555.4	0
29927.2	1591.62	0
29949.5	1627.64	0
29950	1663.77	0
29904.4	1700.02	0
29961.8	1735.99	0
29915.6	1772.21	0
29936.5	1808.27	0
29896.7	1844.52	0
29951.4	1880.43	0
29892.4	1916.71	0
29906.7	1952.75	0
29920.1	1988.81	0
29899.5	2024.92	0
29901.3	2061.03	0
29888.3	2097.14	0
29933.4	2133.08	0
29860.6	2169.37	0
29918.5	2205.28	0
29889	2241.44	0
29904.1	2277.45	0
29868.9	2313.66	0
29904.3	2349.59	0
29890.5	2385.7	0
29853.6	2421.85	0
29897.7	2457.82	0
29859.6	2493.95	0
29876.5	2529.94	0
29832.5	2566.12	0
29894.5	2601.94	0
29827.7	2638.16	0
29851.8	2674.12	0
29852.6	2710.16	0
29847.4	2746.14	0
29834.9	2782.23	0
29831.1	2818.24	0
29869.3	2854.13	0
29799.1	2890.33	0
29853.8	2926.19	0
29820.2	2962.29	0
29841.1	2998.19	0
29793.5	3034.36	0
29839	3070.18	0
29812.7	3106.25	0
29785.9	3142.29	0
29818.4	3178.19	0
29788.6	3214.2	0
29799.8	3250.14	0
29756.5	3286.22	0
29820.4	3321.97	0
29748.2	3358.12	0
29779.1	3393.95	0
29769.6	3429.93	0
29774.4	3465.79	0
29750.1	3501.82	0
29755.2	3537.71	0
29784.2	3573.54	0
29718.3	3609.63	0
29769.9	3645.41	0
29734.5	3681.4	0
29757.7	3717.21	0
29703.8	3753.29	0
29756.7	3788.98	0
29719.7	3824.97	0
29702.2	3860.89	0
29725.8	3896.7	0
29701.7	3932.59	0
29706.6	3968.44	0
29666.6	4004.4	0
29728.2	4040.05	0
29651.6	4076.09	0
29687.4	4111.8	0
29670.1	4147.69	0
29679.4	4183.44	0
29647.2	4219.37	0
29659.8	4255.1	0
29679.1	4290.85	0
29617.6	4326.81	0
29667.7	4362.46	0
29631.1	4398.34	0
29654.1	4434.03	0
29599.2	4469.99	0
29656.7	4505.55	0
29610.9	4541.45	0
29601.9	4577.21	0
29620.1	4612.92	0
29598	4648.67	0
29598.2	4684.41	0
29563	4720.23	0
29619.9	4755.76	0
29539.3	4791.69	0
29579.8	4827.27	0
29556	4863.04	0
29564.9	4898.66	0
29528.5	4934.46	0
29546.1	4970.04	0
29555.1	5005.68	0
29496.8	5041.49	0
29547.1	5077	0
29507	5112.73	0
29528.4	5148.29	0
29475.9	5184.09	0
29534.9	5219.5	0
29481.7	5255.28	0
29480.7	5290.87	0
29497.2	5326.44	0
29473.5	5362.06	0
29473.2	5397.67	0
29443.9	5433.32	0
29495.6	5468.71	0
29412.9	5504.5	0
29459.6	5539.9	0
29430.8	5575.53	0
29436.4	5611.01	0
29401.2	5646.68	0
29420.6	5682.1	0
29419.6	5717.62	0
29363.4	5753.27	0
29415.3	5788.61	0
29367.4	5824.2	0
29386.2	5859.59	0
29337.4	5895.21	0
29392.3	5930.46	0
29331.9	5966.1	0
29337	6001.49	0
29351.9	6036.89	0
29321.1	6072.35	0
29324.1	6107.77	0
29298.7	6143.23	0
29343.6	6178.47	0
29260.6	6214.1	0
29315.1	6249.3	0
29281.5	6284.76	0
29283.3	6320.07	0
29256.4	6355.53	0
29274.8	6390.78	0
29267.5	6426.13	0
29215.9	6461.6	0
29272.7	6496.75	0
29215.4	6532.18	0
29235.9	6567.42	0
29194	6602.84	0
29241.1	6637.93	0
29177.4	6673.39	0
29188.6	6708.59	0
29202	6743.8	0
29159.9	6779.11	0
29171	6814.34	0
29144.9	6849.61	0
29180.1	6884.68	0
29098.2	6920.12	0
29158	6955.11	0
29115.9	6990.41	0
29111.7	7025.54	0
29096.2	7060.77	0
29105	7095.84	0
29093	7131.01	0
29045.9	7166.26	0
29105.2	7201.19	0
29035	7236.47	0
29060.4	7271.47	0
29025.2	7306.68	0
29058.9	7341.59	0
28998.1	7376.85	0
29014.2	7411.8	0
29025.1	7446.81	0
28971.5	7481.95	0
28997.4	7516.92	0
28966.1	7551.99	0
28992.4	7586.88	0
28918	7622.09	0
28980.5	7656.84	0
28929.8	7691.94	0
28922.6	7726.88	0
28922.7	7761.84	0
28915	7796.73	0
28904.8	7831.69	0
28863.9	7866.69	0
28922.3	7901.4	0
28840	7936.5	0
28874.9	7971.26	0
28844.4	8006.2	0
28859.8	8040.95	0
28810.8	8075.96	0
28827.2	8110.68	0
28833.5	8145.47	0
28770.6	8180.41	0
28814.5	8215.08	0
28770.7	8249.95	0
28789.8	8284.62	0
28728.9	8319.57	0
28785.5	8354.1	0
28728	8388.98	0
28720.9	8423.68	0
28735.9	8458.35	0
28704.1	8493.08	0
28704.3	8527.78	0
28668	8562.53	0
28718.4	8597	0
28629.7	8631.89	0
28675.6	8666.38	0
28645	8701.06	0
28639.9	8735.62	0
28612.8	8770.33	0
28620.2	8804.83	0
28621.5	8839.38	0
28555.7	8874.1	0
28615.4	8908.45	0
28553.4	8943.12	0
28570.7	8977.57	0
28527.8	9012.21	0
28566.5	9046.53	0
28510.1	9081.17	0
28505.2	9115.61	0
28530.1	9149.98	0
28471.6	9184.53	0
28492	9218.9	0
28455.1	9253.4	0
28490.7	9287.65	0
28407.9	9322.28	0
28459.8	9356.46	0
28424.7	9390.9	0
28402.1	9425.26	0
28404.7	9459.6	0
28390.2	9493.89	0
28391.1	9528.16	0
28330.7	9562.61	0
28396.1	9596.67	0
28316.3	9631.13	0
28338.3	9665.28	0
28313.2	9699.59	0
28321.8	9733.71	0
28281.1	9768.05	0
28275.7	9802.21	0
28301.8	9836.29	0
28223	9870.62	0
28268.6	9904.64	0
28222.6	9938.87	0
28240.8	9972.88	0
28179.3	10007.2	0
28223.1	10041.1	0
28184	10075.3	0
28152	10109.4	0
28183.3	10143.3	0
28135.9	10177.4	0
28146.4	10211.4	0
28096.7	10245.5	0
28150.6	10279.3	0
28064.7	10313.5	0
28094.3	10347.4	0
28080.4	10381.3	0
28053.5	10415.3	0
28045.1	10449.2	0
28028.5	10483.1	0
28048.6	10516.9	0
27965.7	10551	0
28029.8	10584.6	0
27968.1	10618.6	0
27973.6	10652.4	0
27945	10686.3	0
27959.6	10719.9	0
27926.9	10753.8	0
27893.7	10787.6	0
27940.9	10821.2	0
27860.5	10855.1	0
27891.6	10888.7	0
27849.8	10922.5	0
27875.8	10956	0
27806.9	10989.9	0
27835.3	11023.4	0
27824.1	11057	0
27769.5	11090.8	0
27801.5	11124.3	0
27758.3	11157.9	0
27773.4	11191.4	0
27706.2	11225.1	0
27766.2	11258.4	0
27694.2	11292.1	0
27695.6	11325.6	0
27698.5	11359.1	0
27667.5	11392.5	0
27660.5	11426	0
27626.4	11459.5	0
27668.7	11492.8	0
27574.4	11526.4	0
27625.7	11559.6	0
27583.2	11593.1	0
27576	11626.4	0
27548.5	11659.8	0
27553.4	11693	0
27543.7	11726.3	0
27480.6	11759.8	0
27540.7	11792.8	0
27464.3	11826.2	0
27483.8	11859.4	0
27443.3	11892.7	0
27469.1	11925.8	0
27410.1	11959.1	0
27409.3	11992.2	0
27428.1	12025.3	0
27354.9	12058.6	0
27388.4	12091.6	0
27342.8	12124.7	0
27365.1	12157.7	0
27289.8	12191	0
27339.5	12223.8	0
27293	12256.9	0
27263.6	12290	0
27284.1	12322.9	0
27242.2	12355.9	0
27246.6	12388.8	0
27192.2	12421.9	0
27247.8	12454.6	0
27155.9	12487.7	0
27185.4	12520.4	0
27165.6	12553.3	0
27140.4	12586.2	0
27125.8	12619	0
27108.3	12651.8	0
27125.7	12684.5	0
27039.2	12717.5	0
27102.7	12750	0
27035.9	12782.9	0
27040.1	12815.6	0
27009.8	12848.4	0
27019.9	12880.9	0
26985.5	12913.7	0
26949.7	12946.4	0
26996	12978.8	0
26908.2	13011.6	0
26941.7	13044.1	0
26896.9	13076.7	0
26915.3	13109.1	0
26849.7	13141.8	0
26872.9	13174.2	0
26860.3	13206.7	0
26797.6	13239.3	0
26838.1	13271.6	0
26782.2	13304.1	0
26796.4	13336.5	0
26732.9	13369	0
26784	13401.2	0
26710.8	13433.7	0
26708	13466	0
26718.7	13498.2	0
26666.3	13530.6	0
26673.3	13562.8	0
26631.9	13595.2	0
26667.2	13627.2	0
26572.9	13659.7	0
26625	13691.7	0
26579.9	13724	0
26556	13756.1	0
26551.6	13788.3	0
26531.8	13820.3	0
26527.8	13852.4	0
26461.9	13884.6	0
26524.8	13916.5	0
26433.8	13948.7	0
26455.3	13980.6	0
26427.7	14012.6	0
26421.3	14044.5	0
26384.9	14076.6	0
26370.8	14108.5	0
26393.1	14140.3	0
26301.5	14172.4	0
26356	14204.1	0
26295.8	14236.1	0
26302.4	14267.8	0
26253.8	14299.7	0
26277.1	14331.4	0
26238.6	14363.2	0
26195.5	14395	0
26240.5	14426.6	0
26159.9	14458.5	0
26183	14490	0
26133.9	14521.8	0
26162.7	14553.3	0
26085.8	14585.1	0
26106.5	14616.6	0
26097.9	14648.1	0
26033.5	14679.8	0
26064.4	14711.2	0
26013.7	14742.8	0
26028.5	14774.2	0
25954.4	14805.9	0
26009.1	14837.1	0
25937.5	14868.7	0
25926.5	14900.1	0
25936.6	14931.4	0
25887.4	14962.8	0
25889	14994.1	0
25842.6	15025.5	0
25883.4	15056.6	0
25784.2	15088.2	0
25830.5	15119.2	0
25790.3	15150.5	0
25761.8	15181.7	0
25754.8	15212.9	0
25732.5	15244.1	0
25732.4	15275.2	0
25657.5	15306.5	0
25721.8	15337.3	0
25632.1	15368.6	0
25646.4	15399.6	0
25621.2	15430.6	0
25610.1	15461.6	0
25577	15492.6	0
25553	15523.6	0
25582.2	15554.4	0
25483.8	15585.5	0
25537	15616.2	0
25477.8	15647.2	0
25478.4	15678	0
25434.2	15709	0
25447.2	15739.6	0
25417.6	15770.5	0
25362.2	15801.3	0
25414.2	15831.9	0
25326.3	15862.7	0
25349.5	15893.3	0
25301.4	15924.1	0
25321.3	15954.6	0
25253.2	15985.4	0
25260.2	16015.9	0
25262.5	16046.4	0
25183.5	16077.1	0
25224.7	16107.5	0
25164.6	16138.1	0
25178.1	16168.5	0
25108.9	16199.1	0
25151.7	16229.3	0
25089.9	16259.9	0
25063.8	16290.2	0
25089.2	16320.5	0
25019.6	16350.9	0
25034	16381.2	0
24981	16411.6	0
25016.2	16441.6	0
24923.2	16472.1	0
24958.8	16502.2	0
24929.7	16532.4	0
24879.5	16562.6	0
24895.8	16592.7	0
24850.6	16622.9	0
24859.2	16652.9	0
24782.4	16683.2	0
24841.6	16713	0
24754.5	16743.2	0
24757.2	16773.1	0
24751.7	16803.1	0
24708.9	16833	0
24701.8	16863	0
24660.2	16892.9	0
24693.2	16922.6	0
24590.5	16952.7	0
24644.5	16982.3	0
24588.7	17012.3	0
24567.1	17042	0
24554.6	17071.8	0
24533.2	17101.5	0
24523	17131.2	0
24455.1	17161	0
24515.1	17190.4	0
24414.8	17220.3	0
24438.5	17249.7	0
24406.2	17279.4	0
24390	17308.9	0
24356.4	17338.5	0
24336.8	17368	0
24353.3	17397.3	0
24255.7	17427	0
24315.4	17456.2	0
24242.8	17485.7	0
24242.6	17515	0
24205	17544.5	0
24208.7	17573.7	0
24172.7	17603.1	0
24125.4	17632.4	0
24172.9	17661.5	0
24071.8	17690.9	0
24105.7	17720	0
24055.6	17749.2	0
24059.6	17778.2	0
24001.6	17807.5	0
24007.8	17836.5	0
23998.8	17865.5	0
23917.7	17894.7	0
23971.6	17923.5	0
23892.9	17952.7	0
23904.3	17981.6	0
23850	18010.6	0
23873.9	18039.3	0
23811.5	18068.4	0
23790.7	18097.2	0
23816.6	18125.9	0
23724.8	18154.9	0
23759	18183.5	0
23701.1	18212.4	0
23715.7	18241	0
23640.4	18269.9	0
23670	18298.4	0
23632.6	18327.1	0
23574.8	18355.8	0
23614.8	18384.2	0
23538.5	18412.9	0
23552.3	18441.4	0
23491.1	18470	0
23526.7	18498.3	0
23442.5	18527	0
23448.7	18555.3	0
23448.6	18583.7	0
23372.2	18612.2	0
23399.8	18640.4	0
23342.2	18668.8	0
23358	18697	0
23274.7	18725.5	0
23321.4	18753.5	0
23257.2	18781.8	0
23225.1	18810	0
23246.8	18838.1	0
23178.2	18866.3	0
23187.7	18894.4	0
23128.3	18922.6	0
23166.1	18950.4	0
23067.7	18978.7	0
23097.6	19006.5	0
23070.6	19034.5	0
23012.7	19062.5	0
23030	19090.3	0
22977.6	19118.3	0
22987.3	19146	0
22905.1	19174.1	0
22960.7	19201.6	0
22874.2	19229.6	0
22867.4	19257.3	0
22868.9	19284.9	0
22810.4	19312.7	0
22812.5	19340.3	0
22760.5	19368	0
22792	19395.5	0
22688.2	19423.3	0
22736.2	19450.6	0
22683.8	19478.2	0
22645.2	19505.8	0
22651.2	19533.2	0
22605.4	19560.6	0
22605.1	19588	0
22531.5	19615.5	0
22587.2	19642.6	0
22484.9	19670.2	0
22501.2	19697.4	0
22482.2	19724.6	0
22433.9	19751.9	0
22428.7	19779.1	0
22386.2	19806.3	0
22405.5	19833.3	0
22304.6	19860.7	0
22363.9	19887.5	0
22288.9	19914.7	0
22269.7	19941.7	0
22264.4	19968.7	0
22224.1	19995.7	0
22213.6	20022.6	0
22152.9	20049.7	0
22200.9	20076.3	0
22090	20103.4	0
22126.1	20130.1	0
22086.7	20156.9	0
22048.5	20183.7	0
22038	20210.5	0
22003.4	20237.2	0
22007.9	20263.8	0
21917	20290.6	0
21980	20317	0
21886.2	20343.8	0
21886.4	20370.3	0
21869.9	20396.8	0
21832.5	20423.3	0
21815	20449.8	0
21767.9	20476.3	0
21802.2	20502.5	0
21690.4	20529.2	0
21741.9	20555.3	0
21682	20581.7	0
21654.7	20608	0
21641.2	20634.3	0
21610.3	20660.5	0
21601.3	20686.7	0
21525.1	20713	0
21584	20738.9	0
21476.5	20765.2	0
21496.2	20791.2	0
21466.7	20817.3	0
21430.7	20843.3	0
21411.1	20869.3	0
21374.6	20895.3	0
21391.9	20921.1	0
21287	20947.2	0
21348.1	20972.8	0
21268	20998.8	0
21253.9	21024.6	0
21238.2	21050.4	0
21205.8	21076.1	0
21188	21101.9	0
21127.8	21127.6	0
21175.6	21153.1	0
21061.1	21179	0
21099.1	21204.4	0
21053.9	21230	0
21019.8	21255.5	0
21003	21281.1	0
20970.7	21306.5	0
20972.1	21331.9	0
20880.1	21357.5	0
20943.2	21382.6	0
20845.3	21408.2	0
20847.5	21433.4	0
20827.5	21458.7	0
20789.4	21483.9	0
20770.6	21509.2	0
20723.2	21534.4	0
20754.8	21559.4	0
20641.6	21584.8	0
20694.4	21609.7	0
20630.4	21634.8	0
20601.8	21659.9	0
20590.7	21684.9	0
20554.3	21709.8	0
20545.3	21734.7	0
20469.5	21759.8	0
20526	21784.4	0
20415.3	21809.5	0
20436.5	21834.2	0
20407.2	21859	0
20362.7	21883.7	0
20350.8	21908.5	0
20308.4	21933.2	0
20323.2	21957.7	0
20219.8	21982.6	0
20280.3	22006.9	0
20196.3	22031.6	0
20179.2	22056.1	0
20172.2	22080.6	0
20124.7	22105.1	0
20114.8	22129.5	0
20053.2	22154	0
20095.5	22178.1	0
19981.2	22202.7	0
20020.1	22226.8	0
19975.1	22251.2	0
19928.3	22275.4	0
19928.7	22299.6	0
19880.7	22323.8	0
19883.8	22347.8	0
19796	22372.2	0
19853.7	22396	0
19753.7	22420.2	0
19753.9	22444.1	0
19744.4	22468.1	0
19683.1	22492.1	0
19683.4	22516	0
19627.7	22539.9	0
19652.5	22563.6	0
19545.7	22587.7	0
19595.4	22611.2	0
19531	22635.1	0
19490.1	22658.8	0
19502.2	22682.4	0
19438.4	22706.1	0
19440.8	22729.7	0
19368.6	22753.4	0
19412.6	22776.7	0
19306.7	22800.5	0
19325	22823.8	0
19304.2	22847.2	0
19233.4	22870.8	0
19251.7	22894	0
19188.9	22917.5	0
19200.5	22940.7	0
19110.4	22964.2	0
19158.2	22987.1	0
19077.4	23010.5	0
19050.7	23033.7	0
19066.6	23056.7	0
18983	23080	0
18998.1	23103	0
18932.9	23126.1	0
18957.3	23148.9	0
18859.9	23172.2	0
18888.7	23194.9	0
18850.5	23217.9	0
18780.8	23240.8	0
18816.5	23263.5	0
18734.6	23286.5	0
18745.1	23309.1	0
18673.4	23332	0
18704.8	23354.5	0
18619.7	23377.4	0
18609.5	23400	0
18617.4	23422.5	0
18519.6	23445.2	0
18556.5	23467.6	0
18483.9	23490.3	0
18492.1	23512.6	0
18415.6	23535.2	0
18439.1	23557.4	0
18386.6	23579.9	0
18329.1	23602.3	0
18371.8	23624.4	0
18266.8	23646.8	0
18291.1	23668.9	0
18229	23691.2	0
18235.6	23713.2	0
18164.2	23735.5	0
18161.3	23757.5	0
18153.3	23779.5	0
18055.3	23801.8	0
18111.5	23823.5	0
18018.6	23845.6	0
18024	23867.4	0
17971.3	23889.4	0
17971.7	23911.1	0
17919.9	23933.1	0
17877.1	23954.9	0
17911.4	23976.4	0
17792.6	23998.4	0
17838.9	24019.9	0
17770.5	24041.6	0
17756.3	24063.2	0
17713.4	24084.8	0
17698.4	24106.3	0
17678.9	24127.7	0
17594.6	24149.4	0
17654.8	24170.5	0
17540.7	24192.2	0
17558.7	24213.4	0
17519.1	24234.8	0
17487.5	24256	0
17457.6	24277.3	0
17417.8	24298.6	0
17434.4	24319.6	0
17321	24341	0
17381.7	24361.8	0
17295.5	24383.1	0
17276.2	24404.1	0
17262.6	24425.1	0
17216.3	24446.1	0
17203.4	24467	0
17135	24488	0
17179.3	24508.6	0
17059.9	24529.7	0
17095	24550.3	0
17050.9	24571.1	0
16995.5	24591.9	0
17000.8	24612.5	0
16942.2	24633.2	0
16947.6	24653.7	0
16856.3	24674.5	0
16908.8	24694.8	0
16810.1	24715.5	0
16800.8	24735.9	0
16800.9	24756.3	0
16718.9	24776.8	0
16734	24797	0
16666.8	24817.5	0
16685.7	24837.6	0
16586.5	24858.1	0
16622.9	24878.1	0
16566	24898.4	0
16506.7	24918.6	0
16540.8	24938.5	0
16447.4	24958.7	0
16462.2	24978.7	0
16392.5	24998.8	0
16413.8	25018.6	0
16326.9	25038.7	0
16325.9	25058.5	0
16319.9	25078.3	0
16219.4	25098.3	0
16268.3	25117.9	0
16180.5	25137.8	0
16185.1	25157.3	0
16121.6	25177.2	0
16130.5	25196.7	0
16074.4	25216.4	0
16025.3	25236	0
16063.7	25255.3	0
15943	25275	0
15983.8	25294.3	0
15916.6	25313.8	0
15902.6	25333.1	0
15854.8	25352.6	0
15838.1	25371.8	0
15822.5	25391	0
15729.7	25410.4	0
15791.9	25429.3	0
15677.9	25448.7	0
15689.8	25467.7	0
15653.4	25486.9	0
15616	25505.9	0
15590	25524.9	0
15541.9	25543.9	0
15563.4	25562.7	0
15445.4	25581.8	0
15503	25600.4	0
15421.2	25619.4	0
15391.1	25638.2	0
15387.7	25656.9	0
15327.7	25675.6	0
15323.4	25694.2	0
15248.4	25713	0
15290.7	25731.4	0
15174.8	25750.2	0
15200.1	25768.5	0
15166.8	25787	0
15093.4	25805.6	0
15115.6	25823.9	0
15041.2	25842.3	0
15050	25860.6	0
14962.8	25879	0
15002.1	25897.1	0
14915.4	25915.5	0
14890	25933.6	0
14907	25951.6	0
14802.1	25969.9	0
14833.9	25987.9	0
14759.5	26006	0
14766.6	26023.9	0
14687.1	26042	0
14699.8	26059.7	0
14660.2	26077.7	0
14581.8	26095.6	0
14634.7	26113.2	0
14520.9	26131.2	0
14541.2	26148.8	0
14483.5	26166.6	0
14473.2	26184.1	0
14418.6	26201.8	0
14390.7	26219.4	0
14399.9	26236.8	0
14283.6	26254.6	0
14345.7	26271.7	0
14250.3	26289.3	0
14239.2	26306.7	0
14211	26324	0
14173.3	26341.3	0
14151	26358.6	0
14083.4	26375.9	0
14126.1	26392.9	0
14000.2	26410.3	0
14040.3	26427.2	0
13986.6	26444.4	0
13932.7	26461.5	0
13936.9	26478.4	0
13873.1	26495.4	0
13876.9	26512.2	0
13785.7	26529.3	0
13834.6	26545.9	0
13730.9	26562.9	0
13723.8	26579.6	0
13722.4	26596.3	0
13628.8	26613.1	0
13654.8	26629.6	0
13578.9	26646.4	0
13590.3	26662.8	0
13500.7	26679.5	0
13526.6	26695.8	0
13469.2	26712.4	0
13405.6	26728.9	0
13448.9	26745	0
13334.5	26761.6	0
13360.1	26777.7	0
13293.9	26794.1	0
13290.4	26810.2	0
13225.8	26826.6	0
13209.6	26842.6	0
13205	26858.7	0
13095.7	26875	0
13159	26890.7	0
13053.2	26906.9	0
13052.2	26922.7	0
13016.3	26938.7	0
12981.7	26954.5	0
12953.4	26970.4	0
12893.6	26986.3	0
12928.2	27001.8	0
12801.1	27017.8	0
12850.3	27033.3	0
12782.7	27049	0
12736.2	27064.6	0
12739.4	27080.1	0
12672.6	27095.7	0
12673.8	27111.1	0
12588.1	27126.7	0
12632.6	27141.8	0
12522.9	27157.5	0
12527.6	27172.7	0
12515.3	27187.9	0
12421.3	27203.3	0
12454.1	27218.3	0
12371.6	27233.6	0
12379.9	27248.6	0
12296.9	27263.9	0
12319.5	27278.7	0
12254.4	27293.8	0
12200.9	27308.9	0
12239.8	27323.6	0
12117.2	27338.7	0
12153.3	27353.4	0
12083.1	27368.3	0
12070.8	27383	0
12016.8	27397.8	0
11997	27412.4	0
11984.2	27427	0
11882.5	27441.8	0
11946.6	27456.1	0
11829.4	27470.9	0
11836	27485.3	0
11804.4	27499.7	0
11753.1	27514.1	0
11737.8	27528.5	0
11677.2	27542.9	0
11700.5	27557	0
11581	27571.5	0
11632.6	27585.5	0
11555.5	27599.8	0
11508.9	27613.9	0
11525.9	27627.9	0
11437.9	27642.1	0
11448.4	27656	0
11370.3	27670.1	0
11396.9	27683.8	0
11296.9	27697.9	0
11303.2	27711.6	0
11285.4	27725.4	0
11184.3	27739.3	0
11235.5	27752.8	0
11135.5	27766.7	0
11141.5	27780.2	0
11079	27793.9	0
11076.4	27807.3	0
11021.7	27820.9	0
10971.2	27834.4	0
11005.5	27847.7	0
10874.2	27861.4	0
10925.2	27874.5	0
10849.3	27887.9	0
10818.8	27901.2	0
10796.7	27914.4	0
10750.3	27927.6	0
10741.5	27940.7	0
10650.5	27954	0
10705	27966.8	0
10583.8	27980.1	0
10596.1	27993	0
10573	28005.9	0
10491	28018.9	0
10510.2	28031.7	0
10432.7	28044.6	0
10444.1	28057.3	0
10348.9	28070.2	0
10382.8	28082.7	0
10307.7	28095.5	0
10258.9	28108.1	0
10292.6	28120.6	0
10172.6	28133.3	0
10206.7	28145.6	0
10132.4	28158.3	0
10126	28170.5	0
10063.3	28183.1	0
10048.4	28195.3	0
10031.8	28207.6	0
9929.61	28220.1	0
9994.04	28232	0
9873.37	28244.4	0
9882.03	28256.4	0
9847.41	28268.5	0
9795.55	28280.6	0
9780.25	28292.6	0
9718.05	28304.6	0
9740.08	28316.4	0
9620.19	28328.5	0
9671.56	28340.1	0
9592.21	28352	0
9544.15	28363.8	0
9564.93	28375.4	0
9468.67	28387.3	0
9483.67	28398.8	0
9405.41	28410.5	0
9424.83	28421.9	0
9331.25	28433.6	0
9332.3	28444.9	0
9315.99	28456.3	0
9209.58	28467.9	0
9268.16	28479	0
9159.58	28490.6	0
9164.45	28501.7	0
9112.66	28513	0
9091.52	28524.1	0
9050.36	28535.3	0
8993.26	28546.4	0
9026.64	28557.3	0
8893.88	28568.6	0
8947	28579.3	0
8871.34	28590.4	0
8827.27	28601.3	0
8828.25	28612.1	0
8756.82	28622.9	0
8758.87	28633.6	0
8671.53	28644.5	0
8712.32	28654.9	0
8601.36	28665.9	0
8605.56	28676.3	0
8592.43	28686.8	0
8488.85	28697.5	0
8533.27	28707.8	0
8438.55	28718.4	0
8443.63	28728.6	0
8373	28739.1	0
8375.96	28749.3	0
8320.92	28759.6	0
8261.06	28769.9	0
8303.17	28779.9	0
8167.82	28790.3	0
8213.85	28800.2	0
8143.44	28810.4	0
8106.57	28820.4	0
8087.35	28830.4	0
8034.69	28840.3	0
8032.07	28850.1	0
7933.37	28860.1	0
7988.44	28869.6	0
7871.77	28879.7	0
7871.47	28889.3	0
7861.43	28898.9	0
7764.69	28908.7	0
7793.85	28918.2	0
7709.16	28927.8	0
7718.46	28937.2	0
7631.3	28946.9	0
7648.99	28956.1	0
7590.61	28965.6	0
7523.59	28975	0
7571.2	28984.1	0
7439.27	28993.6	0
7475.5	29002.6	0
7409	29011.9	0
7380.11	29021	0
7345.16	29030.1	0
7302.58	29039.2	0
7302.23	29048.1	0
7192.45	29057.3	0
7254.94	29065.9	0
7140.37	29075	0
7132	29083.8	0
7124.65	29092.5	0
7034.81	29101.4	0
7052.34	29110	0
6972.3	29118.7	0
6987.78	29127.2	0
6888.86	29136	0
6912.16	29144.4	0
6858.12	29152.9	0
6781.7	29161.5	0
6832.89	29169.7	0
6706.22	29178.3	0
6733.4	29186.4	0
6669.54	29194.8	0
6646.49	29203	0
6602.77	29211.3	0
6561.91	29219.4	0
6568.41	29227.4	0
6449.12	29235.7	0
6513.85	29243.4	0
6405.85	29251.7	0
6387.67	29259.6	0
6383.99	29267.4	0
6297.92	29275.4	0
6309.36	29283.1	0
6229.57	29291	0
6250.75	29298.5	0
6145.92	29306.4	0
6167.25	29313.9	0
6122.71	29321.5	0
6035.55	29329.2	0
6090.1	29336.5	0
5967.98	29344.2	0
5987.69	29351.5	0
5926.91	29359	0
5905.15	29366.2	0
5860.31	29373.6	0
5814.54	29380.9	0
5830.2	29387.9	0
5703.55	29395.4	0
5766.8	29402.2	0
5668.13	29409.5	0
5638.45	29416.5	0
5641.21	29423.5	0
5554.04	29430.5	0
5564.68	29437.3	0
5482.94	29444.4	0
5507.07	29451	0
5402.67	29458	0
5415.78	29464.6	0
5384.4	29471.3	0
5285.25	29478.2	0
5344.04	29484.5	0
5225.14	29491.3	0
5237.85	29497.7	0
5182.88	29504.3	0
5156.16	29510.7	0
5117.49	29517.1	0
5062.17	29523.5	0
5087.29	29529.6	0
4956.18	29536.2	0
5014.58	29542.2	0
4927.85	29548.5	0
4884.03	29554.7	0
4897.36	29560.7	0
4803.98	29566.9	0
4817.41	29572.8	0
4734.37	29578.9	0
4756.47	29584.6	0
4659.35	29590.7	0
4658.86	29596.4	0
4643.29	29602.2	0
4531.32	29608.1	0
4594.95	29613.6	0
4479.05	29619.5	0
4482.97	29625	0
4438.96	29630.6	0
4400	29636.1	0
4373.77	29641.7	0
4306.67	29647.2	0
4339.13	29652.4	0
4208.02	29658.1	0
4257.33	29663.1	0
4185.94	29668.6	0
4124.51	29673.8	0
4152.74	29678.9	0
4049.32	29684.2	0
4066.39	29689.2	0
3985.92	29694.4	0
3998.59	29699.2	0
3916.38	29704.4	0
3897.56	29709.3	0
3899.07	29714.1	0
3775.09	29719.2	0
3842.21	29723.7	0
3731.53	29728.7	0
3722.35	29733.3	0
3696.14	29738	0
3637.65	29742.6	0
3628.28	29747.2	0
3550.22	29751.9	0
3584.71	29756.1	0
3460.61	29760.9	0
3494.91	29765.1	0
3443.05	29769.5	0
3360.83	29774	0
3406.65	29778	0
3292.26	29782.5	0
3310.15	29786.5	0
3239.54	29790.8	0
3233.27	29794.8	0
3173.97	29799	0
3133.38	29803	0
3150.66	29806.9	0
3018.88	29811.1	0
3084.49	29814.7	0
2984.41	29818.7	0
2955.87	29822.5	0
2954.5	29826.2	0
2870.89	29830	0
2879.56	29833.6	0
2795.42	29837.4	0
2822.55	29840.8	0
2715.71	29844.6	0
2727.46	29847.9	0
2698.85	29851.4	0
2595.21	29855	0
2657.27	29858.1	0
2535.6	29861.7	0
2547.41	29864.8	0
2496.68	29868.1	0
2460.99	29871.3	0
2431.57	29874.5	0
2368.8	29877.6	0
2395.93	29880.5	0
2265.87	29883.9	0
2320.3	29886.6	0
2238.88	29889.7	0
2184.79	29892.6	0
2212.65	29895.3	0
2102.67	29898.3	0
2125.56	29900.9	0
2045.07	29903.8	0
2051.44	29906.3	0
1974.51	29909.1	0
1956.22	29911.6	0
1951.49	29914.1	0
1831.52	29916.8	0
1901.68	29919	0
1782.22	29921.6	0
1777.73	29923.9	0
1757.29	29926.2	0
1683.84	29928.6	0
1687.31	29930.7	0
1607.28	29933.1	0
1632.06	29935	0
1519.35	29937.4	0
1548.82	29939.3	0
1494.56	29941.4	0
1412.5	29943.5	0
1467.15	29945.2	0
1337.22	29947.3	0
1364.11	29949	0
1301.09	29950.9	0
1271.67	29952.6	0
1236.53	29954.4	0
1184.28	29956.1	0
1197.54	29957.6	0
1074.86	29959.4	0
1136.66	29960.7	0
1034.18	29962.4	0
1002.84	29963.8	0
1018.69	29965.1	0
906.334	29966.7	0
937.85	29967.8	0
852.642	29969.3	0
856.995	29970.4	0
781.197	29971.8	0
771.223	29972.8	0
748.673	29973.9	0
644.823	29975.1	0
712.726	29975.9	0
579.238	29977.2	0
594.203	29977.9	0
562.776	29978.8	0
486.618	29979.8	0
498.381	29980.5	0
416.406	29981.4	0
432.782	29981.9	0
329.96	29982.8	0
360.322	29983.2	0
290.96	29984	0
227.643	29984.6	0
274.745	29984.8	0
135.422	29985.6	0
179.242	29985.8	0
107.114	29986.3	0
71.7287	29986.6	0
49.6653	29986.9	0
-8.1367	29987.1	0
-3.90364	29987.2	0
-111.088	29987.6	0
-56.0377	29987.4	0
-168.028	29987.7	0
-181.961	29987.7	0
-175.007	29987.5	0
-295.891	29987.7	0
-246.16	29987.3	0
-342.082	29987.4	0
-345.038	29987	0
-401.936	29986.9	0
-425.28	29986.6	0
-451.566	29986.2	0
-539.72	29986	0
-482.947	29985.3	0
-621.38	29985.2	0
-590.655	29984.4	0
-631.427	29983.9	0
-717.011	29983.5	0
-682.338	29982.7	0
-781.772	29982.2	0
-768.6	29981.3	0
-850.186	29980.7	0
-841.006	29979.7	0
-905.593	29979	0
-957.592	29978.1	0
-921.954	29977	0
-1064.57	29976.3	0
-1004.22	29975	0
-1088.63	29974.1	0
-1132.37	29973	0
-1126.61	29971.8	0
-1212.17	29970.7	0
-1200.85	29969.3	0
-1290.8	29968.2	0
-1260.9	29966.6	0
-1360.07	29965.5	0
-1368.93	29964	0
-1371.34	29962.4	0
-1496.08	29961.2	0
-1426.35	29959.3	0
-1541.66	29958	0
-1546.72	29956.2	0
-1574.86	29954.6	0
-1635.95	29952.9	0
-1640.79	29951.1	0
-1722.33	29949.4	0
-1688.61	29947.3	0
-1809.57	29945.7	0
-1779.03	29943.5	0
-1827.18	29941.6	0
-1917.04	29939.7	0
-1858.15	29937.4	0
-1987.38	29935.5	0
-1963.76	29933.2	0
-2022.96	29931.1	0
-2056.75	29928.8	0
-2085.39	29926.5	0
-2145.88	29924.2	0
-2125.21	29921.7	0
-2250.4	29919.5	0
-2192.82	29916.8	0
-2284.67	29914.4	0
-2330.41	29911.9	0
-2298.8	29909.1	0
-2424.69	29906.7	0
-2385.6	29903.9	0
-2467.95	29901.3	0
-2477.94	29898.4	0
-2530.86	29895.7	0
-2564.49	29892.8	0
-2569.37	29889.8	0
-2681.11	29887.1	0
-2613.85	29883.8	0
-2739.19	29881.1	0
-2739.91	29877.9	0
-2746.1	29874.7	0
-2853.97	29871.7	0
-2812.77	29868.3	0
-2908.36	29865.2	0
-2901.68	29861.8	0
-2973.85	29858.6	0
-2981.81	29855.1	0
-3018	29851.7	0
-3102.43	29848.4	0
-3043.79	29844.6	0
-3187	29841.4	0
-3149.25	29837.6	0
-3197.21	29834	0
-3276.42	29830.4	0
-3244.79	29826.5	0
-3344.09	29822.9	0
-3328.59	29818.9	0
-3412.29	29815.3	0
-3401.14	29811.2	0
-3467.19	29807.4	0
-3516.89	29803.4	0
-3482.49	29799.2	0
-3625.76	29795.4	0
-3561.67	29791	0
-3649.23	29787	0
-3693.57	29782.8	0
-3680.71	29778.5	0
-3775.72	29774.3	0
-3758	29769.8	0
-3845.69	29765.6	0
-3824.56	29761	0
-3913.17	29756.7	0
-3928.03	29752.1	0
-3928.09	29747.5	0
-4054.52	29743.2	0
-3979.72	29738.2	0
-4099.4	29733.8	0
-4107.02	29729	0
-4119.73	29724.2	0
-4203.94	29719.5	0
-4188.56	29714.5	0
-4275.01	29709.8	0
-4252.48	29704.6	0
-4353.21	29699.9	0
-4339.66	29694.7	0
-4377.39	29689.7	0
-4473.88	29684.7	0
-4404.99	29679.3	0
-4545.06	29674.4	0
-4518.37	29668.9	0
-4561.21	29663.7	0
-4628.96	29658.4	0
-4619.06	29653	0
-4702.02	29647.7	0
-4683.67	29642.1	0
-4786.11	29636.8	0
-4754.97	29631	0
-4826.51	29625.6	0
-4885.8	29620	0
-4837.95	29614.1	0
-4983.89	29608.7	0
-4929.51	29602.7	0
-5004.49	29597	0
-5050.34	29591.2	0
-5049.03	29585.2	0
-5128.43	29579.4	0
-5115.75	29573.3	0
-5212.57	29567.5	0
-5175.84	29561.2	0
-5271.51	29555.3	0
-5293.49	29549.1	0
-5277.77	29542.8	0
-5414.01	29536.8	0
-5342.67	29530.2	0
-5448.5	29524.1	0
-5467.37	29517.7	0
-5479.1	29511.3	0
-5555.02	29504.9	0
-5546.01	29498.3	0
-5634.84	29491.9	0
-5602.21	29485.1	0
-5709.32	29478.8	0
-5700.87	29471.9	0
-5722.05	29465.2	0
-5834.68	29458.7	0
-5760.32	29451.6	0
-5891.28	29445	0
-5879.73	29438	0
-5910.74	29431.1	0
-5981.19	29424.2	0
-5972.61	29417.1	0
-6056.09	29410.2	0
-6032.07	29402.9	0
-6138.65	29396	0
-6111.71	29388.6	0
-6167.01	29381.5	0
-6246.71	29374.3	0
-6184.47	29366.8	0
-6329.92	29359.7	0
-6288.25	29352.1	0
-6345.39	29344.8	0
-6404.8	29337.3	0
-6395.35	29329.7	0
-6479.04	29322.3	0
-6461.83	29314.5	0
-6560.53	29307.1	0
-6528.51	29299.2	0
-6608.21	29291.6	0
-6652.91	29283.9	0
-6615.74	29275.9	0
-6761.18	29268.4	0
-6695.42	29260.2	0
-6783.39	29252.4	0
-6823.16	29244.4	0
-6816.16	29236.3	0
-6904.83	29228.3	0
-6887.62	29220.1	0
-6978.14	29212.1	0
-6951.38	29203.7	0
-7041.67	29195.7	0
-7057.65	29187.3	0
-7052.44	29178.9	0
-7182.65	29170.8	0
-7104.88	29162.1	0
-7222.87	29153.9	0
-7234.29	29145.3	0
-7238.26	29136.7	0
-7331.88	29128.3	0
-7306.85	29119.5	0
-7395.87	29111	0
-7377.51	29102.1	0
-7465.57	29093.6	0
-7465.68	29084.6	0
-7490.38	29075.8	0
-7594.18	29067.1	0
-7520.29	29057.8	0
-7659.88	29049.2	0
-7638.55	29040	0
-7664.84	29031	0
-7756.45	29022	0
-7719.8	29012.7	0
-7817.42	29003.7	0
-7802.08	28994.3	0
-7881.4	28985.3	0
-7880.26	28975.8	0
-7924.02	28966.5	0
-7998.86	28957.3	0
-7943.38	28947.6	0
-8089.49	28938.5	0
-8039.38	28928.7	0
-8096.92	28919.2	0
-8174	28909.7	0
-8129.96	28899.9	0
-8243.72	28890.4	0
-8220.01	28880.5	0
-8293.73	28870.9	0
-8301.18	28861	0
-8348.44	28851.2	0
-8402.33	28841.4	0
-8372.24	28831.3	0
-8508.05	28821.6	0
-8442.22	28811.3	0
-8531.78	28801.4	0
-8581.76	28791.3	0
-8542.58	28781	0
-8671.71	28771.1	0
-8628.73	28760.6	0
-8708.42	28750.5	0
-8724.19	28740.1	0
-8762.05	28729.8	0
-8810.58	28719.4	0
-8801.25	28708.9	0
-8915.69	28698.7	0
-8852.15	28687.8	0
-8963.46	28677.5	0
-8980.93	28666.9	0
-8961.87	28656.1	0
-9095.34	28645.7	0
-9030.13	28634.7	0
-9129.39	28624.1	0
-9142.6	28613.2	0
-9168.04	28602.4	0
-9226.71	28591.5	0
-9223.24	28580.5	0
-9317.26	28569.7	0
-9270.62	28558.4	0
-9385.34	28547.7	0
-9377.29	28536.4	0
-9387.88	28525.2	0
-9508.72	28514.3	0
-9430.35	28502.7	0
-9555.75	28491.7	0
-9550.81	28480.3	0
-9573.34	28469	0
-9648.42	28457.6	0
-9633.29	28446.1	0
-9720.43	28434.8	0
-9693.48	28423.1	0
-9793.95	28411.8	0
-9778.42	28400	0
-9815.14	28388.4	0
-9910.05	28376.9	0
-9836.51	28364.8	0
-9981.2	28353.4	0
-9948.26	28341.4	0
-9984.77	28329.6	0
-10068.4	28317.8	0
-10032.4	28305.7	0
-10131.5	28293.9	0
-10112.5	28281.8	0
-10192.3	28269.9	0
-10189.3	28257.7	0
-10235	28245.6	0
-10304	28233.5	0
-10251.9	28221.1	0
-10397.2	28209.2	0
-10340.8	28196.6	0
-10404.1	28184.4	0
-10478.6	28172.1	0
-10427.6	28159.4	0
-10550.5	28147.2	0
-10519.8	28134.5	0
-10588.7	28122.1	0
-10607.9	28109.4	0
-10640.6	28096.9	0
-10699.7	28084.2	0
-10672.4	28071.4	0
-10798.8	28058.9	0
-10737.9	28045.8	0
-10825.6	28033.2	0
-10875.4	28020.3	0
-10828.2	28007.2	0
-10970.3	27994.6	0
-10913.8	27981.3	0
-10992	27968.4	0
-11025.6	27955.3	0
-11032.8	27942.2	0
-11105	27929.1	0
-11088.2	27915.8	0
-11188.9	27902.7	0
-11145.9	27889.2	0
-11238.7	27876.1	0
-11264.1	27862.7	0
-11238.6	27849.2	0
-11380.2	27836	0
-11301.8	27822.2	0
-11404.7	27808.9	0
-11432	27795.3	0
-11420.5	27781.6	0
-11520.2	27768.1	0
-11489.9	27754.3	0
-11577.9	27740.8	0
-11562.3	27726.8	0
-11635.6	27713.2	0
-11655.8	27699.3	0
-11654	27685.3	0
-11774.4	27671.6	0
-11695.2	27657.3	0
-11819.4	27643.6	0
-11823.6	27629.5	0
-11814.7	27615.3	0
-11935.7	27601.4	0
-11876.7	27587	0
-11975.9	27573	0
-11976.1	27558.6	0
-12018.2	27544.4	0
-12059.4	27530	0
-12062.3	27515.6	0
-12157.3	27501.4	0
-12100.8	27486.7	0
-12223.5	27472.5	0
-12207.8	27457.8	0
-12219.9	27443.2	0
-12339	27428.8	0
-12258.3	27413.9	0
-12384.3	27399.5	0
-12375.9	27384.6	0
-12398	27369.9	0
-12473.1	27355.1	0
-12453.5	27340.2	0
-12541.8	27325.4	0
-12513.9	27310.3	0
-12609.1	27295.6	0
-12598	27280.4	0
-12628.1	27265.4	0
-12725.1	27250.5	0
-12648.2	27235.1	0
-12792.2	27220.3	0
-12760	27204.9	0
-12787.4	27189.6	0
-12883.8	27174.5	0
-12829.7	27159	0
-12938.3	27143.8	0
-12920.5	27128.3	0
-12981.4	27113	0
-13002.4	27097.4	0
-13024.7	27081.9	0
-13102.3	27066.4	0
-13051.7	27050.6	0
-13184.9	27035.3	0
-13140	27019.3	0
-13187.8	27003.7	0
-13278.3	26988.1	0
-13204.9	26972	0
-13343.9	26956.5	0
-13309.4	26940.4	0
-13355.6	26924.6	0
-13414.4	26908.7	0
-13401.4	26892.6	0
-13486.1	26876.7	0
-13458.9	26860.5	0
-13557.5	26844.6	0
-13531.2	26828.2	0
-13586.1	26812.2	0
-13655.4	26796	0
-13593	26779.5	0
-13743	26763.6	0
-13684.5	26746.9	0
-13742.8	26730.7	0
-13817.2	26714.3	0
-13766.5	26697.7	0
-13883.8	26681.4	0
-13853.3	26664.7	0
-13921.3	26648.3	0
-13937.4	26631.5	0
-13966.5	26615	0
-14029.6	26598.3	0
-13993.6	26581.4	0
-14121.2	26564.9	0
-14062.8	26547.8	0
-14137.5	26531.2	0
-14199.6	26514.3	0
-14138.1	26497.2	0
-14285.2	26480.5	0
-14228.2	26463.3	0
-14293.9	26446.4	0
-14344.5	26429.3	0
-14327.1	26412.1	0
-14416.6	26395.1	0
-14390.4	26377.7	0
-14480.9	26360.7	0
-14457.8	26343.2	0
-14521.1	26326.1	0
-14569	26308.7	0
-14526.4	26291.1	0
-14670.5	26274.1	0
-14596.4	26256.3	0
-14680	26239	0
-14734	26221.5	0
-14684.5	26203.7	0
-14815.4	26186.3	0
-14767.7	26168.5	0
-14840.7	26150.9	0
-14863.7	26133.1	0
-14881.6	26115.4	0
-14945.1	26097.6	0
-14920.9	26079.6	0
-15031.3	26062	0
-14978.2	26043.8	0
-15064.2	26026.1	0
-15103.1	26008.1	0
-15057.6	25989.8	0
-15206.2	25972.1	0
-15129.7	25953.7	0
-15215.3	25935.7	0
-15259.1	25917.6	0
-15228.9	25899.2	0
-15337.1	25881.1	0
-15300.6	25862.7	0
-15382.1	25844.5	0
-15377.8	25826	0
-15426.6	25807.7	0
-15470.2	25789.2	0
-15445.2	25770.6	0
-15571.2	25752.4	0
-15498.5	25733.5	0
-15596.5	25715.1	0
-15631	25696.5	0
-15586.6	25677.6	0
-15730.3	25659.3	0
-15659.7	25640.2	0
-15744.2	25621.6	0
-15776.2	25602.8	0
-15767.9	25583.9	0
-15853.3	25565.1	0
-15825.8	25546	0
-15916.7	25527.2	0
-15888.5	25508	0
-15960.8	25489.1	0
-15991.8	25470	0
-15963.9	25450.8	0
-16100.3	25431.9	0
-16017.5	25412.4	0
-16119.2	25393.4	0
-16152	25374.1	0
-16111.6	25354.6	0
-16245.3	25335.6	0
-16184.1	25316	0
-16267	25296.7	0
-16286.5	25277.2	0
-16298.8	25257.7	0
-16365.1	25238.3	0
-16343	25218.6	0
-16443.3	25199.2	0
-16396.2	25179.3	0
-16483.9	25159.9	0
-16509	25140.1	0
-16476.8	25120.2	0
-16619.2	25100.8	0
-16533.2	25080.6	0
-16633.4	25061	0
-16665.8	25041.1	0
-16631	25021	0
-16753	25001.3	0
-16701.2	24981	0
-16783.2	24961.2	0
-16791.1	24941	0
-16820.2	24921	0
-16872.9	24900.8	0
-16852	24880.5	0
-16961.4	24860.6	0
-16900.8	24840	0
-16996.4	24820	0
-17020.9	24799.6	0
-16983.6	24779.1	0
-17128.8	24759	0
-17044.1	24738.2	0
-17139.6	24718	0
-17172.8	24697.5	0
-17143	24676.8	0
-17254.6	24656.4	0
-17210.2	24635.6	0
-17292.2	24615.2	0
-17290.5	24594.3	0
-17331.4	24573.7	0
-17376.4	24553	0
-17353.3	24532	0
-17470.6	24511.5	0
-17401.5	24490.3	0
-17498.9	24469.7	0
-17526.9	24448.7	0
-17483.7	24427.5	0
-17630.1	24406.9	0
-17548.7	24385.5	0
-17638	24364.6	0
-17673.3	24343.5	0
-17646.5	24322.3	0
-17750.7	24301.2	0
-17711	24279.9	0
-17793.3	24258.8	0
-17785.2	24237.3	0
-17832	24216.1	0
-17874.9	24194.8	0
-17847.1	24173.2	0
-17970.7	24152.1	0
-17897.4	24130.3	0
-17991.8	24109	0
-18026.6	24087.5	0
-17976.4	24065.7	0
-18123.7	24044.5	0
-18046.4	24022.5	0
-18128.3	24001	0
-18167.7	23979.3	0
-18140.6	23957.5	0
-18241.1	23935.9	0
-18203.7	23913.9	0
-18285.6	23892.2	0
-18275.2	23870.2	0
-18322.1	23848.4	0
-18367.7	23826.4	0
-18333.4	23804.3	0
-18461.5	23782.6	0
-18388.2	23760.2	0
-18475.4	23738.3	0
-18519.6	23716.2	0
-18461.2	23693.8	0
-18609.6	23671.9	0
-18536.8	23649.4	0
-18610	23627.3	0
-18656.3	23605	0
-18624.8	23582.6	0
-18725.4	23560.4	0
-18688.8	23537.8	0
-18768.4	23515.6	0
-18760.4	23492.9	0
-18801.8	23470.5	0
-18854	23448	0
-18812.7	23425.3	0
-18942.7	23403	0
-18873.2	23380	0
-18949.7	23357.5	0
-19005.7	23334.9	0
-18937.9	23311.9	0
-19087.5	23289.5	0
-19020.1	23266.4	0
-19082.5	23243.6	0
-19139.1	23220.8	0
-19099.2	23197.8	0
-19202.9	23175	0
-19166.8	23151.9	0
-19240.8	23129	0
-19240.8	23105.9	0
-19271.4	23082.9	0
-19332.9	23059.8	0
-19285.4	23036.4	0
-19413.7	23013.6	0
-19352.5	22990.1	0
-19414.6	22967	0
-19484.3	22943.8	0
-19406.8	22920.2	0
-19557	22897.2	0
-19496.6	22873.6	0
-19545.1	22850.3	0
-19616	22826.9	0
-19564	22803.2	0
-19672.5	22780	0
-19638.5	22756.2	0
-19702.1	22732.8	0
-19716.2	22709.1	0
-19731.2	22685.5	0
-19803.2	22661.9	0
-19752.1	22637.9	0
-19873.7	22614.5	0
-19825.9	22590.5	0
-19870.3	22566.8	0
-19954.7	22543.1	0
-19868.4	22518.9	0
-20016.7	22495.3	0
-19966.6	22471.1	0
-19997.6	22447.2	0
-20086.3	22423.4	0
-20019.8	22399.1	0
-20132.8	22375.2	0
-20104.5	22351	0
-20151.7	22326.9	0
-20186.1	22302.7	0
-20181.9	22278.5	0
-20263.6	22254.4	0
-20213.7	22229.9	0
-20321.9	22205.9	0
-20293.3	22181.4	0
-20317	22157	0
-20415.5	22132.8	0
-20323.8	22108.1	0
-20465.7	22084	0
-20430.3	22059.3	0
-20440	22034.7	0
-20548.9	22010.4	0
-20467.9	21985.5	0
-20582.4	21961.1	0
-20565.4	21936.3	0
-20589.4	21911.7	0
-20649.5	21887	0
-20624.4	21862.2	0
-20712.4	21837.6	0
-20671.2	21812.5	0
-20757.5	21787.9	0
-20754.2	21762.9	0
-20755.9	21738	0
-20864.8	21713.3	0
-20774.5	21687.9	0
-20902.6	21663.3	0
-20887.7	21638.1	0
-20873.4	21613	0
-21001.8	21588.1	0
-20909.7	21562.7	0
-21020	21537.8	0
-21021.3	21512.5	0
-21015.7	21487.3	0
-21104.9	21462.1	0
-21060.5	21436.7	0
-21148.2	21411.6	0
-21125.4	21386	0
-21180.3	21360.8	0
-21207.5	21335.3	0
-21188.4	21309.8	0
-21300.6	21284.6	0
-21221.8	21258.8	0
-21326.7	21233.5	0
-21337.5	21207.9	0
-21299.4	21182.1	0
-21442.2	21156.8	0
-21347.3	21130.8	0
-21444.6	21105.4	0
-21471.3	21079.6	0
-21432.2	21053.7	0
-21549.8	21028.2	0
-21491.7	21002.2	0
-21569.4	20976.5	0
-21576	20950.5	0
-21591.2	20924.7	0
-21651	20898.8	0
-21616.7	20872.7	0
-21720.4	20847	0
-21666.8	20820.6	0
-21738.2	20794.8	0
-21777.8	20768.7	0
-21721	20742.4	0
-21867.2	20716.6	0
-21782	20690.1	0
-21856.2	20664.1	0
-21913.1	20637.9	0
-21842.1	20611.4	0
-21981	20585.4	0
-21919.8	20558.8	0
-21976	20532.6	0
-22021.4	20506.2	0
-21992.5	20479.7	0
-22082	20453.4	0
-22042.8	20426.8	0
-22122.9	20400.5	0
-22109.1	20373.8	0
-22138.7	20347.3	0
-22205.2	20320.8	0
-22141.3	20293.9	0
-22273.8	20267.6	0
-22214.5	20240.7	0
-22256.4	20214.1	0
-22342.7	20187.5	0
-22249.3	20160.4	0
-22395	20133.9	0
-22345.4	20106.9	0
-22369.3	20080.1	0
-22457.8	20053.3	0
-22388	20026.2	0
-22496.9	19999.5	0
-22467.9	19972.3	0
-22508.5	19945.5	0
-22546.1	19918.4	0
-22531.4	19891.3	0
-22616.1	19864.4	0
-22563.1	19837	0
-22660.7	19810.1	0
-22643.3	19782.8	0
-22648.6	19755.6	0
-22755.1	19728.6	0
-22658.3	19700.9	0
-22789.5	19674	0
-22767.3	19646.5	0
-22753.5	19619.1	0
-22879.2	19592	0
-22782.7	19564.2	0
-22893.4	19537.1	0
-22891	19509.5	0
-22880.8	19482	0
-22972.7	19454.6	0
-22920.7	19426.9	0
-23007.2	19399.5	0
-22987	19371.7	0
-23029.6	19344.2	0
-23064.4	19316.5	0
-23037.6	19288.7	0
-23145.2	19261.3	0
-23072.2	19233.2	0
-23164.2	19205.7	0
-23181.6	19177.9	0
-23134.9	19149.8	0
-23278.6	19122.4	0
-23180.9	19094.1	0
-23270.9	19066.4	0
-23307.4	19038.5	0
-23246.9	19010.3	0
-23381.4	18982.6	0
-23311.1	18954.3	0
-23377.9	18926.4	0
-23409	18898.3	0
-23386.1	18870.2	0
-23471.3	18842.2	0
-23428.3	18813.8	0
-23510.4	18785.9	0
-23489.7	18757.5	0
-23523.1	18729.3	0
-23581.5	18701.1	0
-23520.5	18672.6	0
-23650.2	18644.6	0
-23584.1	18615.9	0
-23632.9	18587.7	0
-23709.1	18559.4	0
-23616.2	18530.7	0
-23764.7	18502.6	0
-23704.4	18473.9	0
-23732.4	18445.4	0
-23820.5	18417	0
-23739.8	18388.2	0
-23856.8	18359.9	0
-23822.7	18331.1	0
-23853.6	18302.5	0
-23904.2	18273.9	0
-23874.1	18245.1	0
-23959.9	18216.5	0
-23914.5	18187.5	0
-23993.4	18159	0
-23988.2	18130.1	0
-23986.8	18101.2	0
-24086.2	18072.6	0
-23996.8	18043.3	0
-24118.7	18014.8	0
-24097.6	17985.7	0
-24079.7	17956.6	0
-24208.8	17927.9	0
-24101.4	17898.5	0
-24216.3	17869.8	0
-24216.8	17840.6	0
-24184.9	17811.4	0
-24302.8	17782.6	0
-24227.1	17753.2	0
-24312.4	17724.2	0
-24314.4	17694.9	0
-24315.8	17665.7	0
-24383.1	17636.5	0
-24342.1	17607.1	0
-24432.1	17578	0
-24390.7	17548.5	0
-24446.7	17519.3	0
-24481.6	17489.9	0
-24431.7	17460.3	0
-24562.1	17431.3	0
-24477.1	17401.4	0
-24551.4	17372.2	0
-24600	17342.7	0
-24519.9	17312.9	0
-24670.6	17283.8	0
-24589.4	17253.9	0
-24641.8	17224.4	0
-24707.8	17194.9	0
-24633.2	17165	0
-24754.8	17135.6	0
-24705.1	17105.7	0
-24748.9	17076.1	0
-24788.4	17046.3	0
-24761.1	17016.5	0
-24844.3	16986.8	0
-24797	16956.8	0
-24877.3	16927.2	0
-24863.1	16897.1	0
-24872.4	16867.2	0
-24957.4	16837.5	0
-24873.1	16807.2	0
-24998.6	16777.6	0
-24959.9	16747.4	0
-24960	16717.3	0
-25075.2	16687.6	0
-24964.6	16657.1	0
-25092.5	16627.4	0
-25073.2	16597.1	0
-25050.9	16566.9	0
-25169.2	16536.9	0
-25080.1	16506.5	0
-25176.3	16476.5	0
-25172.7	16446.1	0
-25166.3	16415.8	0
-25242.8	16385.7	0
-25194.3	16355.2	0
-25278.8	16325.1	0
-25247.3	16294.5	0
-25291.4	16264.3	0
-25326	16233.9	0
-25283.9	16203.3	0
-25399.4	16173.1	0
-25320.7	16142.3	0
-25396.7	16112	0
-25432.6	16081.5	0
-25361	16050.7	0
-25509.4	16020.5	0
-25417.5	15989.6	0
-25479.6	15959.1	0
-25541.1	15928.6	0
-25454.9	15897.6	0
-25592.7	15867.3	0
-25528.7	15836.3	0
-25567.7	15805.7	0
-25625.9	15775	0
-25570.9	15744.1	0
-25668.3	15713.5	0
-25624.9	15682.5	0
-25679.2	15651.8	0
-25692.9	15620.8	0
-25683.1	15589.9	0
-25763.3	15559.2	0
-25697.5	15527.9	0
-25798	15497.3	0
-25771.3	15466.1	0
-25770.5	15435.1	0
-25875.2	15404.3	0
-25770.3	15372.9	0
-25896.3	15342.2	0
-25872.7	15310.9	0
-25846	15279.7	0
-25976.2	15248.9	0
-25866.2	15217.3	0
-25972.8	15186.4	0
-25976	15155.2	0
-25937.7	15123.8	0
-26051.6	15092.8	0
-25975.9	15061.3	0
-26054	15030.2	0
-26056.7	14998.8	0
-26050.3	14967.4	0
-26119.6	14936.2	0
-26071.1	14904.6	0
-26157.8	14873.4	0
-26120	14841.8	0
-26159.3	14810.5	0
-26206.3	14779.1	0
-26142.9	14747.3	0
-26269.4	14716.2	0
-26193.8	14684.3	0
-26244.1	14652.9	0
-26310.6	14621.5	0
-26213.5	14589.6	0
-26361.7	14558.4	0
-26290.5	14526.4	0
-26315.3	14494.8	0
-26406.2	14463.3	0
-26305.6	14431.3	0
-26431.9	14399.9	0
-26391.2	14368	0
-26400.3	14336.2	0
-26477.1	14304.6	0
-26412.5	14272.6	0
-26504.4	14241	0
-26471.1	14208.9	0
-26506.4	14177.2	0
-26538.6	14145.3	0
-26507.4	14113.3	0
-26598.5	14081.6	0
-26532.4	14049.3	0
-26611.7	14017.6	0
-26616.7	13985.5	0
-26578.6	13953.4	0
-26703.2	13921.7	0
-26600.6	13889.2	0
-26694	13857.5	0
-26714.2	13825.3	0
-26644.5	13793	0
-26792	13761.2	0
-26691.3	13728.7	0
-26759.9	13696.7	0
-26807.4	13664.6	0
-26729.3	13632.2	0
-26857.8	13600.2	0
-26790	13567.7	0
-26835.3	13535.6	0
-26877.2	13503.3	0
-26831.4	13470.9	0
-26921.2	13438.8	0
-26871.3	13406.2	0
-26932.2	13374	0
-26933.7	13341.5	0
-26926	13309.1	0
-27004.4	13276.8	0
-26931.4	13244.1	0
-27033.3	13212	0
-27002.6	13179.3	0
-26997.1	13146.8	0
-27102.3	13114.5	0
-26992.7	13081.6	0
-27114.8	13049.4	0
-27092.6	13016.6	0
-27057.3	12983.9	0
-27190.1	12951.6	0
-27074.8	12918.6	0
-27176.2	12886.2	0
-27184.6	12853.5	0
-27131.5	12820.7	0
-27254.4	12788.2	0
-27170.1	12755.2	0
-27240.7	12722.7	0
-27256.3	12689.8	0
-27225.5	12657	0
-27310.1	12624.3	0
-27253.6	12591.3	0
-27325.7	12558.7	0
-27310	12525.7	0
-27319.2	12492.8	0
-27380.9	12460.1	0
-27314.4	12426.9	0
-27421.6	12394.3	0
-27369	12361.1	0
-27391.8	12328.2	0
-27470.6	12295.4	0
-27368.6	12262	0
-27504	12229.4	0
-27448.9	12196.1	0
-27447.2	12163	0
-27558.5	12130.2	0
-27438.9	12096.7	0
-27563.9	12064	0
-27538.7	12030.7	0
-27509	11997.5	0
-27625.1	11964.6	0
-27527.4	11931.1	0
-27618.1	11898.1	0
-27614.5	11864.8	0
-27591.1	11831.5	0
-27675.8	11798.4	0
-27612.9	11764.9	0
-27688.8	11731.9	0
-27668.7	11698.4	0
-27681.7	11665.2	0
-27733.8	11631.9	0
-27677.1	11598.3	0
-27776.6	11565.3	0
-27718.7	11531.6	0
-27757.4	11498.3	0
-27812.2	11465	0
-27726.1	11431.3	0
-27860.4	11398.2	0
-27785.5	11364.5	0
-27811.5	11331.1	0
-27898.6	11297.7	0
-27782.9	11263.9	0
-27922.8	11230.7	0
-27869.4	11196.9	0
-27861.5	11163.4	0
-27970.3	11130	0
-27859.7	11096.1	0
-27970.4	11062.8	0
-27949.3	11029	0
-27927.9	10995.3	0
-28021	10961.8	0
-27944.1	10927.9	0
-28025.5	10894.4	0
-28008.4	10860.6	0
-28010.6	10826.9	0
-28067.9	10793.2	0
-28013.9	10759.3	0
-28100.3	10725.8	0
-28053.1	10691.7	0
-28089.1	10658.1	0
-28131.3	10624.3	0
-28062.8	10590.2	0
-28182.5	10556.7	0
-28105.4	10522.5	0
-28146.8	10488.8	0
-28211.2	10455	0
-28107.5	10420.8	0
-28250.5	10387.3	0
-28177.3	10353	0
-28189.5	10319.1	0
-28287.8	10285.4	0
-28168	10251	0
-28297.6	10217.4	0
-28257.5	10183.2	0
-28238.7	10149.1	0
-28344.3	10115.3	0
-28245	10080.9	0
-28339.7	10047.1	0
-28324.5	10012.9	0
-28306.8	9978.74	0
-28385.7	9944.75	0
-28319.5	9910.41	0
-28396.6	9876.48	0
-28371.1	9842.15	0
-28383.5	9808.04	0
-28432.8	9773.9	0
-28374.5	9739.49	0
-28470.2	9705.56	0
-28411.8	9671.06	0
-28447.7	9636.95	0
-28498.7	9602.77	0
-28413.6	9568.2	0
-28542.4	9534.3	0
-28466.7	9499.69	0
-28491.2	9465.45	0
-28574.5	9431.32	0
-28456.9	9396.59	0
-28595.7	9362.63	0
-28539	9328.02	0
-28527	9293.62	0
-28639.7	9259.48	0
-28518.5	9224.69	0
-28632.2	9190.59	0
-28612	9156.01	0
-28575.3	9121.47	0
-28684.4	9087.25	0
-28591.2	9052.48	0
-28670.9	9018.21	0
-28667.6	8983.61	0
-28640.9	8949.06	0
-28720.2	8914.68	0
-28655.2	8879.92	0
-28726.7	8845.59	0
-28705.8	8810.85	0
-28708.8	8776.32	0
-28766.7	8741.82	0
-28699	8706.98	0
-28794.8	8672.66	0
-28744.4	8637.77	0
-28760.4	8603.2	0
-28831	8568.7	0
-28732	8533.68	0
-28855.9	8499.39	0
-28799.5	8464.44	0
-28793.5	8429.72	0
-28899.9	8395.28	0
-28773.9	8360.13	0
-28897.3	8325.75	0
-28868.8	8290.84	0
-28824.1	8255.95	0
-28954.7	8221.5	0
-28833.7	8186.32	0
-28925.4	8151.78	0
-28934.2	8116.93	0
-28869.4	8081.92	0
-28990.2	8047.37	0
-28900.9	8012.23	0
-28959.3	7977.55	0
-28981.2	7942.64	0
-28929.9	7907.65	0
-29020.4	7872.94	0
-28956.5	7837.81	0
-29010.3	7803.08	0
-29013.5	7768.05	0
-28989.3	7733.07	0
-29063.2	7698.29	0
-28993	7663.05	0
-29070.6	7628.35	0
-29049.1	7593.19	0
-29031.6	7558.16	0
-29122.1	7523.4	0
-29021.6	7488.01	0
-29121.8	7453.31	0
-29101.3	7418.13	0
-29057.3	7382.94	0
-29182.9	7348.23	0
-29060.8	7312.73	0
-29153.4	7277.94	0
-29165.6	7242.82	0
-29082.8	7207.46	0
-29228.4	7172.75	0
-29117.2	7137.25	0
-29173.6	7102.29	0
-29224.4	7067.23	0
-29123.4	7031.78	0
-29255.6	6996.96	0
-29179.6	6961.52	0
-29200.5	6926.42	0
-29264.9	6891.32	0
-29178.2	6855.89	0
-29278.4	6820.92	0
-29230.1	6785.49	0
-29243.9	6750.34	0
-29291.7	6715.14	0
-29231.5	6679.72	0
-29313.3	6644.68	0
-29262.6	6609.17	0
-29295.9	6574.04	0
-29321.5	6538.72	0
-29268.6	6503.26	0
-29363.3	6468.22	0
-29287.6	6432.59	0
-29339.1	6397.46	0
-29366.9	6362.13	0
-29290	6326.52	0
-29415.1	6291.55	0
-29322.3	6255.83	0
-29363.8	6220.6	0
-29423.9	6185.34	0
-29310.8	6149.58	0
-29452.4	6114.59	0
-29373.7	6078.88	0
-29377	6043.48	0
-29476.3	6008.29	0
-29345.9	5972.45	0
-29471.5	5937.36	0
-29431.9	5901.73	0
-29395.4	5866.18	0
-29511.1	5830.98	0
-29395.7	5795.15	0
-29484.5	5759.92	0
-29480	5724.33	0
-29429.8	5688.71	0
-29531	5653.43	0
-29446.3	5617.64	0
-29507.6	5582.3	0
-29510.4	5546.67	0
-29474.5	5511.06	0
-29551	5475.67	0
-29483	5439.87	0
-29545.5	5404.52	0
-29531.3	5368.8	0
-29513.5	5333.2	0
-29584.5	5297.77	0
-29503.8	5261.87	0
-29587.8	5226.56	0
-29558.7	5190.75	0
-29535.8	5155.07	0
-29630.4	5119.71	0
-29521.2	5083.67	0
-29618.4	5048.35	0
-29601.7	5012.58	0
-29545.1	4976.74	0
-29674.6	4941.45	0
-29550.4	4905.34	0
-29631.1	4869.92	0
-29653.7	4834.24	0
-29556.6	4798.25	0
-29703	4762.96	0
-29595.2	4726.88	0
-29634.4	4691.29	0
-29699.1	4655.7	0
-29582.7	4619.63	0
-29714.5	4584.25	0
-29645.1	4548.26	0
-29644.2	4512.54	0
-29727.2	4476.94	0
-29622.2	4440.88	0
-29721.1	4405.39	0
-29684.7	4369.44	0
-29668.8	4333.66	0
-29741.9	4298	0
-29661.8	4261.97	0
-29737.4	4226.39	0
-29707.9	4190.41	0
-29702.4	4154.64	0
-29757.1	4118.9	0
-29688.2	4082.85	0
-29767.1	4047.28	0
-29722.6	4011.21	0
-29730.4	3975.44	0
-29784.7	3939.7	0
-29699.9	3903.56	0
-29800.3	3868.03	0
-29743.6	3831.9	0
-29742.5	3796.06	0
-29823.8	3760.39	0
-29708.4	3724.12	0
-29822.6	3688.6	0
-29779.4	3652.5	0
-29742	3616.51	0
-29861.7	3580.93	0
-29727.9	3544.59	0
-29827.3	3508.99	0
-29824.5	3473	0
-29742.4	3436.84	0
-29884.9	3401.32	0
-29763	3364.98	0
-29821.6	3329.23	0
-29865	3293.35	0
-29756.3	3257.1	0
-29890.8	3221.51	0
-29804.9	3185.26	0
-29819.7	3149.37	0
-29889.6	3113.53	0
-29784.1	3077.28	0
-29889.4	3041.59	0
-29839.5	3005.4	0
-29831.3	2969.44	0
-29899.6	2933.56	0
-29815	2897.35	0
-29894.5	2861.57	0
-29859	2825.39	0
-29853.3	2789.43	0
-29906.9	2753.5	0
-29835.9	2717.27	0
-29912	2681.5	0
-29868.1	2645.25	0
-29873.3	2609.31	0
-29923.5	2573.36	0
-29842.7	2537.06	0
-29935.4	2501.34	0
-29879.8	2465.04	0
-29880	2429.04	0
-29952	2393.17	0
-29843.3	2356.75	0
-29951.6	2321.06	0
-29904.2	2284.78	0
-29872.9	2248.65	0
-29982.7	2212.9	0
-29851.2	2176.39	0
-29951.4	2140.65	0
-29940.2	2104.48	0
-29862.6	2068.18	0
-30002.3	2032.5	0
-29874.2	1996	0
-29937.7	1960.13	0
-29976.3	1924.1	0
-29862.2	1887.69	0
-30004.3	1851.99	0
-29908.2	1815.57	0
-29922.3	1779.54	0
-30000	1743.61	0
-29877	1707.16	0
-29993.8	1671.39	0
-29940.9	1635.07	0
-29917.3	1598.94	0
-30007.1	1563.02	0
-29900.7	1526.6	0
-29983.4	1490.72	0
-29961.3	1454.47	0
-29925.3	1418.31	0
-30004.9	1382.34	0
-29920.9	1345.97	0
-29983	1310.05	0
-29968.2	1273.79	0
-29938.1	1237.63	0
-30005.6	1201.64	0
-29929.1	1165.26	0
-29992.2	1129.35	0
-29970.5	1093.06	0
-29943.9	1056.89	0
-30016.6	1020.94	0
-29926.9	984.476	0
-30001.2	948.614	0
-29979.9	912.319	0
-29936.5	876.072	0
-30034.7	840.219	0
-29924.8	803.677	0
-29998.9	767.802	0
-30001.2	731.599	0
-29920.4	695.211	0
-30048.7	659.454	0
-29933.8	622.89	0
-29981.5	586.915	0
-30028.8	550.857	0
-29907.5	514.333	0
-30048.1	478.614	0
-29956.7	442.119	0
-29955.4	405.985	0
-30050.5	370.074	0
-29907.8	333.486	0
-30030.7	297.699	0
-29986.2	261.356	0
-29933.1	225.068	0
-30056.8	189.236	0
-29922.6	152.669	0
-30004.6	116.762	0
-30010.1	80.5569	0
-29923.7	44.1847	0
-30046.9	8.34116	0
-29943.7	-28.1443	0
-29981.7	-64.1707	0
-30019.9	-100.291	0
-29926.8	-136.677	0
-30029.4	-172.569	0
-29959.5	-208.972	0
-29969.5	-245.05	0
-30016.6	-281.151	0
-29934	-317.518	0
-30015.4	-353.444	0
-29963.6	-389.819	0
-29966	-425.9	0
-30009.2	-462.008	0
-29934.6	-498.367	0
-30010.2	-534.274	0
-29958.7	-570.665	0
-29962.3	-606.741	0
-30007.3	-642.817	0
-29924.7	-679.227	0
-30009.8	-715.079	0
-29954.4	-751.482	0
-29949	-787.585	0
-30014.2	-823.575	0
-29908.9	-860.071	0
-30004.6	-895.87	0
-29959.4	-932.232	0
-29924	-968.439	0
-30024	-1004.29	0
-29897.7	-1040.86	0
-29985.9	-1076.68	0
-29975.1	-1112.91	0
-29893.9	-1149.28	0
-30026	-1185	0
-29899.3	-1221.56	0
-29953	-1257.49	0
-29994.2	-1293.54	0
-29869.8	-1330.03	0
-30012	-1365.71	0
-29914.1	-1402.17	0
-29913.6	-1438.26	0
-30005.4	-1474.14	0
-29860	-1510.68	0
-29981.8	-1546.42	0
-29934.2	-1582.72	0
-29879.1	-1618.95	0
-30000.7	-1654.74	0
-29864.3	-1691.25	0
-29943.3	-1727.1	0
-29948.4	-1763.24	0
-29857.3	-1799.56	0
-29980.1	-1835.32	0
-29875	-1871.73	0
-29907.4	-1907.68	0
-29949.2	-1943.71	0
-29848	-1980.04	0
-29951.3	-2015.84	0
-29881.9	-2052.16	0
-29881	-2088.18	0
-29937.2	-2124.15	0
-29843.7	-2160.46	0
-29923.8	-2196.29	0
-29878.7	-2232.54	0
-29863.1	-2268.57	0
-29919.5	-2304.52	0
-29835.6	-2340.81	0
-29902.9	-2376.62	0
-29867	-2412.85	0
-29846.6	-2448.89	0
-29904.5	-2484.8	0
-29819.4	-2521.09	0
-29886.5	-2556.86	0
-29854	-2593.07	0
-29823.6	-2629.12	0
-29895.7	-2664.94	0
-29797.9	-2701.29	0
-29866.8	-2737.02	0
-29847.4	-2773.17	0
-29791.5	-2809.31	0
-29889.2	-2844.99	0
-29779.3	-2881.38	0
-29836.6	-2917.14	0
-29849.2	-2953.14	0
-29754.8	-2989.39	0
-29876.4	-3024.97	0
-29771.2	-3061.32	0
-29793.9	-3097.16	0
-29854.3	-3132.98	0
-29722.7	-3169.34	0
-29849.3	-3204.88	0
-29775.3	-3241.1	0
-29744.3	-3277.09	0
-29853	-3312.73	0
-29703.4	-3349.13	0
-29806.3	-3384.71	0
-29785.9	-3420.75	0
-29697.9	-3456.9	0
-29836.5	-3492.4	0
-29699.3	-3528.75	0
-29752.7	-3564.45	0
-29792.8	-3600.27	0
-29663.6	-3636.53	0
-29802.2	-3672.01	0
-29705.1	-3708.21	0
-29698.7	-3744.06	0
-29786.9	-3779.72	0
-29644.8	-3815.98	0
-29754.9	-3851.51	0
-29711.1	-3887.54	0
-29653.4	-3923.5	0
-29764.5	-3959.06	0
-29637.1	-3995.27	0
-29703.6	-4030.87	0
-29708.5	-4066.74	0
-29620.6	-4102.76	0
-29729.2	-4138.3	0
-29632.4	-4174.4	0
-29656.6	-4210.07	0
-29693.4	-4245.83	0
-29597.3	-4281.85	0
-29688.6	-4317.38	0
-29622.8	-4353.38	0
-29617.6	-4389.09	0
-29668.5	-4424.78	0
-29576.7	-4460.77	0
-29649.5	-4496.29	0
-29605.4	-4532.23	0
-29583.8	-4567.95	0
-29640.1	-4603.57	0
-29552.6	-4639.55	0
-29614.3	-4675.03	0
-29582.9	-4710.92	0
-29549.5	-4746.64	0
-29613.6	-4782.18	0
-29523.5	-4818.17	0
-29579.9	-4853.6	0
-29561.1	-4889.42	0
-29509.9	-4925.18	0
-29589.5	-4960.61	0
-29493.3	-4996.6	0
-29540.4	-5032.02	0
-29544.3	-5067.71	0
-29465	-5103.55	0
-29563.7	-5138.84	0
-29468.1	-5174.81	0
-29491.3	-5210.28	0
-29532.1	-5245.8	0
-29419.9	-5281.73	0
-29529	-5316.93	0
-29452.5	-5352.81	0
-29433.5	-5388.39	0
-29518.9	-5423.7	0
-29382.2	-5459.69	0
-29480.5	-5494.88	0
-29446.1	-5530.58	0
-29372.9	-5566.3	0
-29496.2	-5601.44	0
-29357.7	-5637.41	0
-29418.2	-5672.67	0
-29442.5	-5708.14	0
-29318.7	-5743.98	0
-29457.2	-5779.02	0
-29347.1	-5814.86	0
-29348.4	-5850.27	0
-29432.3	-5885.5	0
-29278.4	-5921.41	0
-29400.7	-5956.45	0
-29344.8	-5992.08	0
-29280.5	-6027.65	0
-29407	-6062.69	0
-29254.6	-6098.56	0
-29331.2	-6133.69	0
-29341.1	-6169.09	0
-29223.7	-6204.77	0
-29363	-6239.72	0
-29243.5	-6275.45	0
-29258	-6310.71	0
-29326.7	-6345.88	0
-29182.6	-6381.61	0
-29302.9	-6416.56	0
-29236.8	-6452.1	0
-29190.3	-6487.48	0
-29296.3	-6522.5	0
-29155.8	-6558.18	0
-29234.1	-6593.19	0
-29225.5	-6628.54	0
-29134.2	-6663.99	0
-29249.9	-6698.92	0
-29137.2	-6734.48	0
-29164.8	-6769.57	0
-29203.2	-6804.75	0
-29090.6	-6840.21	0
-29192.5	-6875.12	0
-29119.3	-6910.55	0
-29101.5	-6945.7	0
-29168.5	-6980.73	0
-29055.6	-7016.17	0
-29130.6	-7051.07	0
-29096.2	-7086.37	0
-29045.9	-7121.56	0
-29124.1	-7156.49	0
-29023.9	-7191.87	0
-29069.4	-7226.78	0
-29065.9	-7261.94	0
-28996.1	-7297.13	0
-29074.3	-7331.99	0
-28991.1	-7367.31	0
-29010.6	-7402.2	0
-29030	-7437.25	0
-28948.7	-7472.46	0
-29022.6	-7507.22	0
-28956	-7542.46	0
-28952.8	-7577.37	0
-28991.4	-7612.29	0
-28901	-7647.49	0
-28969.5	-7682.18	0
-28920.3	-7717.34	0
-28893.5	-7752.27	0
-28951.6	-7787.03	0
-28853.6	-7822.24	0
-28912.8	-7856.88	0
-28886.4	-7891.92	0
-28831.5	-7926.9	0
-28909.7	-7961.51	0
-28809.1	-7996.7	0
-28849.6	-8031.33	0
-28855.4	-8066.19	0
-28768.6	-8101.24	0
-28861.9	-8135.71	0
-28771.2	-8170.84	0
-28778.9	-8205.51	0
-28825	-8240.16	0
-28709.3	-8275.27	0
-28803.8	-8309.66	0
-28741.3	-8344.64	0
-28703.1	-8379.41	0
-28789.8	-8413.86	0
-28659.2	-8448.97	0
-28733.1	-8483.34	0
-28717.4	-8518.12	0
-28628	-8553.01	0
-28743.5	-8587.27	0
-28621.5	-8622.31	0
-28651.4	-8656.76	0
-28693.3	-8691.27	0
-28561.1	-8726.25	0
-28681.2	-8760.41	0
-28595.8	-8795.29	0
-28564.6	-8829.88	0
-28660.7	-8864.13	0
-28508.5	-8899.13	0
-28602.5	-8933.3	0
-28576.4	-8967.92	0
-28481.5	-9002.66	0
-28612.3	-9036.72	0
-28472.2	-9071.63	0
-28511.8	-9105.89	0
-28554.5	-9140.22	0
-28410.7	-9175.06	0
-28544.4	-9209.03	0
-28448.9	-9243.75	0
-28417.8	-9278.16	0
-28520.7	-9312.22	0
-28357.5	-9347.07	0
-28458.6	-9381.06	0
-28430.6	-9415.51	0
-28330.7	-9450.07	0
-28467.9	-9483.95	0
-28322	-9518.69	0
-28362.1	-9552.78	0
-28407.2	-9586.94	0
-28258.7	-9621.59	0
-28394.3	-9655.4	0
-28298.7	-9689.91	0
-28264.7	-9724.15	0
-28369.2	-9758.06	0
-28205.4	-9792.7	0
-28303.8	-9826.53	0
-28278.2	-9860.77	0
-28176.4	-9895.15	0
-28311.2	-9928.88	0
-28169.2	-9963.4	0
-28204.4	-9997.33	0
-28250.3	-10031.3	0
-28104.3	-10065.8	0
-28233.1	-10099.4	0
-28143.1	-10133.7	0
-28106.3	-10167.8	0
-28206.8	-10201.5	0
-28050.4	-10235.9	0
-28140	-10269.6	0
-28117.7	-10303.7	0
-28018.5	-10337.8	0
-28144	-10371.4	0
-28011.4	-10405.7	0
-28040.3	-10439.4	0
-28083.8	-10473.2	0
-27946.2	-10507.4	0
-28063	-10540.9	0
-27980.5	-10575	0
-27943.1	-10608.9	0
-28034.8	-10642.4	0
-27890.3	-10676.6	0
-27969.2	-10710.1	0
-27948.8	-10744	0
-27855.8	-10777.9	0
-27968.2	-10811.3	0
-27847	-10845.4	0
-27870.4	-10878.9	0
-27908.7	-10912.5	0
-27782.6	-10946.5	0
-27885.8	-10979.9	0
-27809.9	-11013.7	0
-27774.5	-11047.4	0
-27854.8	-11080.8	0
-27723.4	-11114.7	0
-27792.5	-11148	0
-27771.7	-11181.7	0
-27687.3	-11215.4	0
-27785.6	-11248.6	0
-27674.8	-11282.4	0
-27695	-11315.8	0
-27725.8	-11349.2	0
-27612	-11382.9	0
-27702.7	-11416.1	0
-27631.3	-11449.7	0
-27599.7	-11483.1	0
-27668.2	-11516.4	0
-27548.6	-11550	0
-27610.2	-11583.1	0
-27587.1	-11616.6	0
-27511.5	-11650	0
-27597.3	-11683.1	0
-27494.4	-11716.7	0
-27513.5	-11749.8	0
-27536.6	-11783.1	0
-27433.3	-11816.5	0
-27514.3	-11849.5	0
-27445.1	-11882.9	0
-27417.8	-11916.1	0
-27476.2	-11949.1	0
-27365.3	-11982.5	0
-27422.2	-12015.4	0
-27395.9	-12048.7	0
-27327.7	-12081.9	0
-27404.1	-12114.7	0
-27305.9	-12148.1	0
-27325.2	-12181	0
-27341.9	-12214	0
-27245.9	-12247.2	0
-27320.6	-12280	0
-27251.9	-12313.2	0
-27228	-12346.1	0
-27279.4	-12378.9	0
-27173.6	-12412.1	0
-27227.8	-12444.8	0
-27199	-12477.8	0
-27135	-12510.7	0
-27206	-12543.4	0
-27110.1	-12576.5	0
-27129.2	-12609.1	0
-27142.4	-12641.9	0
-27049.8	-12674.9	0
-27121.1	-12707.4	0
-27052.7	-12740.4	0
-27029.5	-12773.1	0
-27078	-12805.6	0
-26974.2	-12838.6	0
-27026.3	-12871	0
-26997.2	-12903.8	0
-26933.6	-12936.5	0
-27002.6	-12968.9	0
-26907.9	-13001.8	0
-26925	-13034.2	0
-26938.6	-13066.8	0
-26845.5	-13099.5	0
-26915.1	-13131.8	0
-26848.3	-13164.5	0
-26822.2	-13196.9	0
-26871.8	-13229.3	0
-26767.6	-13262	0
-26816.9	-13294.1	0
-26791	-13326.7	0
-26723.5	-13359.2	0
-26793.2	-13391.3	0
-26699.9	-13423.9	0
-26712	-13456.1	0
-26730.1	-13488.4	0
-26633.6	-13520.9	0
-26701.7	-13552.9	0
-26639.4	-13585.3	0
-26606.2	-13617.5	0
-26660.1	-13649.6	0
-26555.1	-13682.1	0
-26599	-13714	0
-26580.5	-13746.2	0
-26505.6	-13778.5	0
-26576.9	-13810.3	0
-26487.3	-13842.7	0
-26490.2	-13874.7	0
-26516.7	-13906.7	0
-26415.3	-13938.9	0
-26480	-13970.6	0
-26426.2	-14002.8	0
-26381.7	-14034.8	0
-26442	-14066.6	0
-26337.5	-14098.8	0
-26372.2	-14130.5	0
-26365.4	-14162.4	0
-26280.6	-14194.4	0
-26352.8	-14226	0
-26270.5	-14258.1	0
-26259.6	-14289.8	0
-26297.5	-14321.5	0
-26191.6	-14353.5	0
