0.084988	338592	-13488.4	668120
0.093410	-436303	795167	-356554
0.012540	-298261	646956	-615923
0.094967	-502025	-248646	432010
0.065394	-435161	-123552	-62639.6
0.009672	-161789	479675	-433219
0.029116	-129619	-864595	295638
0.056448	-97039.1	531814	-163961
0.099227	487806	-526467	117187
0.100149	-354150	61561.6	277793
0.016185	-580645	29558.3	-130411
0.100214	55009.2	-425457	-258971
0.099056	-283082	-743063	-21176.7
0.050500	745449	185973	258904
0.083453	937482	-102691	627743
0.014471	-691763	394711	-218281
0.043555	642546	806140	-104036
0.095265	-274659	126800	486964
0.082427	82069	350914	433444
0.099009	188030	-357447	-314987
0.067852	687439	-327750	-24283.9
0.004096	-794894	355708	406671
0.086827	32094.3	-183380	-1.08872e+06
0.096582	182287	-474614	-98050.5
0.070036	704633	-227852	-226182
0.078599	255922	-294064	170106
0.077123	425063	-128591	205630
0.040985	566368	387371	391246
0.068234	109923	20300.6	392792
0.018167	-783573	-593061	457184
0.073501	97896.9	605749	426945
0.003522	-265916	598644	229753
0.028485	349455	462305	-185072
0.004996	-1.27184e+06	311412	219622
0.010384	-228897	-646461	336814
0.084524	407264	155625	-728777
0.071760	430864	195439	-165034
0.032459	175542	150812	-374349
0.098022	525840	-996486	-342785
0.003154	-61784.8	782303	-421958
0.045155	25873.9	563310	-264101
0.039757	297047	29620.9	260326
0.078968	23301	-308246	-275466
0.082377	228329	-141630	65835.1
0.018830	-526530	-873359	-523129
0.050577	-542498	192361	-120991
0.046539	-10354.1	106744	424958
0.067400	475771	379652	508929
0.073053	-104302	341899	-380995
0.078427	-1.01866e+06	167859	315484
0.029349	356379	-1.00829e+06	795841
0.070429	-617148	-490569	73276.8
0.067344	73803.4	-120057	-475929
0.016991	-372121	-423769	163698
0.012348	-169962	-85809.8	31379.8
0.052164	317173	-254576	587005
0.099158	-267601	-24879.5	-190345
0.035816	-60387.2	-766544	590230
0.061150	225702	-392062	581111
0.023676	-428219	80040.7	519371
0.078281	-453185	492366	528170
0.027048	-382268	19075.4	656406
0.052578	-642793	-121637	210751
0.071835	220305	-266748	-537174
0.091761	-309261	78438.7	-466951
0.099752	817355	-735831	464673
0.056561	204846	-368610	-83779.6
0.013919	-291951	-531077	-437258
0.015449	-549396	122866	-2259.44
0.026040	-557097	-577734	-626482
0.087565	-333269	140501	553598
0.025880	-458148	-124450	-449522
0.084687	-555593	-106046	406464
0.025810	134115	-612349	615303
0.096231	-403117	-781703	42698.2
0.037005	-208557	-688478	785785
0.019986	343314	-210477	-370508
0.026366	-791582	-472182	385055
0.062929	-117160	-62355.9	-855486
0.049050	313418	890427	59249
0.035917	638518	-506401	-494550
0.085965	448229	730808	-35305.2
0.060137	-9629.66	-694274	-453433
0.057048	220186	-486246	150220
0.095091	-259157	-729365	154839
0.029974	376285	-97159.9	395188
0.078002	-722762	-340091	-383219
0.077507	124671	179023	-522418
0.038902	1.09586e+06	-802230	-492682
0.058325	85323.5	-433397	-459791
0.008159	-673350	561421	312343
0.005722	51518.6	549643	138491
0.054383	36890.9	226964	-573460
0.080345	518494	-222732	-314109
0.095942	-655800	-742125	-754761
0.013314	-289317	-91608.1	-134528
0.058988	137503	-696946	110441
0.048858	-459246	303401	278803
0.001736	-383310	-219810	513087
0.034958	-386854	-40138.5	56777.3
0.017343	-140393	-648663	568238
0.082228	325929	763857	10080.5
0.031286	-72847.7	-258157	-948231
0.054799	-74853.1	588631	90624.8
0.017330	-388985	-92816	187790
0.062265	279531	-602352	-47882.1
0.027102	-82261.1	-420580	-120308
0.067595	494212	-25204.4	-111382
0.070842	374710	112336	-508672
0.076860	-884412	523971	-594758
0.046899	-710499	-176698	272772
0.008740	-361128	554278	63454.1
0.023778	-87565.3	439911	77498.4
0.094824	-1.04492e+06	205830	289616
0.016309	-781989	-341526	550222
0.085975	205548	8391.81	504194
0.055823	-552301	23240.1	101574
0.103093	-424702	439259	-17838.2
0.007564	326493	137975	-540200
0.045392	422429	1.09873e+06	-437956
0.011062	177945	394192	22596
0.099627	148222	-216797	62014.3
0.000236	-555763	446975	-247990
0.080416	-1.02072e+06	197638	208544
0.083703	-97982.1	-318902	-916393
0.090204	775426	-651866	290591
0.009031	137868	-206285	295513
0.041712	240448	317267	334786
0.027141	30447.4	176700	246397
0.083297	264267	326592	490398
0.044998	58299.8	-328792	344792
0.094401	-407027	83139.1	142918
0.018815	-907096	-410250	-7240.74
0.027407	573996	-747272	104146
0.014324	-886731	287773	-753690
0.013891	-481101	843482	-196319
0.089867	-545097	-77222.9	-116544
0.060361	-386832	-242463	362488
0.056676	-39659.1	84657.5	-245217
0.014875	-646206	116073	-129754
0.088292	-693304	306139	-5736.47
0.064176	-7204.79	-225061	-217289
0.036660	153657	-1.63238e+06	335990
0.053136	-561346	406879	9594.67
0.041795	319187	1.10676e+06	213089
0.008191	152360	385212	333282
0.025348	-541239	-651634	525532
0.013125	-330968	149265	368717
0.019495	-172487	477674	469080
0.025546	37685.4	-173954	723114
0.042825	701068	861841	-372958
0.005059	-673155	453790	-84192.3
0.092435	86170.2	-410354	-1.02688e+06
0.097551	-200451	-627053	-248951
0.051063	449931	-273051	255637
0.050364	-54445.9	713084	-286772
0.035248	-501648	-850360	291715
0.093214	-69038.5	1141.57	49583.4
0.038890	955528	-744223	678093
0.012003	168910	-466780	502436
0.080227	161241	-20302.3	-548794
0.039437	1.38602e+06	-539443	-927065
0.025704	82172	-607862	701694
0.041562	859759	1.1833e+06	-244950
0.009424	-167761	-996158	-571721
0.013640	-113406	151549	-20786.6
0.097481	-56475.2	707807	-31585.4
0.098622	497520	827246	-355521
0.059222	53099.8	189769	-325761
0.006383	-74991.3	79558.8	197443
0.023970	-71720.2	-741969	-338612
0.035959	-143049	-882348	-614694
0.084035	246410	305893	-988880
0.001187	-592288	101825	-416310
0.004389	695090	-242495	-68717.7
0.017519	312867	421544	26264.8
0.066557	13615.7	102651	-647755
0.075783	-755033	-664856	42373
0.067032	-317816	356690	-18592.8
0.047182	106318	-267035	516274
0.056665	-623964	10966.6	45653.7
0.031305	643616	183393	645156
0.076688	-604643	171341	-405024
0.020252	-960911	273905	709389
0.071292	33993.2	-3159.82	207697
0.018818	768302	-68083.5	-181437
0.038225	988664	-792136	81680.5
0.065399	365908	-250822	654913
0.081422	-1.0938e+06	-399627	673121
0.007836	-33322.1	-318180	-574650
0.096325	243474	-893808	125765
0.080581	-116241	532085	291651
0.051198	-48547.9	-96625.3	825444
0.044973	-330480	256256	-143997
0.045844	-212986	919228	-407031
0.031682	678293	-899267	-30199.2
0.053139	166634	-221284	511283
0.052777	-36961.5	416384	-97060.1
0.084488	783150	-114727	-149509
0.082935	-76875.4	612677	674394
0.066742	-680540	283347	47455.2
0.039120	992214	-305865	-74546.5
0.084605	-47265.6	375555	608892
0.055086	72602.7	-232385	-68993.6
0.036868	625332	-731023	573855
0.097886	693648	-436925	703987
0.090959	856130	25242.2	295491
0.057206	-483284	31777	266140
0.063905	-246962	605817	-539076
0.061463	-365011	-666916	713529
0.021144	535101	443793	-368180
0.030242	153431	164573	-960265
0.048349	-107910	52757.8	-404587
0.023369	-418937	-15135.2	-499525
0.086784	254697	712687	-622074
0.020183	-139224	-154697	24419.5
0.023735	6636.71	-211408	356518
0.018426	-3006.32	-567589	771580
0.023120	-179284	-335098	-455926
0.045252	484813	402763	153364
0.032059	104707	-260082	-147681
0.095937	617036	-178383	364855
0.044934	426885	1.51753e+06	415226
0.019599	-991636	-269612	479825
0.093716	86172.3	-106030	52586.9
0.102031	447641	-420867	628837
0.045654	-406747	-99756.4	232081
0.010933	-102789	-23852.4	-581355
0.026551	-199949	307604	-165415
0.041905	474172	145010	-413396
0.061297	-4028.17	429914	-285402
0.027182	-584914	-667204	43220.4
0.062287	275780	-250631	-115805
0.073795	-312465	-355077	179405
0.022343	-226152	168495	-623672
0.012027	-303413	-172077	-130549
0.030189	-534364	-1.42676e+06	-531283
0.032953	-819565	179221	-48062.9
0.043596	48096.2	210698	-318821
0.051941	49783.3	345142	-642640
0.009368	-571119	311340	526983
0.027691	-310515	-232851	533252
0.083119	312840	581925	208958
0.003312	-669573	99622.6	291397
0.096770	667389	-89250.6	637021
0.075799	-472070	349755	205910
0.050454	-352709	601414	-125809
0.059462	232321	-472732	-430837
0.024502	-6146.33	537921	-60798.2
0.047134	180904	-101547	-369751
0.100300	-608661	101276	621788
0.057262	-134215	-604121	677054
0.053586	9276.52	-70114.3	-366605
0.024598	-369423	-1.01837e+06	639686
0.050554	-221793	-164856	-53418.4
0.064442	-86633.6	-427116	-158268
0.071031	-48398.9	317526	749147
0.040983	1.1745e+06	718604	47099.5
0.037989	373906	-660937	-52703.1
0.101678	673591	648135	-600476
0.003745	162268	-1.05503e+06	-167456
0.091458	285672	557321	-171077
0.094604	-52308	460938	71059.8
0.081902	303916	-470088	-523229
0.010143	-219143	381135	-76479.3
0.027062	315215	-621212	-45071.5
0.034362	-524449	-588807	-361904
0.070898	416495	-210112	550518
0.014211	-407331	310615	79842.9
0.073950	40744.1	-262937	-719562
0.010777	-153803	455386	-280612
0.067489	495018	-536098	-185690
0.050934	-315687	236601	-223391
0.081181	263057	-149630	551483
0.073968	22740.9	439229	-47820.9
0.093905	43543.6	-289145	368488
0.092510	807993	311411	295570
0.034207	-393955	-1.10989e+06	-390610
0.072689	612638	-95429.7	370271
0.020595	-160831	-582351	123917
0.003316	373567	-192523	155084
0.076891	528584	429960	-131550
0.051429	-849156	44855.3	-333920
0.050156	-517557	315767	488908
0.093637	594057	-1.0944e+06	-10438.2
0.063293	-818808	-892142	169774
0.064184	217334	-925749	254603
0.088359	13756.1	-455969	-615322
0.083230	-794420	406734	-151098
0.059265	675307	96663.4	-442063
0.019672	-440078	5178.74	754023
0.024769	358438	305013	-68675.8
0.092409	381243	21447.6	658577
0.003261	447421	-425338	296193
0.050742	-991448	442645	34647.5
0.017549	-157245	175114	169429
0.101039	-163412	184144	-270233
0.073278	-81921.7	-365441	-503549
0.052532	-506976	148442	743251
0.049042	-55285.7	1.07585e+06	285334
0.006714	-1.13512e+06	60515.3	553595
0.070223	544926	-131345	-375775
0.004461	-83785.8	1.00602e+06	68351.3
0.007162	-165044	-301056	-239242
0.054379	-479177	-728435	390833
0.010717	15585.3	-842089	719007
0.084963	-569.041	446112	281280
0.084458	538473	-204892	-172089
0.074625	598854	-162408	-159062
0.015185	-400873	-239514	-332306
0.068497	34286.8	-189463	225046
0.053671	-987036	-783254	-8038.34
0.100365	48851.3	629390	-354805
0.067596	297536	-754417	427262
0.083146	270625	467301	308534
0.047469	-15554.5	528949	507300
0.044174	-801494	-87484.7	-595883
0.085913	-113483	-718527	493398
0.009260	280879	82960.3	631841
0.012868	-392338	176796	-934892
0.018206	-34022.3	-556612	264139
0.040791	694764	513158	331163
0.085269	-488906	-56136.6	-805238
0.082889	-181481	-507075	-273962
0.006388	-634574	672672	130681
0.041514	194463	-72810.6	183998
0.053886	-615794	302945	-665062
0.042835	283177	836411	-312496
0.067746	-117068	224176	-251890
0.064834	290747	-25431.6	-171073
0.029650	-326655	-462532	-585768
0.045430	-261871	-243259	764028
0.001858	-139238	-168540	259151
0.101842	656984	269250	-19260
0.017356	-477544	-827408	54980.4
0.011284	-235402	100495	294794
0.038542	1.59317e+06	-505975	-2909.18
0.020264	83773.7	-107328	-247416
0.050613	26349	247793	-78179.1
0.034939	-610026	-652691	-211793
0.099005	-601871	-663537	511838
0.094999	-32203.7	276293	-270393
0.005777	-237917	-10142.7	329332
0.076203	372455	154343	-176923
0.028721	-291754	360439	880564
0.043954	26542.7	979935	192453
0.056148	283702	-100772	-575256
0.097896	50150.4	-91902.1	320168
0.042907	914436	685717	-342126
0.101169	342904	-353016	-600000
0.031155	-322998	106975	-50263.5
0.072392	349483	-383743	-182694
0.069302	503664	140700	335007
0.055787	-76749.8	120428	-19720.4
0.072198	-56272.5	346024	-63777.2
0.068648	534961	-169217	-351913
0.018278	-1.06531e+06	-23518	-163979
0.013677	-810633	-68577.5	436329
0.000322	775370	509654	425527
0.018028	528077	540338	320558
0.004251	143650	-752085	892752
0.057468	-360709	286114	-633851
0.090886	-268603	-293137	-406176
0.069057	678741	294752	-214718
0.020147	624427	-55702.7	444484
0.038226	1.06615e+06	-429645	39644.5
0.047671	-256749	479607	-16792.5
0.101136	756298	476375	-483078
0.016675	-379602	33390.7	496679
0.088350	-113502	425714	-210026
0.067131	-35127	-1417.55	397561
0.038649	443168	-1.26506e+06	-316812
0.020200	-393919	48086.2	447976
0.043851	337520	297144	-491204
0.050517	-801718	124117	637249
0.012478	733144	284818	-5893.16
0.061236	152232	51084.3	221029
0.023579	-107362	49438.9	168660
0.039783	827789	125843	-31493.8
0.060467	156216	-699608	124136
0.026583	242519	-110674	529371
0.030131	924076	-246237	69789.6
0.063632	77043	-837464	-247638
0.027625	-476619	-758703	170879
0.085567	-633846	297070	239486
0.101883	-126594	-16725.7	170578
0.075882	-418255	-552815	299761
0.035274	-665500	-680565	-334011
0.061021	-288321	-529881	575388
0.010947	-202529	-52.9252	-213182
0.094281	-156674	-153448	479220
0.091312	-91921.2	142024	262520
0.084807	874815	-212393	162867
0.027079	-107335	-539012	93861.8
0.062533	-338987	298840	1.03231e+06
0.002902	-625497	137689	581700
0.043857	-134694	306612	-166830
0.032347	427590	250831	-26168.9
0.016925	-503250	233896	214618
0.019081	158863	-401271	589765
0.043108	525006	429313	-681237
0.009839	152507	424512	86219.7
0.061777	-484494	-360506	-180676
0.049033	-445678	759801	295487
0.072372	-216384	-282978	340839
0.072596	-410567	397278	154447
0.065566	525842	-226529	-539892
0.003482	9888.33	-283003	1700.19
0.007109	-286271	-422490	-15166.8
0.032574	-285789	230851	-520996
0.054870	-618266	-170463	-81037.8
0.068077	175232	-588637	341653
0.041760	1.31789e+06	1.05192e+06	-437125
0.084650	381085	-40302.2	-232356
0.074352	48316.3	-773250	-6648.61
0.100138	322169	-389076	-130236
0.054892	41424	675585	-110735
0.034247	296297	-52927	598279
0.010877	343554	-521503	-59057.3
0.062530	689626	26166.2	-724912
0.080574	119567	-188590	-41788.5
0.044065	-574499	76548	236738
0.008929	112199	568573	-483222
0.028119	380567	-532853	549154
0.016192	649423	-863228	294647
0.028700	868754	-237131	-394671
0.045662	-306717	963570	115702
0.054513	-187407	-754606	-52773.6
0.047266	-741634	742296	-78282.7
0.090861	292774	-300251	255148
0.052745	-290804	-356198	-897341
0.096542	965197	-150217	-1.15693e+06
0.066382	604843	-224007	378962
0.098408	179944	514117	-739137
0.025400	-23405.6	60577.4	494884
0.070510	384923	-172022	535289
0.030185	119216	-489870	269754
0.070304	-154618	156486	780140
0.072614	468241	-390632	673533
0.007098	-94564.8	663235	59059.4
0.027080	-243438	442247	721066
0.023052	-525828	-808389	-141359
0.069203	-169452	-25645.6	76136.1
0.087939	-43945.7	-253014	547255
0.035661	134634	-8811.22	-273.705
0.081400	-105524	-247568	619841
0.069210	197250	-539025	-709475
0.001016	496813	-338600	327364
0.062349	-936984	-431686	18627
0.039511	1.0159e+06	-22953.2	-536676
0.094249	-382080	126661	-577027
0.000366	-158648	181385	252726
0.047954	-446254	-406810	90151
0.044593	492019	1.57306e+06	686176
0.048163	-431983	735901	465363
0.078998	476978	-509406	-736364
0.033727	372039	644023	347727
0.081732	-167740	122597	512643
0.048652	-1.10934e+06	231337	-136166
0.003478	-116540	477627	-230607
0.019016	-843135	-143212	829105
0.075099	136614	117607	397464
0.049096	-161425	128699	87482.9
0.016048	-702511	-48451.1	247066
0.035207	-611086	-1.05091e+06	-109585
0.062519	-600619	-225348	-359344
0.019115	-80116.8	713514	-746928
0.076411	574645	-724376	-25401
0.026330	56036.3	-472917	1.21839e+06
0.095299	-171339	-641933	343149
0.026985	-310167	-230004	-883108
0.079521	18688.1	546313	289915
0.019865	-295333	69776.9	344329
0.029403	-849654	-117383	-364244
0.008506	-232610	59529.4	-946189
0.060166	57111.6	-257934	532330
0.070527	406021	823380	-211701
0.056839	209165	-533438	266722
0.044280	511136	1.10054e+06	218347
0.067115	-242929	-386093	415043
0.066914	-343376	715070	-125605
0.070498	158911	-34158.3	217275
0.065857	604709	-708976	47430.9
0.097805	-23943.7	418104	-30206.9
0.021181	575441	125151	-455887
0.073909	-84046.6	-891480	500590
0.024303	-337891	-582232	-151820
0.012424	103602	38051.2	67301.6
0.063353	-512334	235058	501391
0.046724	-137705	671791	134411
0.047553	-388839	476017	75056
0.068390	818297	-812297	-130841
0.079149	185999	-115303	-595096
0.036474	-293507	-1.32123e+06	220624
0.068097	-625900	-408001	-437738
0.042526	169136	994764	-557446
0.086691	307356	-63218.5	-465387
0.086863	-469660	11332.1	661618
0.026352	106291	-219618	-196641
0.063806	-431233	31479.1	312521
0.059781	285864	-221611	-499318
0.056098	-26825	6607.67	128254
0.089526	904605	452395	-532425
0.026913	271251	598203	-505491
0.032568	214661	189394	-367082
0.012774	-81307.2	928035	444905
0.097271	1.04913e+06	-236411	-11917.1
0.067334	737025	-402273	522463
0.050247	-491153	-202888	630849
0.066596	-706344	-595443	427752
0.056525	-554490	458851	143912
0.067063	-305763	-306937	59625.5
0.056134	89948.6	-282263	-167375
0.074450	-178573	-425984	-190797
0.054074	-677882	105995	-9812.23
0.102131	-12065.6	304327	-742392
0.023168	-561013	955653	542005
0.010749	48378.4	-169137	-207589
0.011773	-717668	-524848	426807
0.006559	273697	638342	-25530.8
0.042896	829434	219443	1.03495e+06
0.047197	-351064	306112	804435
0.037454	603006	-985914	-424273
0.078383	202432	-510180	-659707
0.064966	-307419	649784	-28644.8
0.080387	-24839.8	2477.57	488470
0.096560	-607773	114362	-1203.2
0.100871	-468922	9074.8	185524
0.019860	-212759	-555608	-15936
0.013771	-229114	940008	-615369
0.071540	-218615	-567354	-541754
0.010394	-325734	-12583.3	696556
0.054356	-445966	-871785	-29246.2
0.054856	378870	-831291	-42003
0.088484	346987	280366	-666255
0.050342	32375	670768	154964
0.040337	1.24851e+06	1.12158e+06	-390156
0.068586	211754	-483207	-934075
0.077016	-198822	-306323	293120
0.053843	-546539	-782984	12370.4
0.035639	-163844	-1.15657e+06	-363820
0.014954	-1.07234e+06	470068	-581274
0.060642	-447749	-253162	-24754.2
0.027030	-361329	113717	-107180
0.004567	-382336	317692	-36730.3
0.078103	-51961	-418587	-40442.3
0.024227	171478	441721	-923535
0.045780	-191068	-219547	-12892.3
0.071307	825497	236124	115981
0.037239	365669	-1.01172e+06	50750.5
0.075727	32535.8	171951	-502728
0.041609	455538	1.12831e+06	773977
0.070962	-176085	614435	226013
0.072593	174119	19165.5	-288402
0.045533	-1.38252e+06	585320	-245688
0.001558	-80654.9	-267202	-479590
0.033777	390917	202200	-485862
0.044407	-436694	753277	500669
0.027247	-297867	176990	-744167
0.020038	480191	-142678	-366395
0.084587	-441472	23102.8	-481120
0.044815	-299467	404305	321421
0.091963	-540993	-350842	69988.1
0.039901	1.059e+06	-549156	-609310
0.079978	551164	140684	374162
0.041066	765094	106184	-10097.5
0.083888	-395107	209343	200525
0.077703	-212450	-481063	-464397
0.039028	2.32343e+06	211706	-26142.7
0.023318	325328	-328537	976908
0.082133	-99185.6	-159694	323300
0.098113	-397493	-546289	-153345
0.034216	-289972	-261719	312094
0.069194	25423.2	-230932	-295845
0.044727	-262101	319784	-690281
0.086220	-335646	-484925	-57264.4
0.079138	409429	125336	-455106
0.018052	316300	-767845	755041
0.089062	772861	-91152.4	-163494
0.101847	-62936.3	-343779	-627652
0.053445	42762.3	-59196.2	199634
0.092028	779910	12562.7	505558
0.060686	288062	-967870	-184036
0.015312	-359296	-797823	-718134
0.020268	-678725	4415.47	-427176
0.042224	1.15765e+06	1.03202e+06	105716
0.077445	160530	-311434	-54250.9
0.085908	91804.2	-447803	459367
0.082148	-127903	-221663	385403
0.032579	-10061.8	-368021	-401556
0.055916	144357	-478072	647737
0.009607	40076.5	545826	301992
0.011067	53332.3	-182321	-506671
0.013762	-694799	939247	-350864
0.069326	250658	96634.5	-941652
0.051316	983.99	-791709	60080.5
0.019685	587385	167341	49380.4
0.052228	-73927.8	2898.44	1.00875e+06
0.015834	-669765	131131	569112
0.005518	510006	43515.3	-178159
0.087699	81364.1	79992.1	-365879
0.057342	287602	-219961	-695861
0.096392	393483	364356	171101
0.071733	254717	152572	-387324
0.060339	74416.6	-149845	13337.3
0.084762	-91600.2	-355203	366060
0.090874	1.21162e+06	496874	-116292
0.101926	715281	376584	-445031
0.000058	410276	106806	3308.6
0.089736	44021.4	373204	157939
0.063945	-30895.6	505442	549515
0.102149	-40683.2	527540	-327049
0.054702	11912.8	-1.20514e+06	83574.5
0.049001	74599.3	387764	-648550
0.083646	-273816	607741	711890
0.023765	478787	-196992	183725
0.051258	172802	615505	-309604
0.093602	-244322	-689381	361731
0.059778	-317037	-472551	300410
0.087494	116637	-241520	9139.44
0.077205	160351	-202215	763105
0.060139	-225144	-450949	-527215
0.025049	-271789	-736431	-500149
0.069492	-163942	-151881	520931
0.009072	-57358.3	-298658	438551
0.065337	-63309.1	243650	554633
0.068766	-523324	318917	358115
0.075356	64438.2	-121700	-185519
0.092515	-82949	299359	318814
0.101307	-41732.6	317181	-379325
0.079411	43785.9	-6828.8	-195622
0.059966	53840.8	-574788	-224486
0.095355	1.10119e+06	-398866	-749915
0.059829	205309	106956	-222178
0.002075	578680	-856621	321461
0.012151	-279472	208376	-367233
0.089079	700726	-528725	-224329
0.050447	-898598	194293	325052
0.087577	385655	410844	129105
0.021642	-244127	-454592	-33498.5
0.056607	140696	-130966	-572422
0.065551	-45059.8	125698	358574
0.003097	-404903	273364	-221043
0.063561	-697375	618440	-70353.6
0.037364	295252	-412431	-159208
0.004937	471424	254384	-197317
0.050401	-665269	-1.13013e+06	-278510
0.019004	-46534.6	172848	-941334
0.012275	587096	-359545	-475761
0.021044	425134	366804	-231438
0.015759	-711918	-179195	608282
0.020124	-592948	-265277	566281
0.004992	-89531.5	-600733	586050
0.066234	-73605.2	651189	492851
0.029031	178506	-1.08431e+06	-146754
0.055823	-436340	123188	74780.7
0.071346	-43277.5	-356678	-624262
0.052292	-302083	248021	640357
0.055332	-462897	-190249	-130227
0.045445	-599914	782219	-643539
0.013091	-256276	436835	269777
0.051026	197382	-7922.13	271493
0.087282	286780	-620999	-1.03304e+06
0.090470	-46576.8	495220	9456.69
0.028678	44537.5	55038	713433
0.021163	-771722	718363	-422356
0.057915	21898.4	565369	-578286
0.066327	450096	-100098	47842.7
0.043476	-110570	1.04973e+06	320241
0.021791	89595.7	-372138	480936
0.098557	-351850	42177.1	445113
0.008750	-230794	-320816	257620
0.011598	300383	269763	669275
0.015041	485714	-23373.4	347057
0.016857	98435.2	-203333	-381307
0.064948	71246.9	-232405	686619
0.059452	-265135	206633	67719.1
0.005292	-744684	202345	-101811
0.096891	182868	814191	512546
0.075359	250097	274835	-67612.5
0.076582	-249873	-301073	210665
0.006295	37128.3	377615	-275264
0.089506	-298160	-486915	450812
0.096934	478585	-606754	216925
0.101789	-308695	-73822.7	-109659
0.088390	-772162	-249088	-530319
0.081840	272565	-249461	536701
0.053209	-222822	-217647	69609.3
0.018634	159655	-615324	255820
0.041872	610123	789558	628849
0.014585	209431	975276	737136
0.003593	-377368	86841.7	401430
0.097095	916567	-32726.4	-118881
0.031182	834217	-218775	-6326.37
0.031251	426496	-695797	673878
0.034989	-996031	-497870	531519
0.048958	496566	297979	621891
0.067296	412483	18509	204223
0.001879	-171263	35202	-749006
0.087760	63923.2	459866	595774
0.057588	289789	907831	-283358
0.089149	3122.43	377982	756627
0.035805	-65150.8	-1.51256e+06	-210643
0.046226	309265	1.06182e+06	59706
0.005925	244839	176482	315000
0.018698	-104059	-141246	373386
0.068764	931601	494606	158801
0.034403	330838	-929870	161645
0.093576	290367	-18709.5	585031
0.012828	760451	561754	610638
0.102755	531554	607099	453258
0.055698	-431900	-777092	-198562
0.072642	-550626	-251215	-541401
0.000538	107931	-72170.3	602519
0.029178	564298	-339571	-629517
0.042364	910539	1.28318e+06	-549577
0.048390	-645265	34847.1	282963
0.078719	650695	1.04603e+06	-364788
0.084721	-410060	652666	28311.4
0.010324	28911.1	723430	-51408
0.018309	-374667	-749344	-129687
0.037126	615160	-980931	-105005
0.006079	-219355	656433	213067
0.054407	-178616	-58204.8	392920
0.034835	-488841	-1.57642e+06	72165.4
0.018266	230354	-858603	84594.5
0.020957	280293	746394	-685774
0.093677	-245592	-665012	-15623.8
0.070003	244936	-533080	93624.7
0.048013	-455038	223962	-486394
0.094206	-168840	233633	-213124
0.010831	-288647	28896.9	65676
0.077481	-126493	764766	315523
0.076344	-648284	-155542	134719
0.057590	44011.7	101455	-579754
0.019356	446152	-584859	296520
0.061173	-41696.4	632509	-657671
0.031170	28067.9	-23314.5	125213
0.014091	-240347	-172060	212823
0.022369	-597521	-378925	371167
0.092227	76133.9	488019	-417828
0.007571	294307	-3300.84	177554
0.025421	-316463	352036	328631
0.005010	-380636	-625684	-567838
0.045436	-349407	1.26307e+06	-286476
0.001621	-47787.7	-375624	250370
0.093166	679773	-257798	303360
0.019761	562910	163181	-606709
0.009259	70609.9	-250632	-414709
0.032047	1.07063e+06	-304185	234350
0.048053	-411678	1.03872e+06	866753
0.010499	-51976.7	220831	-25722.7
0.103207	-129677	1.22975e+06	177163
0.034138	-345295	-366348	-245676
0.031179	-328463	110431	408393
0.006400	-491794	348710	-23574.3
0.030151	-51998.5	-944456	-735363
0.004459	228860	-160477	-348119
0.051889	-551251	17902.2	-436808
0.079479	558042	-264412	678002
0.065132	546959	-49523	-194044
0.010144	-395885	192175	856668
0.008605	-148637	75963	237608
0.080121	379476	-723052	-339128
0.093457	-24815.8	278443	-238916
0.055973	-441391	-65651.9	737689
0.011432	-405430	-89550.3	136029
0.084654	-188519	-343772	-844460
0.034612	199449	-816551	-393686
0.030553	-239757	386614	125127
0.076404	356769	702765	-865414
0.000669	-97299.6	83672	-409294
0.005052	-201950	456935	36224
0.069187	195414	-115216	50600.3
0.062805	-412081	327696	347112
0.054930	-232131	-613925	482182
0.076247	302276	-561952	728718
0.073394	-562715	430704	189873
0.080965	-374317	763512	85027.2
0.029489	555862	-1.22041e+06	-323910
0.072025	409842	-35179.2	347986
0.058186	422686	393465	576315
0.040868	1.06567e+06	885164	-175034
0.007081	-248107	-717681	719069
0.081150	574151	423289	401022
0.035158	-246692	-1.25964e+06	217197
0.062797	651703	202057	-125537
0.076743	-568041	-565082	14238.2
0.010310	-10207.4	-128044	-551365
0.012966	-611797	268130	-275770
0.056593	-586896	-353250	-294925
0.049731	-777352	-23954.8	-504113
0.091830	-1.00361e+06	500161	-351341
0.082719	632397	62588	17150.5
0.076166	912287	868337	157297
0.004714	-243958	705646	-613720
0.007301	-953524	-269216	-248235
0.009346	-321667	-121761	186336
0.081993	-478872	-168722	-659555
0.098087	-201531	-235619	485880
0.070814	58737.3	-235146	43363.6
0.013746	-112693	560428	76269.5
0.074925	-51291.1	-426823	116866
0.010750	-174717	-485279	-687819
0.012264	132129	-514077	103393
0.065919	179527	386109	-411372
0.034222	-81637.8	-779449	188216
0.066986	635800	306472	-706550
0.077748	-76770.1	454613	209499
0.060000	372147	-182354	-374302
0.076530	-223501	146514	-73943.6
0.024196	-238576	-217422	-112860
0.076212	176890	351029	138802
0.100734	642996	220053	272322
0.089504	221212	14979.4	-236651
0.008701	-337268	-399721	-230858
0.037325	842038	-729605	-618736
0.038407	1.14941e+06	-779633	193363
0.070900	94802.6	160292	-7327.27
0.061872	-24651.2	-722149	-22113.8
0.081983	-5133.55	154006	279811
0.038817	1.39887e+06	-193934	778678
0.021543	-185408	-10288.8	221987
0.008676	242123	3045.77	-302948
0.079905	592512	317870	1325.22
0.021158	250402	-335396	-134179
0.040158	829518	-101747	-37712.4
0.057147	361001	228975	32499.2
0.024023	-274195	-171678	331290
0.066617	538187	356123	171301
0.050164	-255062	1781.69	14159.1
0.014826	-253708	1057.38	-908012
0.081085	-493764	349239	149373
0.010585	-54306.1	369728	174662
0.030576	168951	-354482	139788
0.024220	527884	-548434	-357558
0.055257	892681	-329189	309914
0.009522	-368190	-317007	51754.4
0.041466	1.02949e+06	455708	-498707
0.011579	39491.8	56540.2	741016
0.011509	-893311	-108474	-115077
0.081352	-165955	199808	157892
0.030584	431360	-113327	411925
0.062688	367318	53307.8	220762
0.099465	-156217	-248556	-370981
0.044950	-474706	260854	188559
0.072501	350649	-391588	599347
0.078943	339692	-19917.4	482394
0.044240	-103798	509277	-553639
0.067406	347509	460924	-455542
0.011227	146545	28167.8	-137114
0.096403	275111	663567	-256423
0.019332	-357747	87134.4	-73004
0.027629	65760.5	128164	78700.6
0.083378	-207740	716926	809276
0.050463	-44286.5	-641050	-10538.1
0.080124	453611	-108023	539428
0.040537	1.11539e+06	-321163	-470262
0.028194	26421.7	177640	-60162.2
0.003915	-972879	-65246.5	60375.9
0.069617	-209374	-328911	-79115.7
0.045083	47287.8	501128	632220
0.047432	-170051	945172	688194
0.062580	236395	142700	-557331
0.006453	323396	492428	309087
0.032768	297540	-435448	77400.3
0.079385	-606782	187477	-612114
0.072456	135746	52579.3	375473
0.013081	463057	-136188	110046
0.012895	166989	427542	-588341
0.009801	632081	-223171	245994
0.000870	-247171	-498060	61770.8
0.044260	83533.9	672861	473639
0.067745	26434	973043	-116731
0.074832	626519	-189903	1121.3
0.054471	354556	-15961.9	-528072
0.011122	319361	82090.7	-144910
0.064739	-866833	-280576	-668978
0.012827	-389725	156000	-271496
0.014243	227871	-708210	349073
0.009926	-360003	-545769	-285605
0.013778	-843482	310834	-940292
0.017578	-624618	343978	164866
0.020575	-708573	222076	268988
0.033061	43193.9	-928348	201206
0.032692	-857670	-457660	-64422.5
0.022569	-622990	197646	49643.9
0.026325	-852124	-207281	347561
0.092307	292506	140314	-122621
0.072688	923342	-3027.37	-104240
0.057489	23779.4	-292574	-35613
0.019255	10259.6	-791060	167583
0.021827	316427	-671181	-122713
0.007296	258339	-837704	-726324
0.094508	-225976	227423	-80932.5
0.073310	115265	143894	161024
0.057714	-496488	-254924	-21649
0.032658	270246	779580	215108
0.016602	736382	51206.8	-614852
0.064363	136572	426020	-73518.2
0.102521	641334	129646	265782
0.017715	-16935.5	-890459	75656.5
0.026162	-287603	-12201.8	-533125
0.041332	473096	255200	261618
0.006926	-306580	-581406	-749428
0.070298	43768.5	599763	-523390
0.041286	750590	-255184	-381082
0.102755	-669681	32556.2	1.0433e+06
0.042013	1.43661e+06	1.22943e+06	397076
0.064039	502562	-549374	-210663
0.016242	-75163	-747904	270689
0.038580	634838	-152812	-915937
0.016166	-594536	124832	-522517
0.078161	-700503	-156303	-317223
0.090029	737883	876123	-142400
0.036497	-183905	-1.19342e+06	184981
0.070480	-444097	183798	-489991
0.031008	449943	-485980	572431
0.054558	-472616	313299	-375846
0.086612	104226	656483	458150
0.061683	-248128	20428.5	-167134
0.034844	-173829	98290.3	131625
0.031199	830364	-160236	230271
0.047060	-277171	1.25325e+06	220214
0.043440	293256	1.11534e+06	-311033
0.037455	1.09991e+06	-1.7382e+06	237675
0.058025	-138205	-277092	239300
0.077278	-609039	-63687.9	425077
0.043888	-89571.4	97699.7	-38457.4
0.045148	-801253	1.15109e+06	728337
0.012471	-171785	-334636	-463474
0.002573	-232501	-84184	42516.3
0.030197	-12118.5	-359969	162974
0.033490	117814	-561117	633340
0.067993	638486	212216	335430
0.099535	-218460	886899	492331
0.096680	236592	-301385	-181655
0.046842	-43033.9	814168	-564309
0.025010	-26312.4	-63949.4	120375
0.078539	-799103	118298	-543070
0.078333	-458630	-429791	-270380
0.076757	-423488	241614	93256.4
0.076989	114724	926239	9373.63
0.010874	-913403	-490684	-92247.7
0.070956	27272	-65713.8	415912
0.046981	-597452	-25868.1	-987810
0.021860	-4573.52	-811697	-102544
0.009441	-84636.2	-243880	-772828
0.084423	-421125	201714	-843827
0.018427	62256	-465487	318321
0.016366	-698.874	-96503.8	-575779
0.068864	572964	-657375	-75185.8
0.092193	-461399	238743	-394633
0.053759	-859875	105626	295995
0.073061	464300	-655063	331682
0.015829	-793328	357893	-69111.1
0.098936	-69165.9	-771923	248594
0.056050	-666196	-2541.8	65007.4
0.070888	678947	284028	539566
0.004081	149275	521597	300590
0.084030	119206	171867	272779
0.077841	-296348	129537	359101
0.012151	-156945	87409.7	-296242
0.053694	-552434	319746	-668305
0.033205	-783675	279700	-537246
0.056856	150946	-308384	299418
0.041594	519478	473132	310720
0.042515	1.23293e+06	1.49992e+06	-454840
0.018250	897744	-176134	-467830
0.026191	-460319	544450	-249311
0.002369	-671402	458089	246898
0.095780	-414651	-338692	173245
0.067501	-251558	-750259	-167616
0.096087	-115136	-379183	-458667
0.016534	-25905.6	58028.4	-398646
0.095334	264921	129539	-8817.55
0.081796	-563287	406016	-470678
0.060071	41645	-702345	311052
0.045325	337228	1.19088e+06	-225362
0.026945	-278983	-584132	286048
0.077317	-215388	78302.4	-527834
0.023370	519273	-106628	-307424
0.006058	-408671	219478	-599560
0.078739	121354	-216121	-700694
0.070252	698391	-12504.8	791360
0.074155	101383	-181360	125424
0.066569	-429396	612960	110066
0.043426	-13027.4	1.13311e+06	56455.2
0.040790	1.37087e+06	-720101	339066
0.083930	195036	-711785	-562208
0.032986	-431468	542449	127159
0.084778	-611981	659495	473412
0.081940	16394.6	-205814	267355
0.087668	-46254.6	376428	-561396
0.052701	-345776	456980	369157
0.065220	-355222	-524545	-589298
0.098708	-820856	701132	285880
0.046566	612477	659578	621648
0.006223	196650	457956	8937.85
0.089470	-411901	464155	-251926
0.065525	-792216	-314578	194882
0.036556	1.06525e+06	-1.06532e+06	-199498
0.000082	-1.33102e+06	537212	400292
0.022706	-928384	-16267.4	-509094
0.067860	-67856.7	161950	330314
0.062514	172772	142094	-111461
0.039921	1.06325e+06	-420950	-171615
0.013954	331979	396143	-778866
0.002653	-248981	-402951	49995.3
0.043648	833107	1.26544e+06	61515.3
0.018242	619613	-329751	-830944
0.074692	440958	-219721	-442954
0.038411	1.97343e+06	-548646	82929.3
0.087572	142096	-290277	471508
0.075814	119727	-379684	-190673
0.058971	143029	-625850	-138998
0.018398	-448878	-470696	93888.1
0.099349	-576518	345190	254161
0.027479	-774499	-428696	16872.2
0.095750	286364	-211664	47107.5
0.023658	-60763	-353625	505296
0.039271	1.04236e+06	-711963	610381
0.009031	174274	272134	-27631.3
0.066013	650756	-366696	-251756
0.019163	-354614	151197	477519
0.004809	-351293	603133	146828
0.074573	293395	315048	-290443
0.035644	180596	-961301	-328336
0.068063	-260062	758990	-324894
0.039635	928692	-379527	-106934
0.064494	-94721.1	-709822	-451969
0.002241	-208057	312287	-965.92
0.094318	356063	-79188.6	66765.2
0.082783	206078	-763822	-85485.2
0.077215	344273	-11087.5	12585.2
0.084970	-382721	397586	820014
0.040489	677650	-4078.35	825423
0.063643	335671	-242882	-256616
0.059510	-122887	-389502	-60992.9
0.054971	517411	-650494	106123
0.028763	-96666.7	-757761	297006
0.025829	-275452	422964	95730.3
0.046406	91017.8	345505	-350294
0.023808	-266313	-895299	242495
0.083472	29984.9	-42977.8	206798
0.101947	305593	452779	-127509
0.002920	-297038	416728	-190154
0.054787	206545	424240	-675591
0.008045	-288938	534158	-990287
0.083472	-364567	-141983	455799
0.101350	-468009	191003	-1.05965e+06
0.006963	106114	19226	31681.7
0.097433	-99731.6	387147	199280
0.001661	-331005	323867	-226473
0.071520	-463053	-276974	751189
0.081245	308145	-215570	122487
0.054946	-1.12799e+06	-382316	-347232
0.091882	263315	138747	242508
0.093485	-151347	-120635	437736
0.065264	78369.8	444299	482546
0.014630	-72155.1	289614	368124
0.022324	512812	441493	-227280
0.018281	-37608.9	-553620	-584053
0.004145	-549670	629199	-189729
0.011323	-338851	118983	258948
0.063722	-149247	522950	-87760.9
0.097096	40466.6	78424.6	-171996
0.036568	619854	-1.34863e+06	-124839
0.042170	-132773	601212	-339897
0.101629	-50632.1	1.17311e+06	-266626
0.097966	233945	-930862	91065.4
0.070751	288865	-36022.5	725545
0.103044	-94682.8	17982.4	759591
0.080097	721723	-289559	736575
0.034832	333843	44638.8	-25937.1
0.067540	-1.19983e+06	332791	-1.04527e+06
0.025854	-84498.7	121925	592298
0.029801	438013	-548577	-802758
0.069958	-253535	-711481	-458127
0.055351	228943	81346.6	726609
0.042576	421975	1.17856e+06	-22984
0.062551	905761	-679423	175730
0.077631	754226	-93612.7	-56272.2
0.060425	28971.1	-415712	23398.6
0.056951	-625037	-570862	-166362
0.061104	-699685	-535079	713447
0.053395	45055	-359021	423163
0.008789	-834773	127939	243589
0.075143	313640	-737098	672994
0.103289	451411	-20869.4	179785
0.036872	-410514	-1.09939e+06	167079
0.100329	-171711	-75743.3	-211396
0.036267	-166227	-933586	408780
0.091429	-91343.4	-542270	-346208
0.047258	-295492	834306	199741
0.043193	603736	990329	409757
0.023277	-816808	-497599	754900
0.013119	-75503.3	-824320	114850
0.032044	632117	-369702	67682.6
0.074812	-601550	83741.5	-355911
0.081028	-969803	157607	-8834.84
0.071029	-144159	-328692	-801998
0.000465	-157300	677512	-560926
0.088040	-376247	649154	774952
0.094551	618901	216908	-938282
0.079842	25606.9	456484	40180.5
0.004286	-607718	-379657	-134773
0.039059	651819	-476393	-96005.2
0.073020	-673126	749054	116115
0.074741	-284465	-506733	-788688
0.023334	-250066	324203	119853
0.028413	-667268	-16903.1	574280
0.070237	-483322	-48585.2	581744
0.048932	-292436	393746	-502589
0.064925	328686	-735333	371665
0.024348	-245792	256152	-128679
0.018550	-79927	-294357	220598
0.085279	-156531	126275	-610992
0.080318	519072	-778315	953283
0.096666	-129823	-561150	-63759.6
0.010911	225804	-27020.3	-262088
0.018598	-658391	316405	-269082
0.010020	225326	-346696	-242388
0.050495	-129048	81307.2	-205780
0.019774	-261784	-320987	-233078
0.092327	-141757	-42820.8	-415433
0.010569	-1.19989e+06	-326412	317797
0.005277	-59645.6	497041	718134
0.057915	-108382	-123920	235051
0.079991	365950	-336041	30075.6
0.031895	605194	-151649	-404656
0.018488	541892	-45610.9	-38920
0.035127	720947	-518473	41734
0.021822	-157447	-560270	72044
0.052336	391268	99015.6	-483245
0.093945	-249750	-10366	129603
0.064588	-25945.1	142747	-523470
0.010666	-862867	-234485	159121
0.041205	1.00636e+06	504781	763583
0.005943	894084	600126	293455
0.051732	-585379	-557774	-158514
0.044710	-532061	964879	28234.4
0.103290	194071	-138751	32560.5
0.083963	-596946	79528	-49365.5
0.050458	-343804	588399	191161
0.092770	-35653.9	308581	188067
0.014097	189798	699014	-142756
0.040922	403773	668323	563683
0.096283	1.25025e+06	767691	298255
0.094760	-72159.8	-858416	-214322
0.074294	536194	-705256	440252
0.063294	-788419	-43467.7	-725852
0.035232	-178698	-790490	-312040
0.097509	-107547	253497	633053
0.013061	618905	-205868	147987
0.075720	574380	308777	98330.4
0.067370	-50814.1	-1115.21	461126
0.086158	-936148	-398811	-84245.1
0.040831	1.27092e+06	372709	-403132
0.077043	258447	48370.3	-583038
0.085601	-97661.4	407321	-871701
0.033970	519141	-796197	603075
0.056744	493163	21443.8	-430690
0.101572	-113878	638020	226476
0.056992	239674	-633570	136741
0.033836	-120012	-821109	-376051
0.064326	438872	62600.9	208581
0.037604	740285	-890052	277051
0.078059	-111654	358211	-251481
0.043002	718435	1.3129e+06	167576
0.051148	-206231	17046.4	188529
0.071926	439851	-680959	12848.6
0.100545	67633.4	527050	-146486
0.034378	-173061	-1.08885e+06	460792
0.086575	-341375	-426972	-148245
0.076133	-94636.2	239439	-377049
0.098286	617038	434611	-491016
0.003003	40759.2	762414	-309778
0.037430	977806	-682541	500726
0.068645	647731	-19395.6	54148.1
0.029837	638132	-250391	713808
0.023833	337589	-191650	-14264.9
0.073455	85227.9	-562494	-157198
0.065034	-163104	397244	391589
0.061015	621664	139272	-121039
0.069124	-92817.4	-49304.8	776657
0.004099	-192687	-194109	-842915
0.036049	-184484	-164443	-62270
0.046346	-666017	74720.4	-376689
0.024984	351574	109654	48488.9
0.074930	-124548	-153828	933003
0.089430	167263	-252997	823574
0.029029	81569	-932047	-111235
0.075678	240613	-651052	6101.24
0.013608	454234	912005	-665616
0.086255	444187	427003	-360739
0.014637	-283974	-355329	298395
0.060917	-285681	7938.51	32662.6
0.038086	978023	-234574	188356
0.083353	-535062	-446543	-159349
0.052384	-86757.8	45766.6	241241
0.051366	-54557.2	441274	700987
0.090868	-166716	-518563	85356.1
0.036246	-265688	-767979	-321727
0.046327	-242419	432955	-196571
0.100463	347286	-635323	742245
0.004762	571462	385306	389446
0.100593	262581	-311818	-121011
0.019896	-403698	161695	318545
0.069109	-883273	-105792	54941.9
0.060913	435778	-575396	214749
0.070301	203368	193419	427964
0.037060	-553990	-948851	-329553
0.063976	122041	465804	-234559
0.084334	144089	-163403	377874
0.002564	156099	-69781.8	580809
0.009047	252091	-94036.2	371542
0.100937	105799	735703	35456.5
0.068026	312294	-167704	616938
0.024353	155409	334253	425485
0.041334	171939	1.0121e+06	-436426
0.012662	1.13851e+06	-36479.6	32259.9
0.027812	-344088	-437907	27570.4
0.026798	-424240	-617432	111577
0.034263	-1.24471e+06	-610317	-72797.5
0.015151	-258390	-382088	-617675
0.036481	453123	-1.35346e+06	467505
0.012725	-459043	-138110	135530
0.091283	-829492	-83702.5	-242299
0.010446	-961129	-45556.6	701355
0.096765	1.11676e+06	647805	506280
0.041162	1.07511e+06	747600	-141201
0.004312	351692	-474736	-609063
0.035521	92504.1	-1.18801e+06	81915.1
0.075725	-161577	444078	-465034
0.082551	564447	-495270	298810
0.056737	46398.8	-612711	340899
0.071358	-47280.6	23023.6	333957
0.092302	-953579	-48257.8	-203429
0.005439	667561	9824.23	-239547
0.031014	399776	-1.02595e+06	-426579
0.005242	-878089	132942	468317
0.020857	-1.04587e+06	-69326.7	638332
0.073976	-837565	-275318	-581469
0.074732	-27242.9	-234667	22671.5
0.091096	292360	311117	238618
0.061014	396859	-661283	741380
0.007590	170509	42997	278167
0.095507	-523247	450763	-7446.83
0.082726	142685	478426	-124609
0.029175	-395748	-749137	-432074
0.055306	-171576	242093	-989630
0.102221	-371233	-87133.4	292536
0.074133	128497	614906	53826.6
0.087238	-989867	-153964	404011
0.045346	-71126.4	1.06e+06	513168
0.048294	-201653	-139421	-429054
0.058510	-244176	-200355	480777
0.027454	153018	-685646	-406464
0.076789	-353202	103105	-758154
0.052123	-479398	-136085	-34863.8
0.067194	-53154	-580298	246035
0.031451	42798.2	-812740	-413604
0.014972	131174	-433134	627442
0.048830	-147969	-39038.3	-405115
0.037806	776717	-749243	290398
0.080994	303697	-176511	-596910
0.080453	217677	-650551	-323034
0.069326	-570519	26738.4	130357
0.014167	-787431	438939	357122
0.001679	-701531	327616	-564715
0.058615	-266510	-1.02472e+06	680634
0.030644	352959	179700	-504710
0.097174	137783	-732146	-65948.5
0.102162	297624	705940	642070
0.029459	-188375	-359658	-213061
0.083616	550420	498818	737368
0.092954	-795047	-339558	201007
0.060852	265257	-18925.9	-1.01837e+06
0.091372	-386857	-69334.6	-137420
0.097438	-506816	-971017	-252776
0.057237	416986	101070	401445
0.075497	-123048	-24539.8	102371
0.058654	-98264.3	-303375	-1.06875e+06
0.002889	32480.1	42021.2	214921
0.046459	101205	413645	243969
0.066507	-50620	269309	-402041
0.053785	362970	605629	-172331
0.038742	799970	-40783.2	206140
0.097327	89604.9	336238	330417
0.085821	-29013.6	-431509	-46839
0.087982	385896	-66875.4	95729.9
0.038331	1.7072e+06	-257250	-229706
0.061572	656593	-694248	175452
0.089743	-124629	40090.2	-586857
0.096133	-245365	-165146	-505423
0.068826	-249295	-1.12366e+06	-375429
0.021396	-413953	296897	-7218.59
0.067386	484865	236066	-301638
0.007161	215862	-296057	-304715
0.042609	-69411.3	857370	523035
0.069244	131539	30118.2	213322
0.097656	366011	205301	1.0271e+06
0.084159	-490358	16224.1	219691
0.050176	-702542	-244952	21517.6
0.078445	418350	-175882	117525
0.043098	-223124	1.48541e+06	-62863.4
0.099955	150151	780265	-647900
0.101901	144723	-170492	-372339
0.089906	168493	-56815.9	467749
0.039932	790518	-241807	-333835
0.047049	-240739	1.19147e+06	-18390.8
0.025375	438464	-832434	-162679
0.081078	335978	102202	-121041
0.091359	401116	320356	-25359.8
0.094359	375964	685945	-223306
0.057939	-344862	321346	154760
0.061761	-399879	-258602	-232395
0.014543	741510	-371811	-883786
0.093481	-815841	554773	358026
0.046738	-17145	732299	121090
0.020922	176319	-475374	-374379
0.093455	180712	196763	339107
0.079458	381458	366181	534277
0.091377	648343	344164	30125.4
0.029043	-457839	37850.6	-462715
0.069746	168618	757601	60046.8
0.068250	952044	-85690.8	-521174
0.012433	232106	-630371	-285547
0.042100	912039	1.00542e+06	-59324.3
0.028883	234078	-712489	397043
0.074128	-174940	451568	-56340.8
0.029282	-242715	-887630	-51069.5
0.092857	218602	618638	92097.6
0.086182	22895.8	-121696	635125
0.040745	434038	-276437	371075
0.052263	-513150	490274	740247
0.072036	-625561	367295	118922
0.086723	-724764	-131267	365345
0.062425	-172785	-942982	-692352
0.059566	-796028	-49602	76812.1
0.033218	-198456	466923	-547455
0.046491	-503393	31082.4	-766787
0.073779	216340	468848	-109160
0.091566	-674958	-251201	19632.6
0.074227	-227667	-317121	-397861
0.002153	-887951	-307301	230009
0.069403	533689	-90113	-453232
0.044980	-819188	63949.3	-415152
0.045219	35081.3	907998	-99338.7
0.011997	192180	388896	-120318
0.084037	265495	-505009	-298615
0.033231	-178494	-338520	-406002
0.025258	-759967	-740114	-233027
0.035174	-318312	-852188	-310292
0.038634	1.58254e+06	118463	-253622
0.056671	246326	66068.9	97953.8
0.057884	117568	-817609	-284633
0.040765	147664	742666	-211924
0.041175	1.10173e+06	-236380	-43580.6
0.052634	-324261	-385851	-727206
0.067805	-460720	394199	-262093
0.098612	-377892	530536	185638
0.074726	18481.7	144916	-46188.7
0.041600	487441	1.13094e+06	197122
0.085691	349465	572942	-425923
0.013377	185884	-254760	-539114
0.006000	-454407	-201901	-265411
0.008831	-537760	288080	111329
0.017901	239263	-219337	955582
0.034000	-114874	-188699	445503
0.031030	265643	-870522	-205790
0.001059	-50386.2	-327777	-153574
0.055643	184876	-465366	-248944
0.010359	64647.6	-435083	496651
0.014985	34665.3	-59562.8	-182878
0.064650	122911	-558085	-693994
0.089082	-278.4	332763	137374
0.101475	859297	-442371	645502
0.058883	580587	-295959	-209807
0.102893	-415140	-210775	-298091
0.056968	-490182	425841	-335778
0.053295	-31945.3	191857	-62778
0.034517	214951	-141066	290153
0.044791	-483756	391540	289404
0.050731	-101357	-293334	-180665
0.007400	-436147	329126	47196
0.091422	523333	791785	-478759
0.007072	111779	367593	387554
0.044933	-390605	650766	-217425
0.085343	-78422.8	834946	-226893
0.040329	1.63728e+06	483901	-516236
0.062782	266385	-384428	-733137
0.084648	388633	216661	-93132.3
0.091588	-629830	274625	-150710
0.096634	549731	-737512	258814
0.020343	-5774.2	-340783	608113
0.026978	113918	-710995	216796
0.092560	-437443	752142	-387368
0.061157	-188508	155659	-266630
0.051884	316764	45458	-278121
0.063608	-355654	-427827	179646
0.084083	56534.6	-827406	-752306
0.055304	-607810	-359225	254581
0.020529	-586307	432331	-394238
0.047378	-617414	373621	407708
0.044560	-425613	-7823.17	270647
0.100148	48724.8	287947	154646
0.064300	470124	-156151	121200
0.071428	406709	-253913	-563431
0.075677	456771	310620	1.15537e+06
0.036139	185999	-1.49131e+06	235234
0.053474	-308067	-862740	-41046.2
0.056951	-443286	86244.8	-685261
0.017084	299395	28274.5	903996
0.058672	-743885	325304	503939
0.071855	-711501	-412679	-66132.6
0.044802	323502	1.18253e+06	675474
0.087161	373127	418879	612293
0.075537	194718	197718	-173645
0.037000	63189.8	-847001	-280548
0.047265	-879565	759145	260668
0.039435	1.58936e+06	123783	-568242
0.080072	-471513	246806	-210661
0.076917	237520	557086	930715
0.044354	365873	991574	-187451
0.071494	-578526	-1.25166e+06	-323854
0.097393	-403131	-132025	-455846
0.081361	623180	660844	188288
0.073167	43078.7	145982	136479
0.011434	738808	111264	119270
0.040750	1.35313e+06	713714	400901
0.061642	-137910	479155	488242
0.047411	-360381	-200376	-139689
0.005560	-313952	-570207	354703
0.023311	-225764	199343	-369361
0.085943	107215	268331	-412835
0.001015	105694	75458.9	-617829
0.088434	-672465	445055	-989163
0.007744	-114376	178480	-344827
0.068449	-7245.57	-278418	-821703
0.051711	-281215	-325706	-67348.4
0.022484	-1.24988e+06	-200299	-81049.9
0.059626	-258009	-554010	467141
0.013374	-366431	174845	742079
0.069774	-343502	-129426	306692
0.062181	41622.6	482257	119464
0.005765	-285667	579527	-31527.5
0.006200	-345557	-649307	374391
0.015444	752437	483054	-348537
0.002493	238945	-593694	469261
0.045295	-635126	828554	260878
0.085897	23077.5	520497	-252144
0.064538	229946	12463.1	644988
0.053570	7073.29	-208654	-276655
0.088583	67685.9	-477902	-852731
0.010084	-310908	349953	-30183.7
0.094303	336479	-260188	317622
0.010852	368967	214837	-336706
0.052637	-237858	216799	-897468
0.015135	-550612	-58937.6	326092
0.058262	-104847	-525319	369756
0.000549	229778	943347	76156.5
0.079461	64212.1	-23308.8	103668
0.087436	686669	539908	-422347
0.094275	220532	-157189	-637697
0.102158	107909	848109	-2239.7
0.052736	-367399	-406486	459181
0.027912	-501005	307681	-187313
0.010511	-766060	18941.9	83388
0.053368	-132582	-30351.3	815759
0.060432	-714834	-141246	-188284
0.078513	149073	-663957	-461978
0.008570	89870.7	89762.8	-20914.3
0.068669	-117669	-384244	189818
0.053909	-500989	242375	403707
0.017297	-111353	256792	-417385
0.097978	-329526	523000	845027
0.060539	-314504	-686354	-593776
0.045250	42257.5	226826	-368256
0.098050	-458456	433872	563575
0.067867	-672925	-633387	-27281.1
0.046655	527905	21945.9	-131498
0.087437	108659	-467314	531032
0.055146	-259889	-1.25124e+06	15784.9
0.057559	-205554	-143029	232311
0.070185	562691	-68067.2	-213875
0.037867	675688	-931383	-149084
0.024032	219563	-469964	-752245
0.059257	319739	364806	-682967
0.089343	124372	643222	-396347
0.042271	343710	618385	169613
0.011595	-518758	-642753	-62369.7
0.045839	107216	-426148	-107706
0.030605	388845	-158303	-477396
0.041897	910635	61641.2	352023
0.086372	144912	602065	113392
0.040775	576325	166434	-1.02996e+06
0.040787	1.16267e+06	531963	410015
0.037800	939561	-191174	500039
0.014361	-598737	521611	-158157
0.026328	-573635	145178	-609860
0.008710	-118639	-394532	-283043
0.044477	160275	-67216.6	25312.7
0.026269	-692549	132253	-369670
0.030797	413762	-1.21232e+06	-3281.26
0.043183	687958	1.3363e+06	-806553
0.012304	301424	-443777	-36346.3
0.051106	-403435	-305113	-141618
0.073439	-211533	-561514	324739
0.024800	-246457	-91627.5	-420484
0.080415	640113	-212434	-866754
0.006980	-176136	59217.8	-704391
0.040666	1.50327e+06	705471	-101918
0.000713	-413183	426261	369570
0.023099	-808250	-177519	261997
0.000069	195364	157147	-67355.5
0.020517	-15292.5	-341916	955742
0.014083	465043	-29052.2	-678501
0.027582	174.003	50502.8	-169957
0.017850	-658126	-3143.38	-259095
0.014751	-565276	-591552	410902
0.062855	-52212.5	-386591	882301
0.093708	669765	690278	448540
0.098007	343772	771156	787514
0.022759	-64358	-1.00199e+06	-138834
0.050725	-140772	240077	777854
0.039264	856575	-917129	342247
0.053867	360573	-314425	-359762
0.027608	-19942.2	-68950.8	194907
0.007577	-1.03953e+06	475626	511752
0.044964	421413	747131	-205417
0.018058	219758	-197972	63048.8
0.002806	-213121	-213539	103269
0.099596	140826	-713266	792459
0.044919	86438.2	-30765.3	352021
0.100364	-531910	466476	849957
0.079036	-539165	-807934	121518
0.000613	-827584	-290770	-151045
0.070495	171822	-669028	105480
0.072562	699357	689160	-521069
0.066836	-578126	654457	58095.4
0.057576	172116	-1.05271e+06	415767
0.022139	-36876.9	404049	-447932
0.080555	269471	-615901	619281
0.023457	-781550	-624029	-149112
0.038013	625549	-700084	-388452
0.092319	151811	550549	100434
0.089030	847986	-177983	395539
0.041862	1.65417e+06	148287	206303
0.033076	-349073	202548	157885
0.062628	-351026	356979	-379840
0.093900	-919850	-11559.1	-320688
0.093639	-295219	-54209.5	-471407
0.060788	-17131.5	-175987	-457348
0.034418	566803	-526986	-8584.13
0.088257	-39665.6	-579475	-45299.1
0.046270	116999	569117	488080
0.094325	384643	183237	729949
0.003065	-314121	751450	-378866
0.056026	376796	-49147.3	932306
0.074912	108637	387821	762059
0.018490	-148567	-454156	-70631.3
0.034976	-414745	-1.31498e+06	142875
0.019633	313028	704072	207015
0.033924	-677889	-138748	609018
0.042091	1.12458e+06	386886	291574
0.056666	133554	-698435	-118286
0.005157	-569569	-333663	112988
0.056782	-372899	-135563	-439323
0.027634	-862912	110282	-828768
0.024743	400480	-130582	-260620
0.024881	386543	-945.349	-293455
0.016086	-496292	-259193	134118
0.098849	190786	620907	-152991
0.096554	-290221	-252883	-303651
0.085217	-280258	123457	480276
0.075145	116686	-514620	-243074
0.018439	9453.43	-502970	246135
0.037307	123867	-434492	-2641.66
0.019321	45173.4	-88183.7	-224352
0.000324	336892	144284	204340
0.032128	133590	-354320	-639604
0.071302	-316711	-57034.8	-1.1387e+06
0.065650	-247162	-51801.6	948951
0.056978	512.778	-209783	781303
0.045663	229075	1.14636e+06	224564
0.029708	-86676.3	-1.03117e+06	-43594.9
0.051490	-259917	-461916	-446209
0.078528	426336	-153323	-305253
0.079477	796342	612485	571609
0.060217	123642	-362676	600797
0.077006	33114.5	1.10266e+06	-392960
0.066423	1552.67	556089	-406483
0.012381	-244257	506253	-379936
0.051973	-101883	147706	-243604
0.036013	-243055	-953882	64101.5
0.009248	110108	-846186	-297132
0.015997	822376	303312	708305
0.020264	-123069	470117	-252900
0.070023	-54272.7	814189	444296
0.044394	645951	872245	-278970
0.072349	23233	-711892	480372
0.027230	108891	633968	662456
0.001493	-226820	-756113	491854
0.055467	489778	471049	375675
0.029068	115266	-645649	152407
0.097501	-68448.9	-546399	-452560
0.093979	-13946.2	-205251	156079
0.041134	568469	396561	494884
0.002580	-164561	-208381	5383.73
0.069453	549202	-1.08974e+06	-49970.5
0.086227	-379958	562289	-437271
0.100637	-226191	849372	78689.2
0.005974	-355384	561779	81069.3
0.047365	-588911	1.00078e+06	772344
0.060484	80916.3	71626	196135
0.070447	-394398	-184520	-639706
0.073813	-582758	599422	-670645
0.067146	-517644	-718501	-144256
0.075082	948427	364902	-164891
0.039184	1.61087e+06	-2506.29	501015
0.060451	440823	105499	256044
0.012423	-48617.4	-162355	411196
0.005358	-45993.3	-724524	-624517
0.101639	463444	180433	227829
0.029264	-555226	-645209	-222297
0.061999	-367498	168238	421354
0.099179	-629136	-703446	-424592
0.018859	381485	-785722	-378266
0.019774	7409.63	-46147.5	-211441
0.034918	655422	-1.05561e+06	-453958
0.096232	554386	-29217.8	-339429
0.039467	797777	-431457	-998024
0.028068	-946835	266665	-218150
0.015433	-582810	1.25991e+06	-299818
0.041594	982180	761566	501263
0.038544	1.29916e+06	-659500	-249810
0.013630	41725.4	-79968.1	59709.5
0.044856	-48601.8	998244	-175799
0.010128	-681895	500605	668659
0.063844	-310496	-388023	228561
0.001796	-229031	5426.14	672367
0.059559	130322	50014.7	224336
0.082316	-641765	454512	581528
0.023996	-5418.26	-467103	-374309
0.045775	228680	1.15238e+06	-609787
0.058729	126139	804349	-211042
0.006589	-485294	-157970	237592
0.050759	-77363	496868	-627216
0.066437	151274	363984	-51805.6
0.022891	915063	-100309	-15132.5
0.086226	522593	450014	-425420
0.100224	-591452	428435	-299230
0.087724	-295136	-571716	117965
0.052542	184221	-439474	167071
0.028831	-788168	-598061	-36016.8
0.077671	-60920.1	50062.6	396747
0.024797	-476110	-996577	279098
0.099273	311263	31325.3	181634
0.064200	-342310	-1.05275e+06	-2595.21
0.061945	427096	-389804	-192614
0.017658	-400824	-1.16047e+06	-211419
0.009073	284525	535217	-285574
0.027139	269336	-402256	732413
0.088636	-894629	281554	-240022
0.095072	580081	-108824	784390
0.072103	-604593	52768.7	-323318
0.074881	286976	-272604	-187328
0.023048	550699	-1.24141e+06	-763930
0.059118	-554531	-405068	-520264
0.083837	-656543	-777285	-74399.5
0.041054	1.38551e+06	1.15286e+06	-755230
0.101614	-716817	25510.4	-715583
0.008913	-625009	-533540	-411791
0.032989	-468501	-43312.4	-239962
0.052711	662763	78711.3	-234253
0.005877	-12517.3	265891	-405838
0.074903	791744	-315904	-218558
0.057371	89386.3	-873450	-241516
0.054473	174929	66385.3	-330049
0.086359	470914	320295	457027
0.088975	-111957	503798	87023
0.081425	-687082	-627570	-253850
0.033589	98721.8	-817387	702922
0.047018	-27172.1	224055	214451
0.077760	-31674.9	41685.4	-104766
0.011861	-193704	-91962.1	499906
0.011753	-83518	250254	402058
0.027905	-749294	-325580	-30026.1
0.054945	-847086	110744	654035
0.100460	221692	702668	-224144
0.073652	-17936.7	-143586	119269
0.032197	-154388	-322281	-86967.1
0.029890	-635282	-855717	-284737
0.088035	-229122	482489	14964.7
0.094600	-30924.4	-125001	240392
0.066819	387988	-667795	660111
0.026112	178244	-204711	-328980
0.008953	-664182	-170414	-230118
0.086900	836463	-777837	135610
0.060137	385134	-943200	-396042
0.098400	433217	105867	266487
0.005884	19754	-331883	-443551
0.060540	-122014	-27791.1	24320.8
0.029409	226602	-953084	-102925
0.085465	195329	569511	-218860
0.018728	132941	-717238	-1.06243e+06
0.045579	-229266	874682	-228637
0.040736	750028	-280556	6343.13
0.086438	442782	-180387	897460
0.070359	399861	-209188	301653
0.021251	-296210	-85223	-242867
0.033668	832239	-219091	752748
0.014948	-181993	-211763	1.12196e+06
0.069838	-610559	43753.3	340147
0.059350	-518267	101344	251497
0.018017	308714	-183349	452805
0.015427	-548786	-388326	148513
0.049344	288761	-23102.5	64076.5
0.094553	315941	-94980.3	566995
0.056774	-462141	361354	-388666
0.004275	233538	-683781	880832
0.006562	505012	34094.7	1.00515e+06
0.083330	517163	408654	-3608.01
0.046477	-621917	1.16469e+06	-243848
0.038596	1.01677e+06	2540.84	-1.03343e+06
0.082532	38323.9	-563182	811486
0.037724	360093	-1.45831e+06	8846.73
0.055239	-112877	-595720	137966
0.073956	54483.4	836050	297752
0.090934	-26330.7	-236248	741444
0.033883	-372847	-790325	-144643
0.067204	117076	-248615	-93084.2
0.101554	102006	786527	661464
0.008095	-253026	315306	234700
0.061012	128829	323170	255023
0.042759	840874	477423	-86932.1
0.031742	-635555	-813262	-263296
0.027411	97418.9	208344	103471
0.078832	270242	-465923	299400
0.102263	182454	-205565	-767614
0.019848	2028.91	86585.3	547334
0.081131	963654	218172	279310
0.020278	-192689	-175852	12780.3
0.101872	608458	-372307	-864753
0.084036	118403	-445716	1.01309e+06
0.043840	23031.4	744232	-71994.4
0.075634	85911.2	281887	191966
0.051663	-368428	366990	78972.6
0.083738	514948	-243324	-2012.6
0.037010	415938	-1.27819e+06	105671
0.008103	288587	271778	530312
0.061330	147620	-315623	160387
0.093569	-685674	642338	-658481
0.020764	600940	277911	722752
0.044939	-457084	815728	192986
0.077323	370837	215497	-226909
0.004285	-569626	401733	232463
0.098102	744406	-522834	150961
0.079228	706329	-665600	184878
0.058256	474462	-415189	420897
0.019389	-455380	-375085	367986
0.051235	-106631	-483563	-314802
0.052942	-426994	-234403	-673738
0.103073	234906	303335	161149
0.088436	570905	284652	-50214.8
0.099141	-375338	48908.1	-488584
0.070054	-94186.9	368580	-229265
0.042236	589610	637050	480139
0.096734	43018.8	-113601	-47381.9
0.049319	-445739	392327	-318107
0.024589	-320035	-720676	609387
0.040955	970446	201894	-69063.3
0.073120	307538	850353	141274
0.057919	-48958.4	689113	104148
0.077574	-104578	118519	-759715
0.102874	207487	1.04475e+06	-171575
0.099782	269281	-685815	163367
0.055303	704036	181141	-86209.1
0.099869	-318045	71129.8	99510.8
0.012410	-486119	709741	451146
0.005325	-36069.4	-117733	-2793.32
0.031781	854762	-935019	282594
0.059765	290604	-243736	-297710
0.055359	241211	-314630	406680
0.092848	212394	332509	-446478
0.056196	-376012	-446238	249101
0.044765	381733	725948	51278.1
0.056406	-693661	324765	239597
0.074266	49330	-92482.1	533582
0.001480	244543	-120887	-252268
0.081924	163614	-342419	-1.00176e+06
0.014873	-871732	71129.9	126792
0.049855	-853608	79503	337131
0.026486	-840803	-642357	-100309
0.038325	1.08432e+06	-352635	122551
0.068731	483574	-254279	236083
0.016999	-665258	117525	-568188
0.028955	-84539.4	6162.91	99485.2
0.020349	178996	-653165	-171822
0.020345	-77227.7	388944	157732
0.033940	575136	-112420	106629
0.092137	248916	279090	1.03281e+06
0.048499	-83197.2	14733.2	-270265
0.042353	1.13497e+06	294184	545324
0.017813	161788	-415263	-754805
0.099942	510666	740835	-359084
0.041814	1.2086e+06	348349	-371933
0.087345	-478331	-334471	-70392.7
0.064167	-370900	100613	484427
0.039678	1.11617e+06	-411606	705072
0.091022	492522	-757179	227835
0.081719	43605.5	359989	487352
0.047960	-685762	539319	-167008
0.084134	-69745.2	474647	-124684
0.092686	183831	-693919	-319119
0.044086	205895	1.04506e+06	-349322
0.034373	-487845	-433301	-241982
0.062357	-65047.2	255618	610406
0.094000	-40379.6	517376	648054
0.072742	-584568	495201	72856
0.038768	1.09907e+06	-425745	-310885
0.076022	193352	390410	-54559
0.098095	-514758	671296	-678956
0.055537	442724	-373871	-665300
0.056378	-976955	428045	482364
0.031996	251954	-152222	-213524
0.007041	-1.16209e+06	-567876	-339701
0.019278	461747	-327513	450805
0.008964	439618	41441.6	-676823
0.047561	-370289	640330	-420739
0.000894	19127.1	233616	-73982.8
0.094888	1.12391e+06	465359	178054
0.066383	-238672	347504	-151852
0.000706	-698533	116192	570714
0.002574	-218593	-208615	-584758
0.021682	4775.57	148391	105079
0.046155	-311019	49742.6	-956117
0.014029	-992323	359504	875536
0.000595	-527482	275343	-306355
0.075439	-732096	-359089	181117
0.037026	1.08878e+06	-357764	380540
0.080377	32491.7	571323	-416470
0.045292	636013	621243	93204.7
0.044658	114872	579352	-541173
0.004865	-178634	1.22065e+06	-236095
0.004991	-205202	135997	-151632
0.009453	-460481	-135610	23790.6
0.061970	154776	-280550	490874
0.025361	-276754	-177448	414937
0.086756	40755.8	-382031	-340692
0.088873	1.1054e+06	-201748	146504
0.100077	155089	704550	340543
0.050019	-383283	161150	-600555
0.023809	363665	-835417	1.02534e+06
0.022624	-627547	233575	-807896
0.055860	315045	241461	300718
0.078316	293030	-30436.5	-581401
0.036234	825158	-1.15362e+06	264428
0.047383	-771629	479159	-361778
0.065175	327255	-139595	-1.02271e+06
0.095606	-184178	-94086	666092
0.016208	439844	383312	-526585
0.074181	-163056	-122828	106621
0.060047	276444	357088	248417
0.044659	-469310	1.02972e+06	-190038
0.091896	856341	186206	374754
0.040452	1.52908e+06	-503705	-244069
0.018700	365119	-682697	178087
0.066490	691144	-537113	952132
0.065426	824518	-334420	852660
0.033625	149372	174768	-332802
0.082316	266005	361889	-816899
0.102977	98852	43230.7	-489826
0.101696	609836	122101	157033
0.013887	-620384	460011	754562
0.024116	555791	-357578	77740.4
0.001749	-400293	-199398	-713285
0.063404	371540	424625	540108
0.011030	127608	-354598	-449135
0.042075	746321	389643	-105610
0.091259	-7411.26	137794	-258706
0.056697	-240950	-13786	-40827.9
0.038681	1.23343e+06	-6884.5	496910
0.021440	377667	160341	-128769
0.045660	-446298	330240	21140.2
0.099437	-403108	-523235	470072
0.013411	80411.4	-467724	585435
0.048157	-486461	646910	-581650
0.088300	-415656	477451	-405821
0.004024	393522	-355070	-479491
0.071251	-26551.5	-204962	-346423
0.100843	-364026	745337	-502311
0.029297	-500524	-70585.8	-25013.1
0.013975	-1.12107e+06	10104.1	132135
0.070585	73526.2	-15161	-355722
0.094683	-27816	9316.21	556645
0.063483	260547	-41642.3	257162
0.093463	431765	-45473.7	312187
0.020217	-58119.8	-5493.71	199959
0.077917	129083	327283	-175999
0.034898	-903506	-1.45967e+06	-965816
0.043250	797375	1.77804e+06	-76954.4
0.015594	-31976	-483738	-533463
0.085303	354765	-124532	537891
0.064463	-92060.1	512836	-227628
0.076677	265226	-121171	231893
0.082597	-375360	-63017	-757075
0.006244	858168	212184	-731061
0.098153	-80786.3	140368	-269127
0.051113	-415893	-291614	-399698
0.078114	825286	503859	-51218.6
0.076714	-341999	246700	-135986
0.086015	68945.3	-1.34792e+06	-17004.5
0.015795	-421499	-680892	-410299
0.047228	-131618	880113	-108124
0.064036	634416	294698	57333.3
0.097368	588711	-18876	895085
0.086671	-40839.6	-389379	236519
0.092313	-174542	209107	-381156
0.060341	361119	-428741	44670.7
0.060408	-527711	-354331	89382.5
0.088159	-31634.6	-356059	-342215
0.003143	150310	-531275	-478212
0.091821	457174	222355	173643
0.041701	1.28842e+06	1.02518e+06	-508669
0.003840	-845473	319510	73841.3
0.077186	107098	270830	-48439.5
0.015822	310435	190423	-208081
0.014664	-721633	271229	-233738
0.063416	-68562.1	-180507	707988
0.026709	-55848.7	430731	375098
0.033898	355927	-551438	349387
0.041660	652826	195410	68502.1
0.041810	786755	566716	-259267
0.039744	876512	-193247	-240369
0.062562	-196543	-836202	-570346
0.016943	-641074	69251.3	-338168
0.019720	565520	-72350.6	255811
0.010369	69630.6	-27878.6	584799
0.032715	-401378	599221	-757323
0.080204	-400217	203045	554135
0.024673	610847	-284542	448045
0.076881	-407797	-415512	249708
0.071494	362708	-814239	-225134
0.085405	-58525.6	603512	105733
0.086403	-25963	559162	713678
0.031067	-26953.5	-805113	714492
0.032139	211669	-476568	116851
0.054052	-610000	520604	-89321.1
0.034412	-1.116e+06	-401597	750630
0.085898	-129983	386473	-211245
0.083147	-122099	-778561	-742694
0.056997	-371860	-214504	-670236
0.027150	-616285	142332	-70395.2
0.070657	751577	283777	216048
0.023919	-64652.7	279914	-272399
0.046915	-293046	326622	-333987
0.039855	805096	216316	47269.2
0.055507	96829.5	-616518	-249723
0.102624	292844	758939	-27415.8
0.077767	-255618	-185566	-413790
0.101183	270871	-7797.57	-310718
0.024774	-673500	-132872	481545
0.054491	593339	80336.2	-228422
0.006294	65840.6	120644	988846
0.078699	142297	309475	362636
0.062103	-1.12803e+06	175034	-213266
0.088643	733372	350390	-83947.7
0.101846	-120091	-14902.9	-460057
0.095863	488416	312806	-356239
0.042759	162764	803378	380171
0.000428	-46297.6	-203344	400564
0.056858	-196158	217509	889898
0.021585	-379763	226042	85513.1
0.023113	-1.32918e+06	-528381	424089
0.034366	-77647.1	-599605	652577
0.010331	-277354	-530255	407535
0.076630	147965	-861217	-763400
0.077161	238621	466765	-323440
0.056355	-333748	-367137	120845
0.034482	-768776	85026.4	-536017
0.086457	-333748	521676	308396
0.057583	-675890	-538981	395885
0.098705	-294792	-480677	-419056
0.091954	-143210	319920	-474104
0.037639	690711	-827636	749673
0.057038	-804151	253788	490726
0.036027	-472593	-861442	137745
0.065338	125552	-209160	889452
0.082425	-416145	901790	-36141.7
0.077330	843144	376063	127633
0.013446	-386186	64915.3	462517
0.085069	-44387.2	-636016	-59606.7
0.002150	-435431	137320	-463928
0.043554	-566584	1.00043e+06	675781
0.075618	493041	497482	-91916
0.080756	367451	177105	-127698
0.038034	1.02075e+06	-1.04986e+06	13651
0.076719	-172095	501446	-390888
0.091696	382424	-38077	-677498
0.024971	147724	-1.03836e+06	-143922
0.012701	-243172	-51844.4	-728015
0.023353	-634800	-354133	57372.2
0.036730	447093	-439184	507421
0.029390	-15492.2	-267544	-333391
0.095707	66521.4	306017	-304428
0.005072	530400	585689	-246376
0.061141	-266906	572596	-209888
0.015901	181275	-816523	-979223
0.086698	-421734	-340582	-86258.1
0.017216	-605184	81936.8	-130991
0.052078	-129409	-64861.7	95965.3
0.103492	603100	77739.5	51049.3
0.035973	372571	-392595	-835804
0.004075	7001.98	186324	-817381
0.021432	-474086	184831	-697972
0.040915	887198	110878	-274478
0.034732	218867	-36212.2	193349
0.023796	154647	-199627	30618.5
0.097078	408397	-261107	182957
0.070288	583769	-70075.2	-438697
0.100128	482493	-28124.8	550103
0.046062	361022	457028	741431
0.097195	7868.44	4590.58	-142339
0.000717	437739	73848.7	115076
0.062769	-99419.8	-58155	-411644
0.082492	599240	-57465.7	-437226
0.024208	233246	-90644	94058.6
0.096278	484003	154080	-247779
0.078726	202898	78072.2	-284016
0.085850	37808.2	-201092	309051
0.059014	-109824	-166448	-352967
0.081402	-29030.8	-556037	-652053
0.034140	-203114	-904626	81047.9
0.023633	-324118	103408	511565
0.032385	196685	-922655	49829.3
0.060479	260914	-229161	-26036.8
0.085924	-31179	-71538.5	18436.7
0.030452	-358982	-103418	393643
0.041809	1.69541e+06	956619	147395
0.089412	390130	189051	184752
0.063817	350161	-310651	189273
0.102217	-500985	1.07044e+06	-388243
0.020682	-121998	84525.7	-410248
0.085753	257380	-86796.8	129695
0.070561	31923.5	534468	614922
0.025496	-202694	-343699	-277505
0.049469	-6733.99	25716.3	224875
0.040772	777305	130624	-551465
0.061631	63143.1	640743	-426011
0.082870	1581.3	110648	6734.81
0.010696	109574	380987	-184218
0.084945	-398661	-17069.4	-85612.1
0.086930	348288	-121793	-133178
0.036808	207109	-708602	109665
0.044441	193163	666484	-78045.4
0.059141	817072	431310	-95398.5
0.072036	-18025.1	-486364	-516959
0.077508	-623652	-615564	667907
0.077860	372976	89991.7	-599723
0.039928	1.05555e+06	112530	-359571
0.044761	87240.8	542472	330291
0.098522	322167	51522.6	-479274
0.059316	186290	175726	6172.92
0.087369	-226914	-87921.4	-597986
0.028269	256777	-586893	-341716
0.064222	-184542	-442610	-199216
0.061076	62988.4	-49481.7	179084
0.099440	547654	-208042	-294946
0.008441	94718.4	76052.2	-462140
0.051437	-359769	-841375	-377140
0.053974	333735	376389	-19920.4
0.009298	-1.03795e+06	574779	-35691.8
0.094136	-374318	354850	504101
0.091582	303777	-427616	37865.9
0.045113	-653603	507195	-328627
0.081391	-482072	-145866	483494
0.015381	124681	-630341	15623.9
0.063512	-272019	-293410	-658450
0.027561	-241269	-26492.6	595901
0.046255	-797418	664456	134068
0.087990	-187422	392655	640906
0.019748	-169676	-108663	-571624
0.031913	345326	658405	468719
0.049326	-576456	26102	-713141
0.035070	-406993	-45832.5	98477.1
0.082312	654768	74399	-347725
0.101988	-156716	-74445.2	-231738
0.015737	213607	-87138.7	-739566
0.025040	-475564	636034	531131
0.072361	735379	175775	-334098
0.038752	1.24401e+06	-145917	-114388
0.100191	-569827	728237	-610326
0.100866	-507522	657692	226248
0.067230	-640476	66530.8	611434
0.089201	-166292	396465	176011
0.041782	1.19677e+06	108978	182537
0.065379	417511	754675	-33219
0.101999	14739.3	499910	17494.6
0.058369	-818497	-394782	469061
0.097114	279514	297091	487474
0.074212	-390770	882047	-358836
0.050419	569598	359662	316887
0.066217	416726	248465	70570.7
0.092630	-551785	-360189	765366
0.021230	-367080	-149652	673100
0.041383	756356	415350	466770
0.102479	226029	-76999.3	-225621
0.042357	940492	235093	720228
0.067925	11738.7	139605	-279158
0.093044	-557559	-5844.95	-260879
0.000045	254330	-1.36194e+06	534119
0.067511	-191526	-559944	-100455
0.011415	179476	-9709.38	194791
0.003802	-173163	-225958	62511.1
0.063421	600162	-159696	-568809
0.058701	101646	388686	-5773.15
0.099125	76230.2	-21102.1	-458047
0.077033	-301161	-254992	-201274
0.068498	467118	-299277	-81538.2
0.054028	-387829	-432522	-143426
0.026867	-393746	-225863	-35496.7
0.099654	71603.4	652527	79953.7
0.055178	-738119	-71029.5	-752765
0.003306	542443	393096	174107
0.071944	-295047	446878	-134543
0.053483	340377	-48729.6	-322584
0.006317	-49574.1	39261.4	209676
0.092047	-52686	-74143.8	-83378.9
0.034513	107033	-520929	338342
0.023662	-161361	386124	-117550
0.011041	-168769	628792	-768968
0.031634	-174306	-602499	-562618
0.023727	33507.6	-484619	83185.1
0.067569	193435	-52639.4	81741.4
0.006900	663502	931189	50197.3
0.028788	658264	-361086	283941
0.029011	-831803	-499608	-163703
0.091298	-60682.3	-77987.2	205055
0.046051	-334746	357644	62176.9
0.077794	558087	-280288	-459399
0.062329	-161673	294197	-120532
0.081044	87834	-287341	-34052.7
0.011372	-386069	-757201	-429876
0.100993	-222955	37396.3	-305046
0.088254	-743134	-50098.7	423886
0.004613	257224	366618	-645676
0.048471	-965550	-221808	223413
0.033466	-206175	-901878	-249141
0.064853	278743	-94911.1	-387741
0.024284	-125257	-77251.5	455370
0.060615	-183007	-411536	603638
0.063215	653537	481766	799087
0.062251	408855	-306912	160461
0.046290	-825027	951774	-123093
0.003838	-73598.4	-730385	172429
0.053026	-567269	23233.2	-161878
0.041846	1.17282e+06	649803	-365110
0.011637	-33964.8	58454.8	462791
0.046801	-353002	134354	-815004
0.047055	-199720	-28704.3	392498
0.056955	-518506	581178	-95473.7
0.082893	-611650	-616374	-485627
0.072582	622460	145585	38001.6
0.089536	-280303	-506879	-764816
0.004845	-563895	216729	-570747
0.023193	-694315	-287686	463405
0.047192	-290020	356372	-391645
0.099498	181629	-775937	285535
0.081234	-94770.3	521823	-555654
0.046910	-930599	1.13625e+06	146455
0.033908	-433530	39909.5	-623217
0.005726	476340	171292	-401402
0.077328	-165983	-380904	649830
0.052707	152593	-327671	251272
0.020799	-6175.67	-390844	107511
0.044246	67482.3	16891	23049.5
0.018212	59703.5	756298	764895
0.077889	-234923	-930829	83185.5
0.037856	493293	-1.46982e+06	-286317
0.097770	-92203.5	749366	288624
0.002352	365601	245398	585262
0.086715	192224	291435	919063
0.064455	456936	847566	-412782
0.055989	-197800	281239	227805
0.067534	-250091	302338	202587
0.074753	551255	-1.17926e+06	-471405
0.009463	-865715	-928532	-324098
0.091102	-491338	-142457	268727
0.001275	-3359.91	-734184	-217043
0.030603	-200405	-729718	142265
0.019662	-75106.6	-21143.2	1.06141e+06
0.096075	-517228	-362408	197643
0.006978	116788	-306284	-83188.9
0.060060	79876.9	283114	-92201.1
0.066735	418332	150559	797692
0.067597	419532	-352044	187415
0.090130	-167014	59838.5	645513
0.005064	-176646	-188389	-745046
0.084584	936671	-453185	30367.5
0.055078	-630258	-817348	337934
0.071663	-607533	-65442.4	-214276
0.022051	-996315	-170503	67683.8
0.055965	-652432	-320162	-274824
0.072403	-141519	648845	-320636
0.099737	148033	62902.3	751285
0.045415	-790849	1.01967e+06	-604900
0.008898	129644	585456	58165.9
0.005863	417199	161401	-75455.4
0.065403	257249	-417324	253328
0.082290	-374161	196306	-127091
0.071664	613178	27682.6	121356
0.035521	75430.7	-791724	-230065
0.098135	-586584	234768	132750
0.054167	853387	194839	324637
0.098564	-368813	261312	-169130
0.007473	-1.08348e+06	-152250	-147390
0.021758	-205054	-235567	335789
0.079356	-617155	-658682	-885709
0.094358	-459384	-85380.9	-275361
0.081733	4843.37	-482126	744983
0.030869	857107	-338900	283768
0.015818	-292158	826830	103397
0.087573	-258533	85002.3	-198729
0.080833	-127120	393002	-417146
0.028089	156043	-1.06302e+06	58372
0.023885	-497412	-644147	310696
0.033781	222010	-397582	560223
0.086210	758.657	-422160	348723
0.085360	702645	-723813	259561
0.058821	-649524	-52085.8	-255783
0.060024	-652917	-1.09865e+06	852148
0.029638	-18849.8	-715323	33140.3
0.071884	-124477	-165816	-494053
0.081397	174582	332425	-1.04596e+06
0.045775	482344	24611.7	64915.8
0.045840	66047.1	451829	-354272
0.048396	-342313	187066	200544
0.028505	269476	-1.06142e+06	-384260
0.070002	-843693	232303	94401.5
0.092779	-251219	15783.7	-776419
0.093496	-151966	527832	-557441
0.077813	62538.3	-234199	480880
0.027427	-350215	477470	469880
0.071208	376385	-210764	-180371
0.013669	-266175	-116244	23997.8
0.013357	-561484	-15164.5	586961
0.018832	-11729.4	342630	-947126
0.015526	-145228	-25803.5	452012
0.060974	-618448	-274239	424673
0.007126	535403	346272	-478549
0.085038	656233	-790965	-83594.8
0.075329	835873	264161	511620
0.095634	-268959	534928	-207137
0.050814	-545305	558095	-183379
0.068112	-118837	67343.6	331502
0.092073	-695014	-116995	-66435.2
0.055860	-300963	278401	119724
0.028709	-179418	-450910	-512027
0.101141	256816	-261923	120874
0.002881	-271022	-383194	-910870
0.033732	416975	-779502	-40307.9
0.100620	482332	1.07049e+06	-98245.8
0.037703	573488	-1.15001e+06	-88555.7
0.031814	379323	155306	-191659
0.011986	-413823	274795	-541338
0.094843	19856.7	402343	52929.4
0.014321	-100854	906556	304704
0.035122	-400606	-740025	755950
0.093069	153555	-326111	173160
0.052463	104189	885933	756850
0.064007	93757.3	-270167	325605
0.060305	-423221	462130	-56769.5
0.072780	-187963	79379.2	514767
0.003521	115217	850291	492888
0.054405	-694852	114491	-241985
0.003603	-478087	-571104	286507
0.085996	383702	340083	385828
0.035369	375542	-1.0097e+06	180202
0.087911	427907	-159791	273496
0.025318	293547	-845991	-155532
0.059919	-414994	129395	-277840
0.096954	68553.8	-346289	-108130
0.005079	-132501	-417273	132605
0.005748	-95980.8	266291	162078
0.002355	447376	291529	224225
0.070347	198146	539899	-196832
0.062134	-432457	298748	172454
0.011484	-73999.4	606782	-325800
0.082449	221281	-429105	29074.1
0.064471	-71548.4	-607325	528132
0.007315	-492370	-784510	46993
0.007826	366878	-220962	667945
0.013773	-922133	-177088	-310401
0.080996	282224	49832.9	-677143
0.009854	-345726	25313	295616
0.025097	-222927	-759018	485846
0.025003	-473883	-217011	-221174
0.011150	-541618	-29085	305883
0.088605	305907	272824	-247689
0.072706	388818	63234.5	445335
0.075272	-130134	188826	-692235
0.067332	-613674	178984	-6356.07
0.054425	-160088	702079	1.00434e+06
0.033459	-203706	-134877	-336121
0.069080	-307838	-776808	591164
0.012274	-397682	-396747	105882
0.015537	-236987	-8126.47	242715
0.002573	514627	234485	537016
0.099943	760224	-257202	131737
0.100024	418945	412878	-428459
0.012612	-375178	381470	-211818
0.048499	-1.08584e+06	272192	124713
0.067989	508565	236736	14688.3
0.029859	-956129	-149628	-182898
0.077758	637741	-333094	-350183
0.057413	654112	584442	-365705
0.044870	-830265	959290	608703
0.028365	116035	152759	722197
0.078241	-118870	117808	226756
0.093042	-304174	-639062	50986.3
0.075617	54726.6	100468	219646
0.042471	749985	1.68721e+06	376896
0.097913	-625903	291858	804321
0.026165	-142715	-229977	-280128
0.055167	-1.01127e+06	-224098	-19068.2
0.098569	-584519	441664	-264385
0.028014	87272.3	-488621	306485
0.025755	300765	236964	-133896
0.096207	95714.7	177396	185988
0.007165	-303551	-563823	66409.6
0.030990	345950	-357488	-1765.9
0.060751	-299898	-128781	-494187
0.021524	180396	-105582	489891
0.065563	325314	-545465	-262471
0.082473	899511	-22295.4	-170449
0.051104	-182519	216325	-846040
0.067640	400621	-124782	279666
0.081734	-255212	-406857	-671034
0.023883	-190405	-478365	-279043
0.062870	40409.2	-858146	691674
0.011635	-224530	-220830	-5343.86
0.052728	347676	310083	-675734
0.087680	585715	-372988	974939
0.094930	671739	-291829	-388241
0.050683	-446776	-683797	-906851
0.028771	-475405	-423666	36199.7
0.067473	-18046	173066	-72816
0.095137	-115443	138402	191373
0.053144	-1.20106e+06	-259008	380345
0.100806	-149348	653058	-33654.8
0.020436	-483042	35063.6	17808.8
0.011378	-751790	288149	-133755
0.030670	112969	-858115	-112036
0.041073	616988	1.26434e+06	47299.9
0.043037	182420	882869	-523735
0.031616	102990	-33638.5	-639161
0.071679	-573349	-249332	-144279
0.009137	-39818.4	264859	-381405
0.041266	466983	70778.8	-367016
0.030950	-150538	217391	403012
0.031375	171628	-466500	-358551
0.010555	-983523	459323	-379808
0.061331	144415	-129631	-138541
0.028919	54124.4	-192908	-353660
0.015942	-817697	-464778	-125137
0.000224	-161823	-919924	158928
0.029849	277376	-474581	504586
0.057334	90356.7	142981	326221
0.090881	-648156	377922	747894
0.003717	-296303	222188	-671851
0.093256	-201292	-450065	-399789
0.013876	-403835	21272.2	326283
0.085974	27455.7	-144343	-332907
0.082651	-216468	-153017	-211421
0.095153	142562	388201	146363
0.014393	-25198.7	-291219	185618
0.052419	136090	-494010	175919
0.042216	809407	408886	303125
0.018153	-575614	-989152	191050
0.059239	-110629	-112572	-305758
0.063205	368486	738441	465192
0.022087	-325943	592696	-112424
0.053966	-41305.5	166960	149295
0.102289	-193363	-343.478	-103298
0.051268	-322631	-318019	568631
0.071468	-343950	221778	-468694
0.042919	1.02242e+06	1.58065e+06	346216
0.003457	-96805.6	-190064	-147404
0.030016	421833	-441916	-301112
0.083040	726284	76391.2	83228.3
0.036252	-453792	-1.13385e+06	386350
0.008899	-48664.1	357521	279217
0.052426	-176554	244024	-489986
0.038006	869964	-894481	31805.9
0.076138	-365883	-450341	-414755
0.053820	356486	46077.8	-509503
0.082871	-706524	81809.4	-414385
0.085232	-66224.8	348484	686606
0.019471	-509495	-106694	-142859
0.012784	-418810	-54270.1	-19176.3
0.084930	-246812	6685.77	-53216.6
0.065911	249913	-152137	-120904
0.001220	-314086	-10877.6	-458561
0.093402	531515	-23318.9	674463
0.053008	357573	142628	-349141
0.056052	-105736	228588	-318915
0.063175	-155396	400677	410271
0.078089	-251435	725310	-636062
0.088716	377633	640877	183548
0.040244	1.74236e+06	194684	629226
0.008071	-118763	-414019	-706985
0.075259	-429578	-464410	-720619
0.034670	461797	-542193	309580
0.086335	360061	202769	-599099
0.038374	869767	376430	-105054
0.086163	-77138.2	-295024	442726
0.017822	102758	-238064	-459253
0.013044	267730	124829	-369592
0.090550	-415427	491280	-538983
0.004357	-408966	-167887	-212486
0.071122	-361232	-338035	40229.5
0.074918	34064	357424	-1.05706e+06
0.045447	-400798	522097	202489
0.039543	1.18398e+06	667692	235177
0.102053	-183111	50057.6	661447
0.040976	1.00929e+06	915138	-326506
0.046325	217221	502531	777240
0.016406	-233213	-399244	180112
0.034349	221538	-256881	609903
0.032403	-142777	110272	-110375
0.092853	-4090.95	-326836	267376
0.025597	1446.39	82401.6	28440.3
0.031991	-59815.7	296747	-173153
0.042267	536120	1.20292e+06	-49920.1
0.073279	-227685	532045	-7582.63
0.014497	-100462	435260	-377096
0.090743	-211908	356164	563126
0.009178	-450212	-308635	581873
0.047604	-989344	-71553.1	-189122
0.002888	605388	416027	-265712
0.077531	911034	176416	-441340
0.072060	169946	-149369	-410154
0.022210	5350.6	601107	5418.97
0.070129	378895	-108618	-253881
0.057882	629077	-251625	200724
0.088240	651745	-480294	190310
0.058347	-199311	-99807.7	541249
0.093223	-12244.6	261459	-122602
0.044184	1.12116e+06	556097	770044
0.037439	382447	-740128	371517
0.050338	205003	417630	-287143
0.026686	-988389	-340542	195962
0.095681	433808	348219	-508393
0.047773	-614957	569239	-549208
0.025899	586226	-26439.6	-402321
0.044565	-259310	619352	-70459
0.072490	-58769.2	126746	-233511
0.040988	710337	315336	-673488
0.018005	54010.3	-514450	-834346
0.088833	-67541.8	-58547.5	206803
0.060415	-852857	-761336	-55922.8
0.038773	346531	-899313	95056.7
0.023716	-923613	-170876	783805
0.022979	909601	-165906	315266
0.054976	459544	-107047	935592
0.044946	527873	309559	80790.3
0.076481	281488	-116843	-257471
0.007319	248501	737629	25647.7
0.088090	386310	58702.9	391181
0.070303	-249944	-422013	-74313.3
0.014322	220894	304176	181925
0.088565	-167764	-165954	-294630
0.020484	-258242	89497.5	-203212
0.062995	226865	901526	131994
0.055861	69143.2	-755696	-357207
0.017212	386981	243279	417583
0.000622	-612524	-273021	37434.5
0.079731	317246	-120456	-128473
0.079977	674828	477889	830612
0.043487	1.01145e+06	658380	-103630
0.005111	-211999	-128965	-787815
0.061214	87259.5	-858970	596257
0.018617	175180	-164979	602584
0.075820	-145662	-236513	409617
0.054865	79730.6	327964	-450663
0.027002	-314651	-36862.5	823796
0.095234	-231388	174964	315408
0.078499	-24200.1	568463	19014.2
0.091681	-996576	490555	-140090
0.007372	-267479	335936	254422
0.018974	-24982.1	-743723	-23585.8
0.075217	454908	1.03724e+06	-1.10082e+06
0.071541	603207	-242005	-588017
0.080962	162490	41885.5	545375
0.052102	336656	-743607	150500
0.044041	350479	473234	-4545.78
0.063315	739944	-133873	47116.9
0.088808	-33457.2	354827	231575
0.069326	189573	-300691	-111925
0.054472	51182.9	-193001	278671
0.030973	-445524	-225819	42241
0.072813	352750	49972.3	-54991.6
0.039154	295904	-823038	-365525
0.059124	-209157	-214569	369564
0.091730	-91392.7	30558.6	-177471
0.087677	-333870	-173338	432133
0.093254	-165015	-251055	223153
0.097225	196584	295030	28908.4
0.084105	712174	608723	-308082
0.000221	213784	73577.6	81752.9
0.000039	-289037	-72954.7	-287066
0.009291	-217497	547128	241333
0.027464	-294506	-896517	487573
0.002124	-33612.8	-153249	-242130
0.044359	547824	1.0147e+06	471362
0.035164	-583841	-1.5375e+06	-144767
0.056509	224457	-60437.9	482489
0.095385	267579	145092	-492954
0.030979	-57539.3	-51265.4	81685.4
0.034907	-316952	-1.08765e+06	-92375.7
0.088614	-104221	-244873	-357642
0.035575	-422612	-421929	332563
0.013713	-85684.5	171016	-595764
0.052338	-264730	97291.2	-230525
0.088787	-102062	-35446.7	116571
0.039919	1.00878e+06	-523271	134898
0.071434	-296324	-35319.8	-589363
0.064698	1.02681e+06	-383630	-302551
0.046587	-564347	723679	-28910.1
0.048617	-689477	-94804.5	-412996
0.098737	-382493	784581	441258
0.009108	17460.1	142650	473691
0.028739	505682	-124070	-231268
0.046278	-1.00591e+06	671019	16065.9
0.060624	-370149	34209.1	-199151
0.090331	27746.9	-1.11604e+06	-525603
0.049265	421989	791305	720603
0.045307	-263672	997129	34575.7
0.076739	-512822	-319700	-510407
0.048753	-727589	746053	329008
0.089039	-839201	837804	-66023.2
0.047889	-542766	-31278.1	-405541
0.051410	-60055.6	108954	-154077
0.050307	-686681	-416690	-149074
0.023942	-37331.5	-159879	193412
0.008641	-114714	111810	-221314
0.007118	339798	-256054	143593
0.092393	-64633.3	-211569	443407
0.024111	59619.3	610244	-24838.8
0.088670	-393506	-806491	-524227
0.073671	208047	675925	-1165.75
0.089976	756114	302803	-377113
0.096956	-164778	-524926	-140618
0.013949	23606.9	-114897	-519937
0.040912	513999	132697	137505
0.101521	469812	178345	22349.4
0.067100	-435021	81519	362935
0.092056	-314856	-184888	-748044
0.050633	-2382.67	-50501.9	730507
0.002081	281284	-444571	633649
0.063962	109057	-27268.4	-523259
0.023779	-381481	-1.1517e+06	-144130
0.054998	-304411	64928.4	411272
0.075558	400216	14343.7	523606
0.062842	-841340	-622843	-32851.7
0.061182	552582	-649162	286817
0.044925	-283812	1.39389e+06	67788.1
0.025850	129462	-222723	588106
0.044481	-108536	963410	84360.2
0.001278	623084	-246475	228629
0.063020	329726	505298	1324.55
0.098658	-19554.8	1.05363e+06	-512901
0.009647	-473190	239909	-237351
0.003864	230361	153017	181620
0.091485	-639724	-305196	-256168
0.024900	-530982	-325093	-673757
0.000597	125231	205955	-332581
0.084339	444531	-280397	-15387.9
0.014193	-266074	-450167	-355548
0.090597	149497	-280559	-488953
0.009692	-460863	739592	-184364
0.036617	236534	-844622	121382
0.061322	-425461	-355116	-104520
0.060954	-178021	162663	389628
0.069641	-626910	-616102	538912
0.066778	-22054.4	-64433.6	-307690
0.045607	-128658	981323	767764
0.014550	-435124	136700	87648.6
0.077376	287381	883430	-465652
0.025116	-341550	494594	90583.1
0.066626	951254	35312.9	-719763
0.088529	-362279	324576	-222647
0.008523	-504136	351866	-216930
0.101022	635850	428430	409124
0.003955	-131585	545175	711717
0.086672	-40661.5	77968.7	204439
0.086332	-253672	146218	-175896
0.005662	-495362	-501069	509629
0.056021	-455855	-213083	-492876
0.097472	-486810	124154	-159148
0.033781	155657	-248626	512294
0.083845	944449	-588716	373384
0.062348	692098	-342181	98757
0.081601	-166588	-448887	-136560
0.082887	-224328	65736.8	165533
0.004981	874336	209736	-155274
0.029543	-179071	-557949	233914
0.068267	-163920	-139411	640464
0.051367	-264803	320331	696191
0.101598	425751	209940	916223
0.077928	-119515	-331333	461810
0.059464	318083	-265883	699715
0.030675	-49188.9	-709555	-276877
0.026179	257516	-1.13968e+06	-336844
0.091912	-42882	-163890	145543
0.046059	455805	606952	-194771
0.083627	-404178	-640065	-855125
0.010911	303104	-658503	746972
0.089631	158415	393808	669198
0.003051	-468758	-176032	193214
0.092969	134889	67566.2	-105754
0.093726	292416	-322891	585924
0.054181	5946.78	190737	-72575.3
0.012381	720083	-106558	-62391.8
0.019043	-95336.3	-244380	653006
0.072492	190370	-249282	-608948
0.085426	-350766	-202907	-642298
0.003406	-80449.6	317118	-205791
0.078357	-863223	117405	-88959.6
0.098992	280523	268341	-80811.4
0.035649	25097.5	-546995	157416
0.066069	276543	-147637	3491.88
0.035449	200392	-567704	-60244.2
0.022547	-220184	-432721	142843
0.080987	167282	55304.8	-402330
0.075024	-508192	333564	179611
0.028351	11265.8	-793231	-521676
0.059692	17837.6	-177635	-609273
0.044110	-594054	738725	546768
0.009342	-694176	-134598	-191997
0.002127	-329887	-330028	-369167
0.051293	-53540.5	53197.9	462608
0.028574	458192	-946556	-233206
0.035085	-812200	-1.32309e+06	-88225.9
0.029931	-155277	-894676	192097
0.017442	-170857	-190767	-252838
0.041199	1.4811e+06	574558	-129685
0.072126	198691	-722065	-89707.2
0.021593	-132190	-797427	522012
0.068450	516754	-444830	-532752
0.045566	-243343	439181	-299151
0.044624	300162	698187	-232070
0.018441	-375298	93454.8	308078
0.019849	-5310.76	-777508	-151854
0.062973	-340501	-69599.1	-850174
0.027482	104764	-257111	-370592
0.057840	-27606.8	-27244.9	-94068.5
0.097370	512477	-17455.4	-434320
0.073852	330253	-774586	-106269
0.069581	204923	-698519	-741896
0.099726	-477191	-800927	427685
0.080322	373337	-136265	67485.9
0.062816	-159749	104083	-91805
0.098947	-758406	-634102	835880
0.005629	-118259	322421	-557317
0.028044	-603882	288228	233415
0.102063	-180597	-31505.8	-69994.2
0.079991	69333.7	384925	60056.6
0.047999	357832	84988.1	-1.23177e+06
0.070780	183507	-529803	305795
0.043618	-344218	211621	469739
0.039273	1.12761e+06	-879568	-84548.4
0.022951	481243	-57952.6	892217
0.039943	685997	530402	311516
0.002423	-610485	202141	-663540
0.048407	-528414	688204	-490354
0.034007	-6426.34	-886641	-512220
0.100438	782362	-795122	-584248
0.056969	-214513	-526976	-534728
0.087916	3947.02	-464187	321520
0.042481	905210	418524	244742
0.047647	-42255.6	312228	-179694
0.084671	338141	-445511	-878839
0.101559	-457048	375538	-1.06249e+06
0.053852	-807314	493758	-389649
0.095977	336148	268198	188673
0.077162	97029.3	-49019.8	678922
0.057909	395092	-114942	-843212
0.101142	-362184	155446	880982
0.085028	-295363	45503.6	-323369
0.099264	-74374.8	-4123.74	-66780
0.067170	-186170	300942	270570
0.038673	1.06182e+06	344404	-627708
0.048880	-354272	695763	-458810
0.093965	-425987	-184742	-433216
0.001179	-372382	161159	-366496
0.016003	-793084	-355071	-218572
0.048931	-115904	606138	121385
0.055675	-369970	231587	-541701
0.006367	-447021	169798	191333
0.067835	410671	-91989.5	-283501
0.092383	-343370	-288339	302319
0.012015	-299718	81222.7	681306
0.045029	408818	1.13304e+06	-289279
0.029175	-993262	-92183.7	170984
0.101620	-357064	595487	-371619
0.062180	92132.7	337719	-850297
0.026090	-232034	-569752	-178848
0.013649	-683001	60871.4	-78488.7
0.057043	-468272	-277983	643355
0.086213	-319805	-388289	537568
0.086158	320630	626810	-490185
0.086615	-355050	912687	362904
0.021562	390909	-586874	484810
0.056784	-152578	430758	439250
0.090956	-373791	278183	397628
0.012206	-88899.8	-253612	-326000
0.088884	254010	532408	249287
0.093187	-230380	114190	51001.8
0.023030	-362472	-329082	488068
0.008099	22673.2	-386319	132387
0.049326	70181.2	913594	243281
0.086670	-853461	-552317	241165
0.048943	50126.5	-622819	362801
0.042492	328587	702234	-343297
0.051409	-789898	403416	-642384
0.012474	659127	275843	-520927
0.014259	330147	133417	578434
0.089936	67134.2	95360.6	-170588
0.062690	563661	156419	283966
0.027793	-89516.5	504996	337647
0.090284	-387063	-552812	783420
0.005575	396546	-616438	-451017
0.047586	-132873	573463	209700
0.074657	-402907	-18386.1	-103083
0.034468	-539271	-1.32511e+06	-635585
0.041411	860478	458444	-122535
0.053812	195049	959247	-754757
0.092387	291637	-155194	-179259
0.081135	183791	-255955	577253
0.006895	-521325	445981	-293312
0.028249	-161455	-216439	-621367
0.039040	1.61715e+06	83724.2	-228410
0.089139	-90472.4	86809.4	-370409
0.043234	-487161	722268	-237769
0.024431	-455358	-266357	-406260
0.062089	610971	-453895	229708
0.049763	-859996	57444.1	144802
0.093192	-425831	399368	186333
0.097107	309135	289725	362220
0.085145	-64433.8	-306917	494958
0.072893	696806	-225039	-495806
0.077061	603876	39761.8	132363
0.093302	-931190	-837233	175742
0.006461	315377	609738	-299874
0.034285	-130466	-166747	-500347
0.000881	-286573	310863	440974
0.085547	450023	-435538	-174323
0.052766	-1.09195e+06	535636	248158
0.037679	502331	-982294	-232890
0.023225	-399145	-169397	-240418
0.055076	434659	444745	-292978
0.029579	-190807	-915692	-392653
0.007139	469584	-193412	60795
0.008442	-408391	-71380.6	-362575
0.007779	-204462	143790	719270
0.042052	-132650	1.05665e+06	-369400
0.012747	-156555	-427052	-24311.9
0.045751	320935	894195	-106818
0.092648	-247431	937058	-410776
0.036160	-222257	-938637	-460769
0.012398	-266517	-336039	-42643.1
0.058716	-751293	-282633	-196141
0.090326	-87284.6	-496675	-254997
0.035665	-272343	-929170	-429376
0.003938	638672	324045	-411621
0.014294	550874	472706	-447679
0.007428	-88794.3	496142	-511421
0.076708	644368	328343	56014
0.047580	-850952	343205	336837
0.069359	379314	-334111	191657
0.072657	-276254	-704972	283601
0.059557	-145451	444977	423103
0.065708	-649149	311133	644608
0.090418	-48151.8	-758946	-450268
0.068582	641082	-849793	21858.8
0.090464	618090	587522	-154218
0.048702	158301	718277	314476
0.015045	-314190	-858445	426376
0.007532	141247	-8956.06	487832
0.074096	-205348	303636	166856
0.031589	-52155.1	-190526	-297865
0.070241	114495	-805344	783521
0.067670	-636114	171843	139973
0.054876	-437241	538964	-95995.4
0.073858	-113525	-48729.5	-167424
0.052154	-569028	784023	-100970
0.051102	100550	-499185	599496
0.051721	201558	-211460	191308
0.097001	-246205	687373	120490
0.040067	883187	230243	-233534
0.012328	-709620	-819499	206082
0.024834	-112727	-313335	-53373.9
0.070865	261781	580039	-30402.4
0.087009	-162214	-721487	140808
0.100436	49046.5	-554511	15411.2
0.021726	1514.76	-416234	-557610
0.078880	173685	251942	180803
0.060369	235940	-110972	-94244.5
0.041442	1.01903e+06	664113	-271276
0.052962	-686297	-326569	171719
0.051662	-428444	-371584	365844
0.066979	-101650	-33608.5	-455598
0.077298	24105.3	562595	323198
0.030719	320838	-253718	-547593
0.009103	-304365	38459.6	-176632
0.085816	-695908	-347363	324658
0.039980	732724	362581	-354491
0.080389	420890	76182.3	139132
0.017844	-562677	447055	-738008
0.011476	339554	998913	159592
0.094343	136624	-133174	664389
0.090141	42222.4	-345487	-583315
0.103205	-367677	-421889	-290772
0.088642	-142636	-714654	-833771
0.003458	-1.13739e+06	441622	-368471
0.056147	-645745	357108	-238024
0.000063	-331210	388343	316104
0.053181	-828958	-324521	293354
0.089598	374507	162665	-835923
0.007126	-464413	63786.6	-146343
0.101767	382735	301653	-462936
0.096096	731101	672066	598257
0.058147	-224292	70431.4	-264512
0.044871	180154	432886	212923
0.035245	-79033.5	-624424	276891
0.075336	-174869	567799	748027
0.001021	425284	38217.9	-401930
0.038759	1.00876e+06	-560918	37611.4
0.095360	-295729	682642	-150760
0.056549	-315767	-218191	-17940
0.049294	-833192	255989	250265
0.052117	308482	-132538	732514
0.032076	645593	-353816	94135.1
0.098578	-600368	243667	158936
0.100961	109279	295359	-700200
0.052510	647242	-272215	-667009
0.102787	344506	239784	44785.6
0.047934	-774371	703454	770296
0.044649	506652	1.79736e+06	565715
0.021880	-314748	-207851	-193466
0.019346	696079	342136	-670736
0.086285	-92637.3	-106862	87874.9
0.074997	830100	365638	-221823
0.054669	255444	-10488.9	-170555
0.086109	-363934	209925	296771
0.052584	-68275.7	-319666	-410570
0.057593	-252681	-835695	470459
0.022115	-337327	-283729	39253.7
0.061349	-108901	-868906	514766
0.014515	151769	824106	-266351
0.005977	-91869.1	158515	581733
0.070888	597863	61869.6	162294
0.062687	124844	213684	-310805
0.022382	234768	433772	-363284
0.041654	1.35729e+06	743205	-405936
0.065261	225328	-427855	60401.4
0.057159	-221963	73211.9	-326250
0.013347	298839	437153	145264
0.017266	59279.5	-414265	-252228
0.000230	-51938.9	661561	129104
0.042866	413091	1.37174e+06	-420587
0.050709	-489330	130239	148704
0.016002	353505	25889.2	-556607
0.068916	114383	356852	-111491
0.001438	-87774.7	410718	-426189
0.012626	1983.57	329204	243799
0.098437	-181542	-696791	-121127
0.101051	39522.7	536885	40312.7
0.004059	466041	195296	874930
0.050207	-202814	209750	-935815
0.089389	-245704	562860	90527.8
0.024965	191553	-35468.8	-179428
0.086437	-308401	519582	83831.8
0.084417	-269169	673690	204351
0.065425	392780	266283	326608
0.103320	349240	-143697	-431632
0.039005	1.24434e+06	-626348	-308988
0.093135	-908491	422329	-491025
0.069920	186815	-453435	-515525
0.039120	1.58715e+06	-307208	-92308.5
0.065196	-15925.7	-511874	-221900
0.025898	-643382	-676271	733384
0.059367	-224728	190421	223883
0.102592	-618382	522845	993623
0.087833	-773684	101727	-120239
0.029815	543632	-571373	486856
0.070556	-326228	-387212	-87157.9
0.037736	183284	-1.86545e+06	670971
0.101700	226147	271936	-467322
0.008512	-289974	-624704	-187419
0.026536	302858	-230451	639427
0.084826	630855	-437931	859728
0.008859	-534085	-493124	121296
0.055287	374283	-103953	301250
0.082262	852934	-185926	-624818
0.075754	-215295	-572523	-737838
0.015088	-549978	799841	434826
0.045292	-556088	276850	-31539.2
0.035843	-101779	-180475	-441456
0.048979	-325901	45671.4	-560284
0.061200	-987573	-271030	406645
0.015073	-9217.23	388029	-18076.9
0.093911	-201893	855654	204441
0.065688	-594283	380187	-591938
0.016725	-386709	-768790	-141979
0.058771	108476	579358	195954
0.096250	131533	396423	-185779
0.080646	101602	1.00002e+06	-422950
0.071056	-205358	-282241	82511.2
0.048186	-261863	375009	-72321.3
0.027760	185944	566177	830488
0.059204	-427075	128301	284043
0.025872	-685872	564365	124852
0.033358	-831163	-716291	311349
0.094139	-453034	-220779	-141018
0.091692	-503672	-253054	62825.9
0.082004	408145	-379883	-250003
0.096890	618286	164372	1.08117e+06
0.018026	-253389	-177784	-495726
0.053990	-353215	746106	426064
0.064575	422918	-363956	-332927
0.094222	-189124	84080.6	-308025
0.068691	-41620	28308.8	-37984
0.039983	1.04005e+06	134214	-309990
0.076949	498722	618690	357433
0.084767	674167	-317127	134795
0.062219	394462	42420.1	78916.5
0.008706	-32970.3	27075.4	-95782.3
0.095399	503759	-642261	-75777.3
0.005013	258131	-52468.3	-547773
0.054604	28445	-196360	50585.7
0.012357	149727	-757225	54479.4
0.039456	1.07798e+06	397637	111863
0.083718	354062	-277320	-428984
0.025238	-139864	-642097	-28087.7
0.091887	484070	385877	345949
0.073966	299971	122952	203789
0.039956	1.24976e+06	284409	832861
0.025695	-806594	308024	-71591.8
0.025056	-411071	-342786	-1.13929e+06
0.079598	55041.8	-209949	183955
0.005213	-266930	-380412	51319.2
0.069982	-603046	625236	-972923
0.064899	89927.7	-294475	707997
0.077571	169013	204606	288179
0.100375	670969	847481	-796285
0.040006	240508	936765	273384
0.026858	-105368	458468	-78700.6
0.090119	709156	-99610.6	-723740
0.084224	774578	-451169	799641
0.047992	28953.1	1.02323e+06	267585
0.009376	157500	56786.3	-40622.4
0.057566	257054	-440471	-858428
0.019409	178354	-536514	13441.7
0.054437	290979	352713	-613893
0.035922	52135.2	-767683	-849842
0.031988	-860445	-240913	-608907
0.075787	-241716	-186581	573254
0.053298	353724	164825	-94452.6
0.082359	-403229	19021.7	528149
0.020599	-7673.16	-394751	-579389
0.069813	24292.8	616760	-386810
0.005700	116165	86485.8	270765
0.083088	-474111	68883.2	160165
0.070274	-462343	-5608.94	35236.6
0.097604	-314746	53026.3	-323760
0.009613	-263618	-242543	138600
0.093744	68383	30007.6	-293801
0.053147	-756622	-490372	370395
0.063227	-572822	-229280	-430742
0.033109	289063	-161100	397727
0.007343	5585.05	41404	-692383
0.087977	411987	-841533	-71493.5
0.014403	231933	700577	-567573
0.038162	1.0988e+06	-868927	-192711
0.064669	-43435.9	57508.2	249790
0.103233	-686738	-452021	-25789.2
0.053685	-308328	231782	136556
0.102337	-824255	-34170.6	-194380
0.023300	-635299	-369056	-151859
0.041497	1.39842e+06	376123	304544
0.072505	306738	-20103.8	411997
0.006540	-448252	492391	-154991
0.077933	118470	-604376	554186
0.043517	242942	109178	-2710.1
0.083393	280334	-778609	-599979
